"tract","Name","Household_Income_Stayed_in_Commuting_Zone_rP_gP_pall"
6081611400,"West Atherton, Atherton, CA",98930
36061000900,"Lower Manhattan, New York, NY",97485
36059518204,"Woodbury, NY",95903
51760050600,"Near West End, Richmond, VA",95748
48201430300,"Hunter Creek Village, Houston, TX",93437
36059406400,"Garden City, NY",92716
36059302101,"Roslyn, NY",91376
36059302501,"Roslyn Heights, NY",90337
36059411500,"Hewlett, NY",89945
36059519702,"Plainview, NY",88913
36059517705,"Glen Head, NY",88453
36059415202,"Merrick, NY",88349
36059406501,"Garden City, NY",88167
36119008401,"Harrison, NY",88116
6001443103,"Fremont, CA",87601
36059301700,"Manhasset, NY",87499
36059412600,"Rockville Centre, NY",87260
36059521200,"Massapequa, NY",87195
6037265100,"Westwood, Los Angeles, CA",86958
36061012800,"Lenox Hill, New York, NY",86782
36061013000,"Lenox Hill, New York, NY",86402
36059518201,"Oyster Bay, NY",86202
6059062900,"Newport Beach, CA",86035
36059412700,"Rockville Centre, NY",85955
36059415102,"Merrick, NY",85866
36119009800,"Scarsdale, NY",85603
25025010701,"Back Bay West, Boston, MA",85371
36059518600,"Jericho, NY",85113
24031704300,"Kensington, MD",84947
36119010000,"Scarsdale, NY",84686
48201430400,"Memorial, Houston, TX",84600
36059300900,"Manhasset, NY",84515
36059519704,"Plainview, NY",84304
48201430600,"The Villages, Houston, TX",84298
48201411200,"River Oaks, Houston, TX",84094
36119012304,"Armonk, NY",84078
48113019501,"Park Cities, Dallas, TX",83815
17097864601,"Lake Forest, IL",83782
48201412400,"Southwest Houston, Houston, TX",83756
36059519602,"Plainview, NY",83577
38105953400,"Tioga, ND",83570
25021403300,"Needham, MA",83274
51059480100,"Great Falls, VA",83246
36059415201,"Merrick, NY",83203
17031805502,"Park Ridge, IL",83155
36059406600,"Mott Section, Garden City, NY",83150
36059412500,"Rockville Centre, NY",82907
36119008500,"Rye, NY",82891
36061015001,"Upper East Side, New York, NY",82648
36059301600,"Manhasset, NY",82642
17097865600,"Braeside, Highland Park, IL",82448
36047004400,"Kings County, NY",82447
36059303301,"Williston Park, NY",82334
25023501202,"Hingham, MA",82266
48113019700,"Park Cities, Dallas, TX",82039
36059415402,"Bellmore, NY",81993
36059300500,"Great Neck, NY",81981
36059301500,"Plandome, NY",81980
36059517701,"Glen Head, NY",81847
48201450700,"Westside, Houston, TX",81747
42029302803,"West Chester, PA",81651
51059491000,"Centreville, VA",81475
36047061200,"Kings County, NY",81263
48113019301,"Park Cities, Dallas, TX",81203
6081613000,"Sharon Heights, Menlo Park, CA",81184
17031802200,"Glenview, IL",81105
36103134903,"Smithtown, NY",81051
36059300100,"Kings Point, NY",81008
17043845300,"Hinsdale, IL",80889
17097864903,"Deerfield, IL",80698
36103158322,"Mount Sinai, NY",80644
51059491405,"Clifton, VA",80629
6037262301,"Los Angeles, CA",80593
36059518501,"Jericho, NY",80580
36059405800,"Garden City, NY",80567
34013020400,"Livingston, NJ",80452
13121009501,"Buckhead, Atlanta, GA",80438
48201540901,"Hearthstone, Houston, TX",80383
36059303400,"East Williston, NY",80345
36059518800,"Syosset, NY",80344
9001035200,"New Canaan, CT",80300
9001045101,"Wilton, CT",80140
34013020901,"Essex Fells, NJ",80085
51059480402,"Great Falls, VA",80065
24031701205,"Rockville, MD",80031
36103110101,"Lloyd Harbor, NY",79929
25017338400,"Winchester, MA",79924
51059470100,"McLean, VA",79881
36059411902,"Lynbrook, NY",79866
51059460200,"Vienna, VA",79720
25021404201,"Wellesley, MA",79688
36059302800,"North New Hyde Park, NY",79678
27053023903,"Edina, MN",79590
36081091601,"Queens County, NY",79587
34013021602,"North Caldwell, NJ",79553
36061015002,"Upper East Side, New York, NY",79508
36119005002,"Eastchester, NY",79508
36059517801,"Locust Valley, NY",79341
9001030100,"Darien, CT",79289
36119008302,"Rye Brook, NY",79287
36059519601,"Plainview, NY",79243
48201411400,"River Oaks, Houston, TX",79223
37119002800,"Eastover, Charlotte, NC",79171
17097864602,"Lake Forest, IL",79168
36059302502,"Old Westbury, NY",79097
34027044200,"Morristown, NJ",79082
25021406102,"Medfield, Medfield, MA",79074
36081097300,"Queens County, NY",79072
51059491101,"Centreville, VA",78987
24031706013,"Bethesda, MD",78973
51059492100,"Fairfax Station, VA",78970
36103112211,"Dix Hills, NY",78881
17097865802,"Highland Park, IL",78876
36059302300,"Albertson, NY",78872
51059480201,"McLean, VA",78832
9001060600,"Southport, Fairfield, CT",78805
36103112212,"Dix Hills, NY",78802
36119012303,"Armonk, NY",78783
25017334300,"Reading, MA",78772
36059519801,"Plainview, NY",78698
37119002905,"Myers Park, Charlotte, NC",78688
51059481701,"Oakton, VA",78685
25021412200,"Westwood, MA",78682
51510202001,"Old Town, Alexandria, VA",78654
34039037900,"Summit, NJ",78652
24031701220,"Rockville, MD",78612
34003061100,"Wyckoff, NJ",78597
51059481600,"Oakton, VA",78581
36059404600,"Floral Park, NY",78556
51059492203,"Fairfax Station, VA",78542
17031808600,"Glenview, IL",78532
25017357100,"Belmont, MA",78527
36059519703,"Plainview, NY",78521
36119004700,"Bronxville, NY",78501
48113020600,"Northwest Dallas, Dallas, TX",78499
6001442000,"Kimber - Gomes, Fremont, CA",78481
36061016001,"Upper East Side, New York, NY",78455
36059415500,"North Wantagh, Seaford, NY",78401
51059491403,"Clifton, VA",78364
36059411302,"Woodmere Park, Woodmere, NY",78309
51059481500,"Reston, VA",78179
17031819802,"Western Springs, IL",78165
39061021201,"Cincinnati, OH",78096
36081092800,"Queens County, NY",78091
36059300600,"Great Neck Plaza, NY",78087
13121010206,"Atlanta, GA",78086
27123040601,"North Oaks, MN",78058
36119010701,"Scarsdale, NY",78046
36047062000,"Kings County, NY",77983
36059301900,"Manhasset, NY",77962
6073006200,"Midway District, San Diego, CA",77937
25021404301,"Wellesley, MA",77906
36119002103,"Crestwood, Yonkers, NY",77881
8005005636,"Greenwood Village, CO",77841
24005403802,"Pikesville, MD",77785
9001010102,"Greenwich, CT",77769
24031705300,"Chevy Chase, MD",77746
51059481105,"Herndon, VA",77668
26125152700,"Birmingham, MI",77658
51059492202,"Fairfax Station, VA",77618
13121009802,"Buckhead, Atlanta, GA",77597
38105953600,"Epping, ND",77573
17031824120,"Orland Park, IL",77560
36059302400,"Albertson, NY",77552
34003027000,"Ho-Ho-Kus, NJ",77542
17197880118,"Naperville, IL",77521
34003061400,"Wyckoff, NJ",77504
17031800400,"Winnetka, IL",77407
48201250900,"Kingwood, Houston, TX",77325
36119009702,"White Plains, NY",77297
36103112102,"Dix Hills, NY",77275
17043845200,"Hinsdale, IL",77269
36119009900,"Scarsdale, NY",77243
36059517500,"Glen Head, NY",77241
17197880305,"Naperville, IL",77234
25009254401,"Andover, MA",77233
36081099701,"Queens County, NY",77224
36059405600,"Franklin Square, NY",77212
48085031649,"Old Shepard Place, Plano, TX",77195
24031706007,"Potomac, MD",77193
17031071300,"Lincoln Park, Chicago, IL",77170
34035053707,"Somerset County, NJ",77119
42091201006,"North Wales, PA",77116
51059482504,"Herndon, VA",77099
34035050801,"Bridgewater, NJ",77069
36047045800,"Kings County, NY",77058
34035052601,"Far Hills, NJ",77050
36059406300,"Garden City, NY",77029
51107611025,"Brambleton, VA",77010
36047065400,"Kings County, NY",77003
51087200108,"Henrico, VA",76999
51059482400,"Vienna, VA",76981
17031819700,"La Grange, IL",76978
36119009600,"Highlands, White Plains, NY",76968
8005006704,"Englewood, CO",76941
38089964000,"Belfield, ND",76933
6081605600,"Country Club Manor, Hillsborough, CA",76923
13121009801,"Buckhead, Atlanta, GA",76916
36119007600,"Rye, NY",76898
36061014200,"Upper East Side, New York, NY",76871
51059480501,"Herndon, VA",76863
17031800200,"Glencoe, IL",76848
34029714400,"Mantoloking, NJ",76824
17031802100,"Glenview, IL",76781
36119005200,"Bronxville, NY",76732
25021457200,"Needham, MA",76701
17097865502,"Highland Park, IL",76629
24005403803,"Pikesville, MD",76622
36059518203,"Woodbury, NY",76611
34039036302,"Clark, NJ",76608
36047075800,"Kings County, NY",76604
36081103300,"Queens County, NY",76595
36081066900,"Queens County, NY",76532
31055007441,"West Omaha, Omaha, NE",76515
34027046400,"Mendham, NJ",76497
36047016800,"Kings County, NY",76490
24031704700,"Bethesda, MD",76465
34037373100,"Sparta Township, NJ",76461
42091200103,"Montgomery County, PA",76404
48113007301,"Bluffview, Dallas, TX",76353
17097865700,"Highland Park, IL",76338
36047066000,"Kings County, NY",76338
36119008602,"Purchase, Harrison, NY",76321
51059430101,"Fairfax, VA",76320
42029301900,"Chester Springs, PA",76314
53033024200,"Medina, WA",76304
36059519802,"Plainview, NY",76282
36061010601,"Midtown, New York, NY",76269
47037018500,"Belle Meade Links, Nashville, TN",76264
34027042500,"Florham Park, NJ",76246
34027045804,"Mendham, NJ",76246
34003059200,"Westwood, NJ",76244
36103135103,"Commack, NY",76229
51510200202,"Seminary Hill, Alexandria, VA",76226
36059521400,"Massapequa, NY",76217
25021403100,"Needham, MA",76202
36059303500,"Mineola, NY",76189
51059460501,"Tysons, VA",76185
25017367200,"Weston, MA",76177
17043844001,"Elmhurst, IL",76157
36103112204,"Melville, NY",76139
17031804611,"Schaumburg, IL",76133
36059409500,"Levittown, NY",76094
36059302700,"North New Hyde Park, NY",76086
6037670406,"Rolling Hills Estates, CA",76085
36119013102,"Chappaqua, NY",76068
17097864802,"Deerfield, IL",76060
51059492000,"Fairfax, VA",76048
36059520100,"Old Bethpage, NY",76035
34031246103,"Wayne, NJ",76001
51059482602,"Fairfax, VA",75976
36103111900,"Huntington, NY",75966
17031801605,"Northbrook, IL",75965
6085511705,"Palo Alto, CA",75935
48339691000,"Spring, TX",75921
36059413804,"Baldwin, NY",75915
34027040702,"Butler, NJ",75892
9001045300,"Wilton, CT",75888
6081605700,"Hillsborough Park, Hillsborough, CA",75875
51760050300,"Near West End, Richmond, VA",75807
6085507401,"Golden Triangle, Saratoga, CA",75775
17097863500,"Lake Forest, IL",75772
38015011104,"Bismarck, ND",75766
9001050100,"Westport, CT",75760
36059415401,"Bellmore, NY",75752
34023001417,"Edison, NJ",75749
48121021626,"Kings Gate, Plano, TX",75747
6037262302,"Brentwood, Los Angeles, CA",75744
17197883516,"Frankfort, IL",75730
36059302000,"Roslyn, NY",75704
36059518300,"Syosset, NY",75675
34025808701,"Wall Township, NJ",75673
6013355114,"Danville, CA",75656
17097864512,"Long Grove, IL",75652
17043845901,"Burr Ridge, IL",75648
34013020500,"Livingston, NJ",75636
25017363103,"Acton, MA",75633
25025120105,"Jamaica Hills / Pond, Boston, MA",75627
17031820101,"Indian Head Park, IL",75600
25021401200,"Chestnut Hill, Brookline, MA",75600
36119007700,"Rye, NY",75592
34039036200,"Clark, NJ",75574
36119006801,"Scarsdale, NY",75560
34009020201,"Ocean City, NJ",75555
17031804102,"Palatine, IL",75538
36119009703,"White Plains, NY",75534
36059303101,"New Hyde Park, NY",75524
34003061300,"Wyckoff, NJ",75509
17097864519,"Buffalo Grove, IL",75495
42017105012,"Southampton, PA",75493
6037261200,"Beverly Glen, Los Angeles, CA",75482
42091201408,"Dresher, PA",75459
17097864411,"Deer Park, IL",75456
51059480503,"Herndon, VA",75448
36005029301,"Bronx County, NY",75407
36059521802,"Massapequa Park, NY",75395
1097003502,"Country Club, Mobile, AL",75372
34013016200,"Upper Montclair, Montclair, NJ",75368
36047056400,"Kings County, NY",75351
6081605200,"Easton Addition, Burlingame, CA",75302
34003024200,"Harrington Park, NJ",75288
13121010002,"Buckhead, Atlanta, GA",75247
36119010600,"Ardsley, NY",75245
36005030900,"Bronx County, NY",75228
17031800800,"Northfield, IL",75224
51059460100,"Vienna, VA",75218
24005490701,"Towson, MD",75205
48113013101,"North Dallas, Dallas, TX",75195
17043842711,"Wheaton, IL",75189
6013352101,"Rheem Valley Manor, Moraga, CA",75182
17197881007,"Homer Glen, IL",75167
34003001000,"Allendale, NJ",75164
48201340400,"Clear Lake, Houston, TX",75147
34023008204,"Clearbrook Park, Monroe Township, NJ",75119
36119007500,"Rye, NY",75117
6013345113,"Danville, CA",75117
36081066501,"Queens County, NY",75099
36047056800,"Kings County, NY",75084
24031701210,"Potomac, MD",75043
6085503332,"Evergreen, San Jose, CA",75042
17097863603,"Libertyville, IL",75027
6001426100,"Piedmont, CA",75021
6001450745,"Pleasanton, CA",75020
6081612800,"Menlo Park, CA",75003
27053023902,"Minneapolis, MN",75001
25009254402,"Andover, MA",74971
36059416801,"Long Beach, NY",74969
36059303102,"New Hyde Park, NY",74966
13135050322,"Norcross, GA",74937
36119006700,"New Rochelle, NY",74917
34003035200,"Woodcliff Lake, NJ",74906
17031803008,"Arlington Heights, IL",74883
6037670500,"Rolling Hills, CA",74881
36103110801,"Northport, NY",74872
17197880119,"Naperville, IL",74872
24005408303,"Reisterstown, MD",74870
36103110401,"Huntington, NY",74859
36119014903,"Westchester County, NY",74839
25009253204,"North Andover, MA",74836
17043846205,"Naperville, IL",74824
25027741102,"Southborough, MA",74819
34013020000,"Essex County, NJ",74816
17031802900,"Arlington Heights, IL",74791
24031700615,"North Potomac, MD",74788
20091053301,"Hallbrook Farms, Leawood, KS",74788
36103158010,"Setauket- East Setauket, NY",74768
38053962300,"Watford City, ND",74764
51107611012,"Ashburn, VA",74754
36059518400,"Syosset, NY",74731
25009254302,"Andover, MA",74715
39041011430,"Powell, OH",74715
42091204800,"Gladwyne, PA",74708
6013346102,"Alamo, CA",74707
17097863801,"Libertyville, IL",74693
25023501201,"Hingham, MA",74686
24031701308,"Olney, MD",74648
13089021213,"Dunwoody, GA",74633
20091053421,"Forest Glen, Overland Park, KS",74609
27019090503,"Excelsior, MN",74600
36081092200,"Queens County, NY",74599
36059410100,"Malverne, NY",74578
17031824122,"Tinley Park, IL",74576
17097864904,"Deerfield, IL",74573
38089963900,"Dickinson, ND",74562
36059413400,"Oceanside, NY",74556
51107611206,"Sterling, VA",74555
47037018601,"Nashville, TN",74546
51059470800,"McLean, VA",74541
34003048200,"River Edge, NJ",74539
36103110501,"Centerport, NY",74536
6081605800,"Central San Mateo, San Mateo, CA",74525
6037139801,"Tarzana, Los Angeles, CA",74521
17043844502,"Oak Brook, IL",74512
36103123600,"Amityville, NY",74453
27053026509,"Minneapolis, MN",74436
34031246201,"Wayne, NJ",74421
8005005629,"Centennial, CO",74420
25021405100,"Dover, MA",74417
17197880304,"Naperville, IL",74398
17043842602,"Wheaton, IL",74352
17089852003,"St. Charles, IL",74348
36103135209,"Hauppauge, NY",74344
24031704100,"Kensington, MD",74335
48157674400,"Maranatha Farms, Sugar Land, TX",74301
27019090502,"Chanhassen, MN",74280
34021004304,"West Windsor Township, NJ",74270
51107611804,"Chantilly, VA",74259
36103110102,"Cold Spring Harbor, NY",74255
17031819900,"Western Springs, IL",74243
36119001401,"Lincoln Park, Yonkers, NY",74239
17097864515,"Buffalo Grove, IL",74231
34023006607,"East Brunswick, NJ",74229
17031823605,"Palos Heights, IL",74221
25017374800,"Auburndale, Newton, MA",74183
34003044100,"Ramsey, NJ",74159
25017367100,"Weston, MA",74140
48201553801,"Spring Creek Oaks, Spring, TX",74135
36059302102,"Roslyn Heights, NY",74129
17043846106,"Naperville, IL",74116
34003022100,"Glen Rock, NJ",74109
24031706008,"Potomac, MD",74107
36059408000,"East Meadow, NY",74101
36047003800,"Kings County, NY",74099
36081099703,"Queens County, NY",74079
36059404400,"Floral Park, NY",74075
17043846207,"Naperville, IL",74070
34025806503,"Monmouth County, NJ",74044
1073010804,"Birmingham, AL",74039
36103112210,"Dix Hills, NY",74029
17031824107,"Orland Park, IL",74022
6037139802,"Tarzana, Los Angeles, CA",74018
17043841314,"Bartlett, IL",74014
36061014802,"Upper East Side, New York, NY",73994
42029300107,"Malvern, PA",73986
42029303000,"West Chester, PA",73917
36059415802,"Wantagh, NY",73913
36103112214,"Huntington Station, NY",73898
25021414100,"Sharon, Sharon, MA",73894
17031801400,"Glenview, IL",73892
25023503102,"Hanover, MA",73883
34023001415,"Edison, NJ",73877
51059470500,"McLean, VA",73876
36059301200,"Port Washington, NY",73876
34027045501,"Succasunna, Roxbury Township, NJ",73874
6081613300,"Woodside, CA",73868
36059412100,"East Rockaway, NY",73859
51059491502,"Chantilly, VA",73858
17031750300,"South Side, Chicago, IL",73853
6001442100,"Kimber - Gomes, Fremont, CA",73843
17031800700,"Wilmette, IL",73843
36119012101,"Pleasantville, NY",73842
17097865000,"Lake Forest, IL",73839
36059521302,"Massapequa, NY",73829
25021404400,"Wellesley, MA",73815
34003040002,"Oradell, NJ",73789
36119005500,"Pelham, Pelham Manor, NY",73738
36081129102,"Queens County, NY",73733
36059303000,"New Hyde Park, NY",73721
34003061200,"Wyckoff, NJ",73709
24031701002,"Rockville, MD",73707
17031820000,"Hinsdale, IL",73697
8059009848,"Evergreen, CO",73682
17031823903,"Palos Park, IL",73654
24027602303,"Ellicott City, MD",73644
11001000801,"Northwest Washington, Washington, DC",73621
36081148300,"Queens County, NY",73617
48113019800,"Park Cities, Dallas, TX",73612
47187050305,"Brentwood, TN",73608
34013020902,"Roseland, NJ",73599
51059461201,"Oakton, VA",73599
17097864517,"Buffalo Grove, IL",73560
51059432500,"Springfield, VA",73538
17043844002,"Elmhurst, IL",73529
36061008603,"Midtown, New York, NY",73520
17031804808,"Schaumburg, IL",73514
17097864410,"Lake Zurich, IL",73510
51013100400,"Arlington, VA",73498
42029303100,"West Chester, PA",73494
48201430800,"Westside, Houston, TX",73487
6013345111,"San Ramon, CA",73465
27053026021,"Eden Prairie, MN",73464
51059440300,"Annandale, VA",73457
6081611500,"Lindenwood, Atherton, CA",73450
34023001412,"Edison, NJ",73447
51059471000,"Falls Church, VA",73430
48201420900,"Southwest Houston, Bellaire, TX",73408
36059413002,"Oceanside, NY",73407
36059302900,"North New Hyde Park, NY",73399
36059517600,"Glen Head, NY",73390
34003024100,"Old Tappan, NJ",73359
34035052901,"Far Hills, NJ",73335
25021402300,"Dedham, MA",73332
34013020700,"Livingston, NJ",73324
17043846208,"Naperville, IL",73315
6075030500,"Midtown Terrace, San Francisco, CA",73314
26125190800,"Rochester, MI",73305
36087012700,"Pearl River, NY",73303
36103147503,"Great River, NY",73289
6081609400,"San Carlos, CA",73282
31055007460,"Omaha, NE",73266
36103135301,"Smithtown, NY",73261
17043844601,"Oak Brook, IL",73253
17031804606,"Elk Grove Village, IL",73248
25017373900,"Oak Hill, Newton, MA",73245
36059407900,"East Meadow, NY",73241
51059470300,"McLean, VA",73237
42045409701,"Villanova, PA",73230
36047070201,"Kings County, NY",73229
6081608023,"Foster City, CA",73226
24031706005,"Rockville, MD",73224
48201431700,"Southwest Houston, Houston, TX",73223
36059415700,"Wantagh, NY",73211
36103134704,"Kings Park, NY",73199
17043845802,"Darien, IL",73197
6037574602,"Bixby Hill, Long Beach, CA",73189
8014031300,"Broomfield, CO",73188
25017357400,"Belmont, MA",73187
36059415600,"Wantagh, NY",73186
6013355113,"Danville, CA",73172
36059521902,"Massapequa, NY",73150
9003497400,"West Hartford, CT",73142
34023006604,"East Brunswick, NJ",73138
36059301102,"Port Washington, NY",73133
34035053706,"Somerset County, NJ",73133
37183051501,"North Hills, Raleigh, NC",73122
34003047300,"Ridgewood, NJ",73121
34035054202,"Skillman, Montgomery, NJ",73119
34003034000,"Midland Park, NJ",73117
38013953300,"Bowbells, ND",73114
17097863400,"Lake Forest, IL",73103
36087011603,"Suffern, NY",73100
17027900601,"Germantown, IL",73099
36059520002,"Bethpage, NY",73093
6075013300,"Presidio Heights, San Francisco, CA",73087
34031246203,"Wayne, NJ",73079
36059304001,"Westbury, NY",73076
36119013201,"Briarcliff Manor, NY",73053
25021416101,"Milton, MA",73038
34031246002,"Wayne, NJ",73036
36087010802,"New City, NY",73028
36059411700,"Hewlett, NY",73028
24031700607,"North Potomac, MD",73023
48201412300,"Southwest Houston, Houston, TX",73013
25017374300,"Waban, Newton, MA",73012
48201551800,"Jersey Village, TX",73011
27019090402,"Victoria, MN",73010
9001090600,"Trumbull, CT",73009
48453001751,"Northwest Hills Northwest Oaks, Austin, TX",72995
51107610400,"Leesburg, VA",72990
36119006802,"New Rochelle, NY",72985
34003020200,"Franklin Lakes, NJ",72979
6001443105,"Cameron Hills, Fremont, CA",72975
36059303302,"Williston Park, NY",72971
36059414600,"North Merrick, NY",72963
51059490101,"Centreville, VA",72950
36119007100,"Larchmont, NY",72943
34039038201,"Berkeley Heights, NJ",72941
42017105508,"Newtown, PA",72941
20091053423,"Brookhighland, Overland Park, KS",72938
34039036400,"Westfield, NJ",72933
34003022200,"Glen Rock, NJ",72927
34003053200,"Upper Saddle River, NJ",72918
9001030400,"Darien, CT",72887
36119004600,"Bronxville, NY",72883
36103147804,"Sayville, NY",72882
34035052204,"Warren, NJ",72880
42101023100,"Chestnut Hill, Philadelphia, PA",72875
6081608013,"Foster City, CA",72873
17031804201,"Barrington, IL",72867
51059415700,"Alexandria, VA",72851
36119011800,"Briarcliff Manor, NY",72850
24031705702,"Bethesda, MD",72840
29189217701,"St. Louis, MO",72829
34039037000,"Cranford, NJ",72827
13121009900,"Buckhead, Atlanta, GA",72822
17097864516,"Buffalo Grove, IL",72812
34003042400,"Paramus, NJ",72804
17031801608,"Northbrook, IL",72793
36081157901,"Queens County, NY",72788
36059519500,"Hicksville, Hicksville, NY",72788
36103112206,"Melville, NY",72786
36059411400,"Woodmere, NY",72772
17031824113,"Orland Park, IL",72767
34027041902,"East Hanover, NJ",72763
51059432300,"Burke, VA",72757
25017374000,"Oak Hill, Newton, MA",72752
36005027401,"Bronx County, NY",72740
36081114100,"Queens County, NY",72735
36103111300,"Huntington, NY",72732
25017360200,"Lincoln, MA",72723
34035054100,"Basking Ridge, Bernards, NJ",72723
36119014806,"Yorktown Heights, NY",72705
36059407600,"Westbury, NY",72701
31055006704,"Central Omaha, Omaha, NE",72687
48201454502,"Energy Corridor, Katy, TX",72686
12021011001,"City of Marco, Marco Island, FL",72680
34003032102,"Mahwah, NJ",72667
25017337201,"Stoneham, MA",72643
42029304406,"Downingtown, PA",72624
27053023700,"Countryside, Minneapolis, MN",72621
39035156101,"Independence, OH",72610
25017366202,"Cochituate, Wayland, MA",72605
17031805106,"Arlington Heights, IL",72598
6085507302,"Saratoga, CA",72591
51013100300,"Old Glebe, Arlington, VA",72577
34013020800,"Livingston, NJ",72567
48157674200,"Sweetwater, Sugar Land, TX",72562
25009214100,"Topsfield, Topsfield, MA",72560
36087012600,"Pearl River, NY",72553
36087012800,"Pearl River, NY",72551
34023001410,"Edison, NJ",72549
36087011101,"Valley Cottage, NY",72548
34031124312,"Clifton, NJ",72543
9003460203,"Farmington, CT",72537
36085012200,"Richmond County, NY",72528
27123040707,"Shoreview, MN",72523
51059490502,"Fairfax, VA",72519
36081101700,"Queens County, NY",72517
6085502601,"Central San Jose, San Jose, CA",72515
17043846202,"Lisle, IL",72510
34005702908,"Mount Laurel, NJ",72496
22093040300,"Paulina, LA",72482
8005005622,"Columbine Valley, CO",72478
29189221626,"Wildwood, MO",72478
25023504102,"Norwell, MA",72474
48113013500,"Northwest Dallas, Dallas, TX",72460
36061014801,"Upper East Side, New York, NY",72456
24031701303,"Rockville, MD",72448
36059407801,"Westbury, NY",72445
6081606500,"Baywood - Aragon, San Mateo, CA",72440
34003056200,"Waldwick, NJ",72435
20091053414,"Lionsgate, Overland Park, KS",72434
24031706011,"Rockville, MD",72431
36059416000,"Seaford, NY",72423
8059012034,"Morrison, CO",72413
17097863904,"Vernon Hills, IL",72405
17097860809,"Antioch, IL",72405
36119008404,"Harrison, NY",72398
34039037601,"Springfield Township, NJ",72398
25021414200,"Sharon, MA",72388
51059432401,"Burke, VA",72383
11001001402,"Northwest Washington, Washington, DC",72380
42045401000,"Drexel Hill, Upper Darby, PA",72379
36119014805,"Yorktown Heights, NY",72378
6081609602,"San Carlos, CA",72377
48201541601,"Houston, TX",72350
25023507104,"Duxbury, MA",72342
25023507103,"South Duxbury, Duxbury, MA",72332
17197881011,"Homer Glen, IL",72320
6013354002,"Orinda, CA",72319
34023008206,"Rossmoor, Monroe Township, NJ",72318
24031706009,"Potomac, MD",72316
36119013104,"Chappaqua, NY",72307
36047063600,"Kings County, NY",72305
17043844401,"Downers Grove, IL",72302
17031801607,"Glenview, IL",72288
17043846304,"Naperville, IL",72284
17031801902,"Glenview, IL",72284
42029303901,"West Chester, PA",72283
34027043303,"Morristown, NJ",72270
1073010802,"Birmingham, AL",72269
36119014901,"Katonah, NY",72266
26125151000,"Bloomfield Village, Bloomfield Hills, MI",72260
6001450701,"Pleasanton, CA",72251
17031803400,"Arlington Heights, IL",72243
36103134902,"Smithtown, NY",72233
48201340301,"Clear Lake, Houston, TX",72231
6013345108,"San Ramon, CA",72231
34013020600,"Livingston, NJ",72222
36085018100,"Richmond County, NY",72220
48113007812,"Lake Highlands, Dallas, TX",72215
27019090401,"Chaska, MN",72210
34003040001,"Oradell, NJ",72167
38105953900,"Williston, ND",72160
9001020400,"North Stamford, Stamford, CT",72155
36119012102,"Thornwood, NY",72145
48113019502,"Park Cities, Dallas, TX",72144
36103147100,"Bay Shore, NY",72142
25017366201,"Wayland, MA",72140
34021004306,"Princeton Junction, West Windsor Township, NJ",72128
6013345114,"Danville, CA",72125
48085030504,"Frisco, TX",72123
6041110200,"San Rafael, CA",72112
51059470600,"McLean, VA",72109
6013390200,"El Cerrito, CA",72108
25009254301,"Andover, MA",72101
36081099705,"Queens County, NY",72100
36081112900,"Queens County, NY",72093
34027045704,"Randolph, NJ",72091
36059404300,"Bellerose Terrace, Floral Park, NY",72084
17031803017,"Arlington Heights, IL",72080
6085511701,"Los Altos Hills, CA",72070
20091053010,"Nottingham By The Green, Overland Park, KS",72069
25021413100,"Norwood, MA",72059
17043846524,"Naperville, IL",72059
51059461100,"Vienna, VA",72040
48085031648,"Willow Bend, Plano, TX",72027
53033024602,"Mercer Island, WA",71999
17043846405,"Naperville, IL",71999
6013346204,"Danville, CA",71993
17031720500,"South Side, Chicago, IL",71988
36061008601,"Midtown, New York, NY",71987
38057961600,"Hazen, ND",71979
27003050821,"Blaine, MN",71978
42091201201,"Gwynedd Valley, PA",71972
6081604600,"Millbrae, CA",71970
27053023502,"Edina, MN",71967
34027040803,"Pine Brook, Montville, NJ",71959
36059520800,"North Massapequa, NY",71952
36103111803,"East Northport, NY",71930
9001060500,"Southport, Fairfield, CT",71927
17031801701,"Techny, Northbrook, IL",71922
42091201404,"Fort Washington, PA",71918
51059431900,"Burke, VA",71908
9001020700,"Newfield - Westover - Turn of River, Stamford, CT",71904
48157671700,"Sugar Creek, Sugar Land, TX",71901
36103135003,"Saint James, NY",71894
24031700604,"Gaithersburg, MD",71876
36059519900,"Bethpage, NY",71866
53061050600,"Woodway, WA",71857
17031800600,"Kenilworth, IL",71853
17197881005,"Lockport, IL",71832
36085019700,"Richmond County, NY",71830
26099226100,"Shelby charter Township, MI",71821
36103111402,"Huntington Station, NY",71820
24003730601,"Millersville, MD",71820
6081606700,"Beresford Park, San Mateo, CA",71820
34025809701,"Marlboro Township, NJ",71796
17097864403,"Kildeer, IL",71790
34003044201,"Ramsey, NJ",71778
42017105009,"Southampton, PA",71768
42091201203,"Spring House, PA",71753
17097866200,"Mettawa, IL",71750
27053025905,"West Bloomington, Minneapolis, MN",71743
36047041402,"Kings County, NY",71736
48113013618,"Far North Dallas, Dallas, TX",71735
17031800100,"Glencoe, IL",71730
6081606900,"San Mateo, CA",71726
34037373300,"Sparta Township, NJ",71705
34005704008,"Evesham Township, NJ",71699
17043842601,"Wheaton, IL",71695
36059521801,"Massapequa, NY",71691
36119002201,"Northeast Yonkers, Yonkers, NY",71690
36059404700,"New Hyde Park, NY",71689
13121010204,"Sandy Springs, GA",71664
6037670324,"Palos Verdes Estates, CA",71653
6013352102,"Moraga, CA",71650
17031823904,"Palos Heights, IL",71645
26163550600,"Grosse Pointe Farms, MI",71621
36059415101,"Merrick, NY",71592
20091053302,"Leawood South, Leawood, KS",71592
20091053009,"White Fox Estates, Overland Park, KS",71587
42029300202,"Berwyn, PA",71582
36119012502,"South Salem, NY",71579
36087013001,"Orangeburg, NY",71576
24031701306,"Olney, MD",71570
36103169703,"Baiting Hollow, NY",71562
25017374400,"West Newton, Newton, MA",71560
6037108202,"Northridge, Los Angeles, CA",71554
48491020315,"Cedar Park, TX",71553
27053026610,"Plymouth, MN",71547
36119012200,"Pleasantville, NY",71546
6081609900,"Mount Carmel, Redwood City, CA",71530
51059492201,"Fairfax Station, VA",71522
17031802607,"Prospect Heights, IL",71517
13121011624,"Johns Creek, GA",71517
13089020100,"Morningside-Lenox Park, Atlanta, GA",71501
10005051203,"Bethany Beach, DE",71495
27163071006,"Woodbury, MN",71479
17089854800,"Geneva, IL",71469
25017383902,"Framingham, MA",71469
36103145803,"Hauppauge, NY",71465
34013013400,"Nutley, NJ",71460
34003043001,"Park Ridge, NJ",71456
17031800500,"Winnetka, IL",71455
11001000901,"Northwest Washington, Washington, DC",71451
17031803010,"Buffalo Grove, IL",71449
36059522700,"Seaford, NY",71448
9003462102,"Avon, CT",71442
48329010108,"Saddle Club South, Midland, TX",71442
25021406101,"Medfield, Medfield, MA",71430
8005006705,"Englewood, CO",71420
36059410600,"Valley Stream, NY",71412
36103111802,"East Northport, NY",71408
36119014809,"Yorktown Heights, NY",71407
42045407805,"Springfield, PA",71402
36119014909,"Westchester County, NY",71395
24031700606,"North Potomac, MD",71382
48003950100,"Andrews, TX",71376
29095008500,"South Kansas City, Kansas City, MO",71373
34035052400,"Basking Ridge, Bernards, NJ",71365
6081605000,"Mills Estates, Burlingame, CA",71365
36103134904,"Smithtown, NY",71364
42091200104,"Montgomery County, PA",71360
51059480300,"McLean, VA",71352
25025110601,"Brook Farm, Boston, MA",71348
19153011026,"West Des Moines, IA",71342
51107611209,"Sterling, VA",71335
36081150702,"Queens County, NY",71310
27053026014,"Eden Prairie, MN",71308
34003058100,"Township of Washington, NJ",71300
36081142900,"Queens County, NY",71294
6013352201,"Corliss, Moraga, CA",71292
9001020200,"North Stamford, Stamford, CT",71280
20091053422,"St. Andrews Place, Overland Park, KS",71269
42091201409,"Maple Glen, PA",71261
34027041500,"Denville, NJ",71259
17031740200,"Mount Greenwood, Chicago, IL",71256
39041011412,"Dublin, OH",71255
36119013103,"Millwood, NY",71251
36081098700,"Queens County, NY",71243
17097864700,"Highland Park, IL",71237
25017338500,"Winchester, MA",71232
34039037100,"Cranford, NJ",71228
36059416900,"Lido Beach, NY",71227
24005408502,"Lutherville, Lutherville-Timonium, MD",71227
34031246202,"Wayne, NJ",71222
48439110808,"Markum Ranch, Fort Worth, TX",71222
17097864402,"Hawthorn Woods, IL",71220
17031804106,"Palatine, IL",71217
42029302804,"West Chester, PA",71212
40143007637,"Southern Woods Estate, Tulsa, OK",71205
25009209200,"Lynnfield, MA",71203
17031823801,"Palos Park, IL",71201
36059411800,"Lynbrook, NY",71192
51013101601,"North Highland, Arlington, VA",71184
17031081202,"Gold Coast, Chicago, IL",71179
25027739500,"Shrewsbury, MA",71168
36081105900,"Queens County, NY",71167
6001404200,"Upper Rockridge, Oakland, CA",71160
36059303800,"Carle Place, NY",71153
6001443301,"Warm Springs, Fremont, CA",71152
17031802801,"Arlington Heights, IL",71150
25017373500,"Newton Corner, Newton, MA",71141
36081111300,"Queens County, NY",71140
26163556400,"Livonia, MI",71131
36059408400,"Merrick, NY",71130
8035014109,"Northridge, Littleton, CO",71129
9001010202,"Cos Cob, Greenwich, CT",71123
17031804105,"Winston Knolls, Hoffman Estates, IL",71102
36119006900,"Larchmont, NY",71101
36103110200,"Huntington, NY",71101
25023506202,"Marshfield, MA",71059
25021412100,"Westwood, MA",71047
36103147803,"Sayville, NY",71029
42091200305,"Hatboro, PA",71029
34027044404,"White Meadow Lake, Rockaway, NJ",71023
36059408100,"East Meadow, NY",71019
6111007406,"Oak Park, CA",71012
36047064400,"Kings County, NY",71010
6041118100,"San Anselmo, CA",71007
34023002102,"Metuchen, NJ",71005
25017338300,"Winchester, MA",70976
17043845100,"Clarendon Hills, IL",70970
17031801601,"Northbrook, IL",70963
48201451601,"George Bush Park/Eldridge, Houston, TX",70960
17097864518,"Buffalo Grove, IL",70959
25021416400,"Milton, MA",70958
13121011425,"Johns Creek, GA",70957
17197883216,"Shorewood, IL",70946
36119013202,"Briarcliff Manor, NY",70945
34027045701,"Randolph, NJ",70943
25017382100,"Natick, MA",70940
9001020300,"North Stamford, Stamford, CT",70932
36059405700,"Franklin Square, NY",70929
8005006712,"Greenwood Village, CO",70924
34027043900,"Chatham Township, NJ",70920
42091201406,"Dresher, PA",70919
6085507002,"Los Gatos, CA",70913
36005044902,"Bronx County, NY",70913
51059432402,"Springfield, VA",70912
36103147802,"Sayville, NY",70909
17031802702,"Mount Prospect, IL",70904
49043964401,"Park City, UT",70901
6013346203,"Danville, CA",70897
6001451102,"Livermore, CA",70892
36059406001,"West Hempstead, NY",70886
27037060742,"Burnsville, MN",70880
48121021800,"Frisco, TX",70878
17031803005,"Arlington Heights, IL",70870
36103112103,"Commack, NY",70862
36103146704,"West Islip, NY",70861
34039032902,"Union, NJ",70860
17031824117,"Tinley Park, IL",70834
25017332100,"Burlington, MA",70830
6059062642,"Corona Del Mar, Newport Beach, CA",70827
21067004006,"Hartland Homeowners, Lexington, KY",70826
25017337102,"Stoneham, MA",70822
48157673003,"Katy, TX",70820
9001035400,"New Canaan, CT",70814
6081604700,"Millbrae, CA",70806
24031705901,"Bethesda, MD",70756
51107611208,"Sterling, VA",70742
34005704014,"Evesham Township, NJ",70738
6085510002,"South Los Altos, Los Altos, CA",70733
6001450752,"Dublin, CA",70732
34023001001,"South Plainfield, NJ",70729
48121021720,"Flower Mound, TX",70727
24005408302,"Lutherville-Timonium, MD",70719
36103135303,"Smithtown, NY",70715
34013021300,"Cedar Grove, NJ",70712
48201454700,"Nottingham Country, Katy, TX",70711
34013013800,"Nutley, NJ",70710
36085027900,"Richmond County, NY",70709
6085509901,"Blossom Valley, Mountain View, CA",70698
36059303700,"Mineola, NY",70683
17031824114,"Orland Park, IL",70683
34039038101,"New Providence, NJ",70683
34003042302,"Paramus, NJ",70682
34027041803,"Parsippany, Parsippany-Troy Hills, NJ",70679
17197881002,"Lockport, IL",70676
25017365202,"Sudbury, MA",70673
34035052603,"Basking Ridge, Bernards, NJ",70668
25025130300,"West Roxbury, Boston, MA",70663
48113007605,"Northwest Dallas, Dallas, TX",70659
17097864901,"Deerfield, IL",70648
37183053603,"Cary, NC",70647
17031822802,"Oak Lawn, IL",70647
25027742401,"Westborough, MA",70643
53033025003,"Cougar Mountain, Bellevue, WA",70630
36085005900,"Richmond County, NY",70619
34027045502,"Ledgewood, Roxbury Township, NJ",70611
24005404900,"Owings Mills, MD",70599
36061014000,"Upper East Side, New York, NY",70593
51059482503,"Chantilly Highlands, Herndon, VA",70591
48201411100,"River Oaks, Houston, TX",70587
6001443200,"Vineyards - Avalon, Fremont, CA",70576
36085020804,"Richmond County, NY",70576
34027041901,"East Hanover, NJ",70576
36059415300,"Bellmore, NY",70575
26125191300,"Rochester, MI",70574
26125137700,"Northville, MI",70570
27053027201,"Orono, MN",70569
49011126402,"Bountiful, UT",70567
6075033100,"Lakeshore, San Francisco, CA",70559
9001245100,"Ridgefield, CT",70557
25017334100,"Reading, MA",70554
27053026613,"Plymouth, MN",70554
34013020100,"Essex County, NJ",70551
48439113909,"Southlake, TX",70530
27037060813,"Lakeville, MN",70524
34003047100,"Ridgewood, NJ",70510
36059411301,"Valley Stream, NY",70507
9003497200,"West Hartford, CT",70507
34003047200,"Ridgewood, NJ",70498
36059301000,"Sands Point, NY",70477
6059021824,"Yorba Linda, CA",70465
31055007405,"West Omaha, Omaha, NE",70450
34027040801,"Montville, NJ",70425
25009254403,"Andover, MA",70417
24031705200,"Chevy Chase, MD",70410
36119010100,"Scarsdale, NY",70406
34013021803,"West Caldwell, NJ",70405
31055007513,"Elkhorn, Omaha, NE",70399
9001010201,"Greenwich, CT",70387
32007951600,"Carlin, NV",70383
25017361100,"Concord, MA",70364
34023001409,"Edison, NJ",70341
17031800300,"Winnetka, IL",70330
36085013800,"Richmond County, NY",70322
36059405302,"Franklin Square, NY",70316
6013346101,"Walnut Creek, CA",70313
6081613400,"Woodside, CA",70303
34027043100,"Madison, NJ",70295
36081063700,"Queens County, NY",70294
25017317202,"Chelmsford, MA",70293
17089854504,"Sugar Grove, IL",70291
27053026018,"Eden Prairie, MN",70286
17031803007,"Arlington Heights, IL",70285
48201450200,"Memorial, Houston, TX",70282
36103134703,"Northport, NY",70282
42017104901,"Jamison, PA",70267
36085013201,"Richmond County, NY",70263
36059408200,"East Meadow, NY",70261
27019090702,"Chanhassen, MN",70260
13121009102,"Buckhead, Atlanta, GA",70257
51059481106,"Herndon, VA",70254
34027045703,"Mount Freedom, Randolph, NJ",70254
42017105013,"Richboro, PA",70247
42129802103,"Murrysville, PA",70243
34007606200,"Haddonfield, NJ",70238
51059460400,"Tysons, VA",70227
24021752101,"Ijamsville, MD",70225
36119010702,"Scarsdale, NY",70223
51041100924,"Midlothian, VA",70219
17097864522,"Riverwoods, IL",70216
25021441202,"Wrentham, MA",70214
34027043402,"Morristown, NJ",70209
24031700101,"Gaithersburg, MD",70205
17043842708,"Glen Ellyn, IL",70204
36059518100,"East Norwich, NY",70202
31055007452,"Lake Shore, Omaha, NE",70199
36059521500,"Massapequa Park, NY",70198
34027041604,"Morris Plains, NJ",70192
34023006606,"East Brunswick, NJ",70182
27037060603,"Mendota Heights, MN",70173
6013355116,"San Ramon, CA",70166
42101000803,"Center City, Philadelphia, PA",70158
48157673901,"New Territory, Sugar Land, TX",70151
31055007443,"West Omaha, Omaha, NE",70149
36081103900,"Queens County, NY",70149
36059409700,"North Wantagh, Wantagh, NY",70148
51059471304,"Falls Church, VA",70135
34013016000,"Glen Ridge, NJ",70132
27163071010,"Woodbury, MN",70130
36103158001,"Setauket- East Setauket, NY",70127
11001001401,"Northwest Washington, Washington, DC",70126
48201431600,"Westside, Houston, TX",70122
42017105400,"Newtown, PA",70119
1073010801,"Birmingham, AL",70110
36059413300,"Oceanside, NY",70102
6037577501,"Naples, Long Beach, CA",70092
53033024903,"Somerset, Bellevue, WA",70088
34035053805,"Somerset County, NJ",70085
36005045102,"Bronx County, NY",70078
34003038300,"North Arlington, NJ",70076
25009253203,"North Andover, MA",70071
17031120100,"Forest Glen, Chicago, IL",70066
51107610503,"Leesburg, VA",70058
36081059900,"Queens County, NY",70055
6001426200,"Piedmont, CA",70053
51059480504,"Reston, VA",70050
19153011203,"Clive, IA",70037
17031824006,"Lemont, IL",70037
34027040805,"Towaco, Montville, NJ",70031
36103135201,"Commack, NY",70031
34027041602,"Morris Plains, NJ",70009
34003017400,"Fair Lawn, NJ",70009
6085511909,"South San Jose, San Jose, CA",70003
34027044101,"Millington, Long Hill, NJ",70000
48201454501,"Energy Corridor, Houston, TX",69998
26125157900,"West Bloomfield Township, MI",69993
6081613200,"Central Portola Valley, Portola Valley, CA",69991
38089963400,"Dickinson, ND",69991
48439113908,"Southlake, TX",69988
25021442201,"Franklin, MA",69983
51013100500,"Donaldson Run, Arlington, VA",69966
36047070600,"Kings County, NY",69961
48201430100,"Memorial, Houston, TX",69949
36059521601,"Massapequa Park, NY",69946
51059432600,"Springfield, VA",69943
48201431402,"Westside, Houston, TX",69936
36103110600,"Northport, NY",69927
17031824105,"Orland Park, IL",69925
51153901411,"Gainesville, VA",69914
26099215200,"Washington, MI",69906
6085511910,"South San Jose, San Jose, CA",69904
17031805600,"Park Ridge, IL",69903
29189221629,"Chesterfield, MO",69903
42045407901,"Media, PA",69901
34039036700,"Westfield, NJ",69896
9001045102,"Wilton, CT",69896
36103111704,"East Northport, NY",69895
6013347000,"Lafayette, CA",69891
25017361300,"Concord, MA",69891
51013101100,"East Falls Church, Arlington, VA",69890
31153010626,"Omaha, NE",69887
34025801300,"Red Bank, NJ",69887
51059431300,"Springfield, VA",69878
34003033100,"Maywood, NJ",69866
34035053803,"Somerset County, NJ",69856
12071040118,"The Club at Grandezza, Estero, FL",69849
27163071018,"Woodbury, MN",69849
6059042333,"Laguna Hills, CA",69828
34003035100,"Montvale, NJ",69827
38011965200,"Bowman, ND",69826
51059482303,"Reston, VA",69823
42045408400,"Haverford, PA",69819
13067030337,"Marietta, GA",69814
38059020500,"New Salem, ND",69808
45019002104,"Kiawah Island, SC",69806
6085507500,"Saratoga, CA",69797
36119002000,"Northeast Yonkers, Yonkers, NY",69796
36059412302,"Rockville Centre, NY",69790
34023001902,"Edison, NJ",69781
36047063800,"Kings County, NY",69777
42091201005,"Lansdale, PA",69771
27037060823,"Apple Valley, MN",69771
36119013700,"Ossining, NY",69770
20091053419,"Nottingham Forest South, Overland Park, KS",69764
48201542500,"Williamsburg Settlement, Katy, TX",69761
53033032214,"Sammamish, WA",69759
36119014908,"Yorktown Heights, NY",69756
53033022902,"Viewpoint, Redmond, WA",69755
36103146902,"West Islip, NY",69751
24031700826,"Gaithersburg, MD",69747
38089963300,"Richardton, ND",69744
25021415300,"Canton, MA",69743
51059431400,"West Springfield, VA",69741
34025812400,"Deal, NJ",69738
17089852102,"St. Charles, IL",69734
51107611805,"Chantilly, VA",69734
34003049002,"River Vale, NJ",69729
17031801800,"Northfield, IL",69728
25025010802,"Back Bay West, Boston, MA",69721
36059521602,"Massapequa Park, NY",69720
36081109900,"Queens County, NY",69714
34027041601,"Morris Plains, NJ",69712
17031824106,"Orland Park, IL",69712
17043841326,"West Chicago, IL",69708
6037139702,"Encino, Los Angeles, CA",69703
36081049500,"Queens County, NY",69697
8035014122,"Castle Pines Village, Castle Pines, CO",69682
48113019210,"Richardson, TX",69671
42003474201,"Pittsburgh, PA",69667
29189221624,"Ballwin, MO",69665
51107611019,"Ashburn, VA",69665
25023503101,"Hanover, MA",69658
6037700600,"Beverly Hills, CA",69656
36081089200,"Queens County, NY",69645
34003017300,"Fair Lawn, NJ",69644
27053026714,"Osseo, MN",69640
24031700828,"Gaithersburg, MD",69640
29189221201,"St. Louis, MO",69618
6041123000,"Belvedere Tiburon, Belvedere, CA",69611
6075030600,"Forest Hill Extension, San Francisco, CA",69609
13121010108,"Atlanta, GA",69605
36047075200,"Kings County, NY",69597
48157673001,"Cinco Ranch North Lake Village, Katy, TX",69596
34007606400,"Haddonfield, NJ",69593
48113007824,"Lake Highlands, Dallas, TX",69592
17089852807,"Batavia, IL",69591
25021413300,"Norwood, MA",69585
36119014811,"Yorktown Heights, NY",69581
12086007503,"Riviera, Coral Gables, FL",69579
36119009701,"White Plains, NY",69570
36059517901,"Bayville, NY",69564
6013351200,"Lafayette, CA",69563
34013021400,"Cedar Grove, NJ",69558
17043841209,"Carol Stream, IL",69555
34003049001,"River Vale, NJ",69553
6013350000,"Lafayette, CA",69550
27053026606,"Plymouth, MN",69550
34027040300,"Pompton Plains, Pequannock Township, NJ",69540
26125168400,"Northville, MI",69530
48201413201,"Braeswood Place, Houston, TX",69518
4013040525,"Sun City Grand, Surprise, AZ",69516
27037060825,"Apple Valley, MN",69508
27003050230,"Lino Lakes, MN",69507
36081157903,"Bellerose Manor, Floral Park, NY",69506
17097864407,"Lake Zurich, IL",69504
6037460800,"North Arroyo, Pasadena, CA",69488
4013216843,"North Scottsdale, Scottsdale, AZ",69482
37119003007,"Montibello, Charlotte, NC",69477
36059300400,"Great Neck, NY",69446
42091204009,"Plymouth Meeting, PA",69443
17031805109,"Arlington Heights, IL",69439
36059413200,"Oceanside, NY",69438
42029304405,"Downingtown, PA",69426
36059408600,"Levittown, NY",69423
48201450100,"Westside, Houston, TX",69423
51059480401,"Great Falls, VA",69419
26163550900,"Grosse Pointe Shores, MI",69413
20091050800,"Mission Hills, KS",69408
36119005001,"Scarsdale, NY",69408
36119014808,"Yorktown Heights, NY",69398
36119011102,"Ardsley, NY",69386
34035053602,"Branchburg, NJ",69385
48201420800,"Southwest Houston, Houston, TX",69378
48085030518,"Villages of Stonelake, Frisco, TX",69377
48201554101,"Memorial Northwest, Spring, TX",69375
36059521301,"Massapequa, NY",69353
36081136700,"Queens County, NY",69353
17043845507,"Darien, IL",69351
6013345112,"San Ramon, CA",69350
36081094500,"Queens County, NY",69345
17097863601,"Libertyville, IL",69342
17031805702,"Park Ridge, IL",69341
6001443102,"Weibel, Fremont, CA",69340
17043841111,"Bloomingdale, IL",69335
24005408304,"Cockeysville, MD",69333
27003050819,"The Lakes, Blaine, MN",69332
36059518502,"Jericho, NY",69328
36047000301,"Kings County, NY",69328
22071005604,"Lakeview, New Orleans, LA",69319
26125192500,"Hawthorn Hills, Rochester Hills, MI",69316
17197880308,"Plainfield, IL",69309
51059430201,"Fairfax, VA",69299
36081065703,"Queens County, NY",69299
6085507702,"Cupertino, CA",69296
34035053905,"Belle Mead, Montgomery, NJ",69283
9001020500,"Newfield - Westover - Turn of River, Stamford, CT",69277
17031803100,"Arlington Heights, IL",69275
42091203208,"Blue Bell, PA",69259
6081609000,"Belmont, CA",69246
17097864513,"Vernon Hills, IL",69243
34003055100,"Tenafly, NJ",69236
38061955200,"Stanley, ND",69231
17197883515,"Butternut Creek Woods, Frankfort, IL",69229
36059410900,"Valley Stream, NY",69223
34025808702,"Manasquan, NJ",69217
36059410200,"Malverne, NY",69215
36059416300,"Atlantic Beach, NY",69212
26125196700,"Troy, MI",69204
6075030900,"Ingleside Terraces, San Francisco, CA",69202
27019090602,"Chanhassen, MN",69201
34039036500,"Westfield, NJ",69200
6037670326,"Palos Verdes Estates, CA",69196
55133203405,"Merton Terraces, Hartland, WI",69193
12071050307,"Bonita Springs, FL",69193
17043846521,"Naperville, IL",69191
34025809600,"Morganville, Manalapan Township, NJ",69180
42091206906,"Lansdale, PA",69175
31055007429,"Harvey Oaks, Omaha, NE",69163
25017365100,"Sudbury, MA",69158
27037061107,"Hastings, MN",69157
36047017200,"Kings County, NY",69152
6081611300,"Redwood City, CA",69151
31055007446,"West Omaha, Omaha, NE",69148
36059405301,"Franklin Square, NY",69146
36059411600,"Lawrence, NY",69138
6059063005,"Newport Beach, CA",69131
6085507701,"Cupertino, CA",69127
36119002405,"Dunwoodie, Yonkers, NY",69125
36081066100,"Queens County, NY",69108
24031705701,"Bethesda, MD",69108
53033032213,"Sammamish, WA",69107
17043840202,"Addison, IL",69106
36059414700,"Merrick, NY",69100
34039036900,"Garwood, NJ",69095
25009216100,"Wenham, MA",69094
36081145900,"Queens County, NY",69089
25009203100,"Marblehead, MA",69086
25017369000,"North Waltham, Waltham, MA",69056
12011042400,"East Fort Lauderdale, Fort Lauderdale, FL",69054
39107967900,"Saint Henry, OH",69050
51510200404,"Landmark, Alexandria, VA",69045
27019090701,"Chanhassen, MN",69041
51059452000,"Annandale, VA",69034
25021408101,"Medway, MA",69031
36119011300,"Irvington, NY",69026
17031720600,"South Side, Chicago, IL",69023
42045409904,"Newtown Square, PA",69022
24009860101,"Dunkirk, MD",69021
25021419700,"Braintree, MA",69019
51059480502,"Herndon, VA",69004
13067030336,"Marietta, GA",69004
36081064101,"Queens County, NY",68998
25021403400,"Needham, MA",68995
34025803800,"Rumson, NJ",68988
24003751700,"Crownsville, MD",68968
34005702907,"Mount Laurel, NJ",68952
17043846513,"Naperville, IL",68949
13121010107,"Sandy Springs, GA",68948
24031700608,"Rockville, MD",68943
6037670416,"Rancho Palos Verdes, CA",68942
17097865300,"Highland Park, IL",68941
25017317103,"Chelmsford, MA",68938
20091053410,"Ironhorse, Leawood, KS",68938
51510200900,"North Ridge, Alexandria, VA",68936
6041102100,"Novato, CA",68933
6085511913,"Almaden, San Jose, CA",68925
36103111401,"Huntington Station, NY",68923
36059520900,"Massapequa, NY",68921
6085507301,"Saratoga, CA",68912
34027044000,"Chatham Township, NJ",68905
24005408602,"Lutherville-Timonium, MD",68897
34007603506,"Greentree, Cherry Hill, NJ",68879
34027042100,"Whippany, Hanover, NJ",68870
24031705601,"Bethesda, MD",68860
6075012602,"Marina District, San Francisco, CA",68857
36059300300,"Great Neck, NY",68851
36059303201,"Garden City Park, NY",68851
51107611016,"Ashburn, VA",68846
17031819600,"La Grange, IL",68841
36081157101,"Bellerose Manor, Bellerose, NY",68840
9003497700,"West Hartford, CT",68839
13067031212,"Atlanta, GA",68836
6013345204,"Alamo, CA",68830
17043846523,"Naperville, IL",68828
36103111804,"Commack, NY",68828
55133200801,"Brookfield, WI",68825
36059521000,"North Massapequa, NY",68816
36059303202,"Garden City Park, NY",68813
34027042800,"Chatham, NJ",68806
26125152600,"Birmingham, MI",68806
36047074400,"Kings County, NY",68802
34023008700,"Cranbury, Cranbury Township, NJ",68795
17043842500,"Wheaton, IL",68784
13121010115,"Sandy Springs, GA",68781
5007021306,"Rogers, AR",68778
34039036301,"Clark, NJ",68778
34021004203,"Princeton, NJ",68776
24027602305,"Ellicott City, MD",68775
36085015601,"Richmond County, NY",68769
34003054300,"Teaneck, NJ",68768
37119002701,"Myers Park, Charlotte, NC",68766
17197883522,"Mokena, IL",68758
34039038102,"New Providence, NJ",68746
51107610701,"Purcellville, VA",68745
34031246101,"Wayne, NJ",68745
55079035100,"Fox Point, WI",68742
36047020400,"Kings County, NY",68728
6085511914,"Almaden, San Jose, CA",68724
17197883519,"Mokena, IL",68719
25023501101,"Hingham, MA",68706
27053026015,"Eden Prairie, MN",68694
36059518700,"Syosset, NY",68692
24005403801,"Baltimore County, MD",68685
36085015602,"Richmond County, NY",68684
34003002300,"Norwood, NJ",68683
39049006236,"The Woods of Dublin, Dublin, OH",68679
17031804104,"Hoffman Estates, IL",68670
6037108104,"Northridge, Los Angeles, CA",68667
25017318400,"Westford, MA",68667
38065961200,"Center, ND",68663
36085017008,"Richmond County, NY",68660
17197881108,"Joliet, IL",68657
4013216809,"Central Scottsdale, Scottsdale, AZ",68657
34035053704,"Somerset County, NJ",68655
36119007000,"Larchmont, NY",68655
36059412000,"Lynbrook, NY",68654
27053105500,"Calhoun Isles, Minneapolis, MN",68652
6041119202,"Greenbrae, Larkspur, CA",68638
34027042200,"Cedar Knolls, Hanover, NJ",68625
51059482601,"Fairfax, VA",68617
17031801606,"Northbrook, IL",68604
51059460900,"Vienna, VA",68596
38057961700,"Beulah, ND",68588
17043846203,"Naperville, IL",68584
51510200403,"Landmark, Alexandria, VA",68582
47037017901,"Green Hills, Nashville, TN",68579
51510200702,"Eisenhower East, Alexandria, VA",68579
9001060900,"Fairfield, CT",68573
24005410100,"Phoenix, MD",68568
17097864412,"Deer Park, IL",68566
51059415900,"Alexandria, VA",68552
25017387100,"Holliston, MA",68542
55089660304,"Mequon, WI",68540
42017105509,"Yardley, PA",68538
25017370202,"Watertown, MA",68535
17031803605,"Palatine, IL",68534
17031803500,"Arlington Heights, IL",68528
48329000304,"Trinity Estates, Midland, TX",68524
34007606100,"Haddonfield, NJ",68519
48201412500,"Southwest Houston, Houston, TX",68518
36103135102,"Commack, NY",68513
36103158323,"Miller Place, NY",68497
36119012600,"Katonah, NY",68496
17031804809,"Schaumburg, IL",68494
34019011304,"Flemington, NJ",68480
17043844100,"Elmhurst, IL",68476
27037060606,"Mendota Heights, MN",68473
48085031645,"Glenhollow Estates, Plano, TX",68473
9001055200,"Weston, CT",68471
25021402500,"Dedham, MA",68463
22071009000,"Garden District, New Orleans, LA",68449
36059408300,"East Meadow, NY",68448
6081609603,"San Carlos, CA",68446
6075030400,"Forest Hill, San Francisco, CA",68444
48113007801,"North Dallas, Dallas, TX",68439
27003050236,"Lino Lakes, MN",68432
36081140902,"Queens County, NY",68431
19049050812,"West Des Moines, IA",68430
9001060300,"Fairfield, CT",68429
17031822601,"Oak Lawn, IL",68429
39061024400,"Cincinnati, OH",68415
36059520001,"Bethpage, NY",68415
53033024100,"Clyde Hill, WA",68414
6059032044,"Coto de Caza, CA",68410
42101001001,"Center City, Philadelphia, PA",68409
48113013300,"North Dallas, Dallas, TX",68409
34027045902,"Chester, NJ",68408
56005000500,"Gillette, WY",68387
34037374400,"Lake Mohawk, Byram Township, NJ",68383
25021416300,"Milton, MA",68379
48201522500,"Northwest Houston, Houston, TX",68371
6001450101,"Dublin, CA",68368
34005702917,"Mount Laurel, NJ",68365
37183053722,"North Raleigh, Raleigh, NC",68364
27053026706,"Maple Grove, MN",68355
26163556500,"Livonia, MI",68353
27037061001,"Hastings, MN",68353
25021412300,"Westwood, MA",68353
34027040600,"Butler, NJ",68351
17031804607,"Elk Grove Village, IL",68342
6001441521,"Ardenwood, Fremont, CA",68341
25027720100,"Princeton, MA",68334
17043842800,"Elmhurst, IL",68333
51059432100,"Burke, VA",68332
17097864307,"Lake Barrington, IL",68328
24027605102,"Fulton, MD",68328
42029302902,"West Chester, PA",68328
25017336200,"Melrose, MA",68325
17197881105,"Mokena, IL",68325
36061014402,"Yorkville, New York, NY",68324
34023008602,"Princeton Meadows, NJ",68322
36103146800,"West Islip, NY",68321
36103158205,"Mount Sinai, NY",68310
17031824121,"Tinley Park, IL",68299
6075042700,"Central Richmond, San Francisco, CA",68287
17031801702,"Techny, Northbrook, IL",68282
51510201000,"North Ridge, Alexandria, VA",68280
40109106401,"Central Oklahoma City, Nichols Hills, OK",68276
25021402400,"Dedham, MA",68272
38105953500,"Williston, ND",68271
25021417300,"Marina Bay, Quincy, MA",68267
25017387202,"Holliston, MA",68263
34023001504,"Edison, NJ",68255
31055007515,"West Omaha, Omaha, NE",68254
17089852101,"St. Charles, IL",68249
17043841901,"Wheaton, IL",68247
20091053110,"Windham Park, Overland Park, KS",68235
36081141700,"Queens County, NY",68235
34003032201,"Mahwah, NJ",68232
36079011300,"Mahopac, NY",68230
17031805501,"Park Ridge, IL",68229
8059009838,"Meadows At Westwoods, Arvada, CO",68228
24005490302,"Towson, MD",68228
31055007451,"Armbrust Acres, Omaha, NE",68222
42091205502,"Wynnewood, PA",68222
6037265420,"Westwood, Los Angeles, CA",68220
24031700103,"Laytonsville, MD",68219
51059480203,"Tysons, VA",68216
31055007449,"West Omaha, Omaha, NE",68214
17031804202,"Inverness, IL",68212
34027046202,"Long Valley, Washington Township, NJ",68211
6059021825,"Yorba Linda, CA",68205
36119012400,"Pound Ridge, NY",68204
17089852402,"Campton Hills, IL",68201
17031804712,"Schaumburg, IL",68196
39061021102,"Mack South, Cincinnati, OH",68196
34003017100,"Fair Lawn, NJ",68195
6061020606,"Granite Bay, CA",68192
36081063301,"Queens County, NY",68192
53033006300,"Madison Park, Seattle, WA",68185
36005031000,"Bronx County, NY",68174
27019090301,"Waconia, MN",68167
36103147402,"Islip, NY",68163
26163561300,"Northville, MI",68155
21111010316,"Lake Forest, Louisville, KY",68153
34023000603,"Piscataway Township, NJ",68150
51153901415,"Bristow, VA",68143
34023006605,"East Brunswick, NJ",68141
24031701006,"Rockville, MD",68140
6081608002,"Foster City, CA",68130
53033004100,"Laurelhurst, Seattle, WA",68127
36119012000,"Hawthorne, NY",68127
8107000500,"Steamboat Springs, CO",68122
36059521100,"Massapequa, NY",68118
36081067100,"Queens County, NY",68118
34041031302,"Allamuchy-Panther Valley, Hackettstown, NJ",68116
24005403601,"Baltimore, MD",68109
36081093401,"Queens County, NY",68104
51107611023,"Ashburn, VA",68100
36059517802,"Locust Valley, NY",68094
36061013600,"Upper East Side, New York, NY",68087
9001045400,"Wilton, CT",68087
51059482001,"Reston, VA",68083
42017104201,"Doylestown, PA",68079
34027041300,"Denville, NJ",68077
24025303300,"Fallston, MD",68073
36047018600,"Kings County, NY",68070
47187050404,"Franklin, TN",68065
47187050303,"Brentwood, TN",68063
51107610703,"Hamilton, VA",68049
36061006100,"Lower Manhattan, New York, NY",68044
39049006392,"Perry Highlands, Worthington, OH",68043
36059521700,"Massapequa Park, NY",68043
17043845703,"Downers Grove, IL",68035
24005411101,"Kingsville, MD",68032
42029304501,"Spring City, PA",68029
24031700616,"North Potomac, MD",68028
34027041603,"Parsippany, Parsippany-Troy Hills, NJ",68027
17031803012,"Arlington Heights, IL",68022
53033024400,"Mercer Island, WA",68019
36081122300,"Queens County, NY",68018
22071011700,"Uptown/Carrollton, New Orleans, LA",68016
49035104400,"Sugar House, Salt Lake City, UT",68011
42045410000,"Delaware County, PA",68011
51059480202,"Tysons, VA",68009
27163070301,"Saint Paul, MN",68003
36103112104,"Dix Hills, NY",68003
6037261102,"Beverly Hills, CA",68001
36047061600,"Kings County, NY",68000
6001450606,"Pleasanton, CA",67999
36087011303,"Nanuet, NY",67989
42091210300,"Flourtown, PA",67985
36059405500,"Franklin Square, NY",67977
17043846313,"Naperville, IL",67969
48085030525,"McKinney, TX",67969
25009253205,"North Andover, MA",67961
34017005802,"Jersey City, NJ",67958
31055007516,"Millard, Omaha, NE",67953
36103135304,"Smithtown, NY",67951
27053023600,"Country Club, Minneapolis, MN",67938
25017330100,"North Reading, MA",67936
6081603802,"San Bruno, CA",67936
17031811900,"River Forest, IL",67934
48339691200,"Panther Creek, Spring, TX",67934
51059492500,"Clifton, VA",67934
36005011800,"Bronx County, NY",67933
36059517400,"Sea Cliff, NY",67926
53033024901,"Somerset, Bellevue, WA",67924
27053026715,"Maple Grove, MN",67921
25017339100,"Medford, MA",67919
6075013200,"Pacific Heights, San Francisco, CA",67903
51059470400,"McLean, VA",67899
24031701213,"Rockville, MD",67899
34017015001,"Guttenberg, NJ",67898
53033024601,"Mercer Island, WA",67892
20091052421,"Colony Woods, Lenexa, KS",67888
17031822602,"Oak Lawn, IL",67887
34039036800,"Westfield, NJ",67885
36081150701,"Queens County, NY",67882
42091204010,"Plymouth Meeting, PA",67880
24027602304,"Ellicott City, MD",67875
6081604500,"Millbrae, CA",67870
48085031664,"Deerfield, Plano, TX",67867
51059421200,"Alexandria, VA",67851
25017318300,"Westford, MA",67849
6081609601,"San Carlos, CA",67846
17089852806,"Batavia, IL",67843
48121021527,"The Trails, Frisco, TX",67841
6037141500,"Encino, Los Angeles, CA",67839
26125152000,"Bloomfield Hills, MI",67836
17031824503,"Midlothian, IL",67836
17043842000,"Glen Ellyn, IL",67831
34013014900,"Bloomfield, NJ",67831
36087010101,"Stony Point, NY",67825
27053026022,"Eden Prairie, MN",67818
27123040803,"Arden Hills, MN",67815
13117130608,"Duluth, GA",67813
36103135205,"Commack, NY",67808
42017105004,"Holland, PA",67793
48201554301,"Lakewood Forest, Houston, TX",67787
26125188000,"Huntington Woods, MI",67787
34035053904,"Belle Mead, Montgomery, NJ",67782
36059520502,"South Farmingdale, NY",67779
36103158203,"Setauket- East Setauket, NY",67777
17031824119,"Orland Park, IL",67776
25023505102,"Scituate, MA",67775
25017363202,"Acton, MA",67769
25027728100,"Holden, MA",67762
17031805110,"Arlington Heights, IL",67761
51153901504,"Gainesville, VA",67757
48201250800,"Kings River Village, Atascocita, TX",67749
34003053100,"Saddle River, NJ",67748
42017104304,"New Hope, PA",67744
36087010804,"New City, NY",67743
36103158011,"Setauket- East Setauket, NY",67739
48085031637,"Estates Of Forest Creek, Plano, TX",67738
48339690800,"Spring, TX",67736
6013352202,"Moraga, CA",67735
36081133900,"Queens County, NY",67733
17197883517,"Mokena, IL",67728
24025303602,"Bel Air, MD",67727
6073007100,"La Playa, San Diego, CA",67726
27053026508,"Minneapolis, MN",67719
34003051200,"Rutherford, NJ",67718
9001090100,"Trumbull, CT",67717
17031803603,"Inverness, IL",67711
36059416100,"Seaford, NY",67707
39049006321,"Reedbury, Columbus, OH",67704
12071030201,"Fort Myers, FL",67701
36081113300,"Queens County, NY",67699
51059420501,"Alexandria, VA",67699
6085508301,"Sunnyvale, CA",67696
9005298400,"Harwinton, CT",67693
29189217852,"Chesterfield, MO",67691
17097864305,"Lake Barrington, IL",67687
6001450742,"Pleasanton, CA",67686
36059519000,"Hicksville, Levittown, NY",67685
6085507903,"Joaquin Miller, San Jose, CA",67683
51107611202,"Sterling, VA",67683
26099225400,"Shelby charter Township, MI",67682
31153010627,"Omaha, NE",67672
17031801200,"Wilmette, IL",67669
48439105507,"Fort Worth, TX",67665
34003003401,"Bergenfield, NJ",67664
9001010800,"Cos Cob, Greenwich, CT",67660
27053026605,"Minneapolis, MN",67660
8005086400,"Centennial, CO",67645
42029302805,"West Chester, PA",67639
48469001503,"Victoria, TX",67637
36119005400,"Pelham, Village of Pelham, NY",67632
42017105208,"Newtown, PA",67627
24027603003,"West Friendship, MD",67617
25009203200,"Marblehead, MA",67612
13121011506,"Brookfield Country Club, Roswell, GA",67603
25021411302,"Walpole, MA",67602
34031246001,"Wayne, NJ",67596
34003058200,"Township of Washington, NJ",67591
20091052607,"Belmont Downs, Shawnee, KS",67587
34003010100,"Dumont, NJ",67576
51059460300,"Vienna, VA",67576
17031815702,"Riverside, IL",67573
17031740300,"South Side, Chicago, IL",67566
21067002304,"Lexington, KY",67566
17031801000,"Wilmette, IL",67566
25017361200,"West Concord, Concord, MA",67561
48121021752,"Flower Mound, TX",67557
8005005621,"Littleton, CO",67545
25017358600,"Lexington, MA",67542
9001045200,"Wilton, CT",67542
34035052300,"Watchung, NJ",67540
20091052306,"Hidden Woods, Shawnee, KS",67537
36119011902,"Valhalla, NY",67535
39049006340,"Concord Village, Columbus, OH",67534
17111870803,"Crystal Lake, IL",67533
27163070501,"Stillwater, MN",67529
6065045122,"Indian Wells, CA",67526
36087011200,"West Nyack, NY",67516
17097864105,"Mundelein, IL",67516
36119005300,"Pelham, Village of Pelham, NY",67515
17097863702,"Libertyville, IL",67514
36103147003,"Bay Shore, NY",67510
26125196800,"Troy, MI",67509
36059519400,"Hicksville, Hicksville, NY",67498
17043846206,"Naperville, IL",67496
34025809502,"Morganville, Marlboro Township, NJ",67489
36103112213,"Dix Hills, NY",67484
17031804609,"Schaumburg, IL",67484
42101035602,"Bustleton, Philadelphia, PA",67478
6059032034,"Mission Viejo, CA",67477
36047041000,"Kings County, NY",67476
24031700610,"Gaithersburg, MD",67473
6059063007,"Newport Beach, CA",67458
6081604900,"Millbrae, CA",67450
36087010801,"New City, NY",67441
36081067700,"Queens County, NY",67431
42045407802,"Springfield, PA",67423
27163070404,"Stillwater, MN",67423
6059062645,"Newport Coast, Newport Beach, CA",67420
42003412002,"Pittsburgh, PA",67415
27139080202,"Savage, MN",67409
53033032326,"Woodinville, WA",67406
22071005601,"Lakeview, New Orleans, LA",67406
8035014131,"Westridge, Littleton, CO",67405
9003462101,"Avon, CT",67405
13067030334,"Marietta, GA",67394
9003496400,"West Hartford, CT",67391
25021411301,"Walpole, MA",67384
56039967702,"Jackson, WY",67382
36061011800,"Lenox Hill, New York, NY",67380
34003025200,"Hasbrouck Heights, NJ",67372
42045407803,"Springfield, PA",67366
39049006391,"Worthington Hills, Columbus, OH",67366
26163556600,"Livonia, MI",67363
17031411200,"Hyde Park, Chicago, IL",67360
17031802003,"Glenview, IL",67360
34003039300,"Oakland, NJ",67354
36085017009,"Richmond County, NY",67351
17043841310,"West Chicago, IL",67350
6085507703,"Cupertino, CA",67347
17197881012,"Lockport, IL",67340
36059410700,"Valley Stream, NY",67338
22051022600,"Metairie, LA",67326
36081074900,"Queens County, NY",67325
34003047500,"Ridgewood, NJ",67320
34003031200,"Lyndhurst, NJ",67310
24031704502,"Bethesda, MD",67309
19153003100,"Westwood, Des Moines, IA",67307
51059440701,"Annandale, VA",67304
29189220445,"St. Louis, MO",67304
53033032318,"Sammamish, WA",67303
36081152902,"Queens County, NY",67302
34003060000,"Wood-Ridge, NJ",67302
17043842100,"Glen Ellyn, IL",67296
34003017500,"Fair Lawn, NJ",67292
36059409200,"Levittown, NY",67274
36059414900,"North Bellmore, NY",67270
27053024006,"Minneapolis, MN",67269
36119001700,"Bryn Mawr, Yonkers, NY",67265
42091200310,"Huntingdon Valley, Willow Grove, PA",67264
51059440501,"Fairfax, VA",67263
51059491705,"Fairfax, VA",67256
51107611024,"Leesburg, VA",67256
26125150500,"Bloomfield Hills, MI",67253
17043842300,"Glen Ellyn, IL",67231
27053027101,"Hamel, Medina, MN",67229
48453001604,"Tarrytown, Austin, TX",67229
24031700205,"Germantown, MD",67227
17031090200,"Edison Park, Chicago, IL",67227
29189217500,"St. Louis, MO",67224
13089021202,"North Brookhaven, Atlanta, GA",67223
25017363102,"Acton, MA",67221
48201251000,"Kingwood, Houston, TX",67220
48285000300,"Moulton, TX",67217
34027042600,"Florham Park, NJ",67214
34021004502,"Princeton, NJ",67209
42029302202,"Exton, PA",67209
29189218003,"Ballwin, MO",67200
55079090700,"Wauwatosa, WI",67196
36103110402,"Centerport, NY",67189
42003413100,"Wexford, PA",67175
48085031704,"Far North Dallas, Dallas, TX",67171
51059491802,"Fairfax, VA",67171
36047003000,"Kings County, NY",67171
36081099100,"Queens County, NY",67165
6059042317,"Laguna Niguel, CA",67162
48201251401,"Kingwood, Houston, TX",67161
42017100808,"Langhorne, PA",67161
27123040801,"Arden Hills, MN",67156
25017335302,"Wakefield, MA",67151
36085014700,"Richmond County, NY",67149
6085507600,"Saratoga, CA",67144
36059409600,"North Wantagh, Wantagh, NY",67143
36061006000,"Midtown, New York, NY",67137
34003026200,"Hillsdale, NJ",67132
53033025005,"Newcastle, WA",67125
42017105011,"Holland, PA",67115
51059490501,"Clifton, VA",67114
17043846518,"Aurora, IL",67108
30083070100,"Fairview, MT",67104
36059414800,"North Bellmore, NY",67103
51059482502,"Herndon, VA",67102
51107610604,"Leesburg, VA",67098
42091200105,"Montgomery County, PA",67097
17031821700,"Evergreen Park, IL",67097
17197883303,"Minooka, IL",67091
27123041104,"New Brighton, MN",67089
6013348000,"Lafayette, CA",67088
36059404500,"Floral Park, NY",67088
34003042500,"Paramus, NJ",67083
42125746301,"Canonsburg, PA",67079
6037139703,"Encino, Los Angeles, CA",67072
19153011702,"Johnston, IA",67071
6059021829,"Yorba Linda, CA",67066
17031805801,"Park Ridge, IL",67066
12011040402,"Coral Ridge Country Club, Fort Lauderdale, FL",67064
17043845807,"Downers Grove, IL",67060
34037373200,"Sparta Township, NJ",67058
34025809703,"Marlboro Township, NJ",67052
48461950100,"Midkiff, TX",67050
17031803014,"Wheeling, IL",67050
36059409000,"Levittown, NY",67050
55079140100,"Greendale, WI",67050
25021423100,"Cohasset, MA",67049
34027040701,"Kinnelon, NJ",67040
42045407804,"Springfield, PA",67032
40109108213,"Edmond, OK",67030
34031246003,"Wayne, NJ",67028
17043845402,"Hinsdale, IL",67027
25021419100,"Braintree, MA",67023
36085009601,"Richmond County, NY",67023
25017320104,"Hopkinton, MA",67022
36085012805,"Richmond County, NY",67022
48453001753,"North Burnet-Gateway, Austin, TX",67019
29189217807,"Ballwin, MO",67006
36059519200,"Hicksville, Hicksville, NY",67003
42091203205,"Ambler, PA",66997
36103111703,"East Northport, NY",66995
42045408001,"Broomall, PA",66987
51059490103,"Chantilly, VA",66977
9001011200,"Greenwich, CT",66975
34025801500,"Lincroft, Middletown, NJ",66971
17043845808,"Woodridge, IL",66965
17043841902,"Wheaton, IL",66959
42091206006,"Eagleville, PA",66949
42045410301,"Glen Mills, PA",66940
48439113634,"Colleyville, TX",66933
34027045901,"Chester, NJ",66933
42029302802,"West Chester, PA",66930
9009184400,"Branford, CT",66923
34013021601,"Fairfield, NJ",66923
27053023100,"Morningside, Minneapolis, MN",66923
15003000402,"Kuliouou - Kalani Iki, Honolulu, HI",66922
36047075600,"Kings County, NY",66922
9001245200,"Ridgefield, CT",66916
17031819801,"Western Springs, IL",66910
6001450604,"Pleasanton, CA",66908
25025010702,"Back Bay East, Boston, MA",66901
36005030701,"Bronx County, NY",66899
6085509902,"Waverly Park, Mountain View, CA",66897
48453000601,"University of Texas at Austin, Austin, TX",66890
27053026202,"Minnetonka, MN",66886
1073012911,"Vestavia Hills, AL",66884
37119005846,"Providence Crossing, Charlotte, NC",66875
11001006600,"Capitol Hill, Washington, DC",66873
38033962900,"Beach, ND",66863
51510201100,"North Ridge, Alexandria, VA",66862
36119014000,"Buchanan, NY",66861
36079011900,"Brewster, NY",66855
34039035600,"Rahway, NJ",66850
42045408600,"Havertown, PA",66849
37119005828,"Park Crossing, Charlotte, NC",66847
36103146901,"West Islip, NY",66847
51059431500,"West Springfield, VA",66844
17043842900,"Elmhurst, IL",66839
17043841104,"Roselle, IL",66836
17097863604,"Libertyville, IL",66833
38053962500,"Cartwright, ND",66830
48085031642,"Hunters Glen, Plano, TX",66828
34003020100,"Franklin Lakes, NJ",66818
27053026201,"Minnetonka, MN",66805
34013020200,"Essex County, NJ",66802
34037373400,"Lake Mohawk, Sparta Township, NJ",66798
51107611802,"Chantilly, VA",66798
40109108109,"Edmond, OK",66793
27037060605,"Mendota Heights, MN",66786
48085031630,"Oakwood Glen, Plano, TX",66785
6001450751,"Dublin, CA",66785
36047005601,"Kings County, NY",66784
48085031706,"Far North Dallas, Dallas, TX",66783
42101001102,"Center City, Philadelphia, PA",66780
34031124311,"Montclair, NJ",66778
25021418101,"Quincy, MA",66777
27037060730,"Saint Paul, MN",66777
53033032316,"Sammamish, WA",66777
34019011201,"Hunterdon County, NJ",66776
34003009100,"Demarest, NJ",66774
42029302901,"West Chester, PA",66774
37183053725,"Breckenridge, Raleigh, NC",66769
12099005942,"Delray Beach, FL",66768
6075032602,"Outer Sunset, San Francisco, CA",66762
24031701313,"Olney, MD",66762
34039038500,"Scotch Plains, NJ",66753
36005045101,"Bronx County, NY",66751
17197880404,"Plainfield, IL",66750
11001001500,"Northwest Washington, Washington, DC",66749
8005006808,"Englewood, CO",66748
42045407201,"Media, PA",66741
17031823604,"Palos Heights, IL",66740
38017010307,"Rose Creek, Fargo, ND",66738
17031802002,"Glenview, IL",66733
17031803016,"Arlington Heights, IL",66728
34013020300,"Essex County, NJ",66727
42091200602,"North Wales, PA",66724
6013345105,"Danville, CA",66721
47037018700,"Nashville, TN",66720
51107611102,"Sterling, VA",66719
17031801500,"Northbrook, IL",66719
25021409101,"Norfolk, MA",66718
37183051600,"Raleigh, NC",66716
6037620301,"Manhattan Beach, CA",66711
51107611017,"Ashburn, VA",66711
36081119300,"Queens County, NY",66703
51059491701,"Fairfax, VA",66685
26125137400,"Novi, MI",66684
27037060806,"Apple Valley, MN",66680
36103111504,"Huntington, NY",66680
53033032317,"Sammamish, WA",66679
27037060731,"Eagan, MN",66678
25025130100,"West Roxbury, Boston, MA",66669
9001081200,"Stratford, CT",66668
48029121908,"San Antonio, TX",66668
17043844402,"Oak Brook, IL",66667
18057110904,"Carmel, IN",66660
42091205400,"Wynnewood, PA",66657
15003007810,"Aiea, HI",66652
37183051700,"North Hills, Raleigh, NC",66651
48113013611,"Far North Dallas, Dallas, TX",66641
6001450605,"Pleasanton, CA",66637
29189217842,"Chesterfield, MO",66636
27123040703,"Shoreview, MN",66632
6013338301,"Ygnacio Valley, Walnut Creek, CA",66630
6037276601,"Playa del Rey, Los Angeles, CA",66628
42003473602,"Pittsburgh, PA",66621
42029302703,"West Chester, PA",66620
25017362100,"Carlisle, MA",66620
36047064000,"Kings County, NY",66618
34003052100,"Saddle Brook, NJ",66614
11001001100,"Northwest Washington, Washington, DC",66603
48201431000,"Westside, Houston, TX",66602
17097864303,"Barrington, IL",66596
36119011700,"Sleepy Hollow, NY",66592
53033031909,"Renton, WA",66583
34031124322,"Clifton, NJ",66582
48201451902,"George Bush Park/Eldridge, Houston, TX",66578
36119002202,"Cedar Knolls, Yonkers, NY",66572
36119005100,"Eastchester, NY",66568
42017100809,"Langhorne, PA",66566
48201251502,"Kingwood, Houston, TX",66562
51683910402,"Manassas, VA",66560
34007603503,"Willowdale, Cherry Hill, NJ",66555
6013355302,"Walnut Creek, CA",66548
36059416201,"Island Park, NY",66545
34003042301,"Paramus, NJ",66540
36081114700,"Queens County, NY",66540
48121021621,"Northwest Carrollton, Carrollton, TX",66534
42017105006,"Holland, PA",66528
34035050903,"Martinsville, Bridgewater, NJ",66527
42017104503,"Doylestown, PA",66526
36119014606,"Cortlandt, NY",66524
48201412600,"Southwest Houston, Houston, TX",66521
48113007700,"North Dallas, Dallas, TX",66516
27163070204,"Hugo, MN",66512
36059408500,"North Bellmore, NY",66512
40109108529,"Northwest Oklahoma City, Oklahoma City, OK",66509
34013021802,"West Caldwell, NJ",66504
17043842703,"Wheaton, IL",66504
6059032061,"San Juan Capistrano, CA",66503
48453001912,"Davenport Ranch West, Austin, TX",66501
9001090700,"Trumbull, CT",66495
17031819000,"La Grange Park, IL",66484
36047016600,"Kings County, NY",66482
36081138501,"Queens County, NY",66479
34023006300,"Milltown, NJ",66477
25017358500,"Lexington, MA",66471
36103110803,"Northport, NY",66461
6085506804,"Cambrian, Los Gatos, CA",66460
9001030200,"Darien, CT",66459
17043845401,"Burr Ridge, IL",66458
45013001200,"Saint Helena Island, SC",66450
36047037000,"Kings County, NY",66446
48157671602,"Plantation Bend, Sugar Land, TX",66446
24027606806,"Kings Contrivance, Laurel, MD",66445
36059405400,"Elmont, NY",66442
9001020800,"Newfield - Westover - Turn of River, Stamford, CT",66434
34025803202,"Holmdel, NJ",66431
34025802900,"Monmouth County, NJ",66426
27163071014,"Woodbury, MN",66420
19153011027,"West Des Moines, IA",66419
20173010110,"Wichita, KS",66417
17031805701,"Park Ridge, IL",66416
8035014116,"Lone Tree, CO",66415
48097000200,"Gainesville, TX",66412
9001030500,"Darien, CT",66412
48113014124,"Las Colinas, Irving, TX",66410
17031805301,"Morton Grove, IL",66406
45079011201,"Columbia, SC",66403
36119004400,"North Side, Mount Vernon, NY",66398
17197883210,"Twin Oaks, Joliet, IL",66380
36059520402,"Farmingdale, NY",66379
6013346201,"Danville, CA",66379
6075013102,"Pacific Heights, San Francisco, CA",66378
25017356400,"Arlington, MA",66376
34035053501,"Somerset, Franklin Township, NJ",66374
48201554002,"Champion Forest, Spring, TX",66372
25009202200,"Swampscott, MA",66371
40143007638,"Tulsa, OK",66368
34031163500,"North Haledon, NJ",66368
51059470900,"Falls Church, VA",66354
13121011625,"Alpharetta, GA",66350
34023006206,"North Brunswick Township, NJ",66344
36119004900,"Scarsdale, NY",66340
24005490500,"Towson, MD",66340
51059450601,"Falls Church, VA",66339
17031805802,"Park Ridge, IL",66338
25021413401,"Norwood, MA",66330
6013345203,"Danville, CA",66326
51059430203,"Fairfax, VA",66325
6081609300,"San Carlos, CA",66318
36047045200,"Kings County, NY",66318
38105953700,"Williston, ND",66315
48113013400,"North Dallas, Dallas, TX",66313
48113013605,"Far North Dallas, Dallas, TX",66311
34027044502,"Dover, NJ",66308
9001220200,"New Fairfield, CT",66307
17043840706,"Elmhurst, IL",66306
6013353001,"Orinda, CA",66304
36047065200,"Kings County, NY",66304
13121009700,"Buckhead, Atlanta, GA",66299
53033032211,"Issaquah, WA",66295
6037800332,"Agoura Hills, CA",66288
51087200109,"Richmond, VA",66280
51107611006,"Ashburn, VA",66280
36081051100,"Queens County, NY",66278
9001060800,"Fairfield, CT",66273
42091200607,"Lansdale, PA",66271
8005006706,"Centennial, CO",66269
36059519100,"Hicksville, Hicksville, NY",66267
27037061003,"Rosemount, MN",66263
34027046104,"Flanders, Mount Olive Township, NJ",66263
39049006410,"Upper Arlington, OH",66256
8031003203,"Central, Denver, CO",66256
17031805112,"Des Plaines, IL",66255
24005408200,"Cockeysville, MD",66251
25017333100,"Woburn, MA",66250
34019011202,"Flemington, NJ",66244
47187050405,"Franklin, TN",66243
27053026208,"Minnetonka, MN",66237
29189215201,"Creve Coeur, MO",66233
6059032046,"Coto de Caza, CA",66231
27037060729,"Eagan, MN",66228
36081075702,"Queens County, NY",66227
36103111601,"East Northport, NY",66224
26163561900,"Plymouth, MI",66218
26125196600,"Troy, MI",66217
27123040706,"Shoreview, MN",66200
34005700605,"Delran, NJ",66200
48029191816,"Far North Central, San Antonio, TX",66191
34035050600,"Raritan, NJ",66190
38007963100,"Belfield, ND",66186
6081607300,"Beresford Park, San Mateo, CA",66185
53033022300,"Inglewood-Finn Hill, Kirkland, WA",66184
39049009000,"Bullitt Park, Columbus, OH",66183
24027606805,"Laurel, MD",66181
34017014101,"North Bergen, NJ",66180
42029302705,"West Chester, PA",66179
26163573000,"Dearborn Heights, MI",66178
13067030318,"Marietta, GA",66175
6059021827,"Yorba Linda, CA",66174
17031805902,"Niles, IL",66170
36081109300,"Queens County, NY",66167
34027041400,"Denville, NJ",66164
33013041000,"New London, NH",66162
36119010801,"Hartsdale, NY",66160
25025130200,"Brook Farm, Boston, MA",66150
34003002200,"Northvale, NJ",66150
17043846412,"Naperville, IL",66141
17043844902,"Downers Grove, IL",66129
36079010800,"Garrison, Philipstown, NY",66108
25017358400,"Lexington, MA",66108
8035014107,"Northridge, Littleton, CO",66108
6075013000,"Cow Hollow, San Francisco, CA",66105
24027606701,"Kings Contrivance, Columbia, MD",66103
34039037602,"Springfield Township, NJ",66096
9009150800,"Milford, CT",66091
36059520700,"Massapequa, NY",66089
34013021100,"Verona, NJ",66088
12086008000,"Old Cutler, Coral Gables, FL",66084
17203030602,"Congerville, IL",66083
48085030531,"McKinney, TX",66083
36119012700,"Bedford, NY",66077
9001030300,"Darien, CT",66074
19061010400,"Farley, IA",66069
37183053408,"Cary, NC",66069
34025801200,"Middletown, NJ",66056
36081133300,"Queens County, NY",66046
6001450602,"Pleasanton, CA",66045
26125192700,"Brookedale Woods, Rochester Hills, MI",66045
17097864520,"Buffalo Grove, IL",66045
48491020106,"Berry Creek, Georgetown, TX",66042
56035000102,"Pinedale, WY",66042
36085024401,"Richmond County, NY",66032
39061023100,"Cincinnati, OH",66030
8059009837,"Quaker Acres, Arvada, CO",66027
36103111801,"Elwood, NY",66024
36103158006,"Stony Brook, NY",66024
47187050203,"Brentwood, TN",66021
36047005202,"Kings County, NY",66021
4013105002,"Paradise Valley Village, Paradise Valley, AZ",66017
42045409803,"Wayne, PA",66014
34017012500,"Kearny, NJ",66014
36119007402,"Mamaroneck, NY",66012
42045410200,"Chadds Ford, PA",66010
6037262400,"Brentwood, Los Angeles, CA",66010
17031806102,"Des Plaines, IL",66003
38101011200,"Minot, ND",65995
42091204900,"Villanova, PA",65993
17043846104,"Naperville, IL",65987
1073012905,"Vestavia Hills, AL",65987
6075012902,"Cow Hollow, San Francisco, CA",65977
17031804109,"Rolling Meadows, IL",65977
18011810604,"Zionsville, IN",65964
36103158009,"Stony Brook, NY",65963
18089042608,"Dyer, IN",65962
42017105511,"Yardley, PA",65957
17043841324,"Carol Stream, IL",65953
27037060734,"Eagan, MN",65952
31055007509,"Elkhorn, Omaha, NE",65951
24031701409,"Burtonsville, MD",65949
42017105507,"Yardley, PA",65938
48201340203,"Brookwood, Houston, TX",65934
44007011600,"Lincoln, RI",65931
51107611022,"Ashburn, VA",65930
27139081000,"Prior Lake, MN",65928
55089660303,"Mequon, WI",65925
24005408704,"Mays Chapel, Lutherville-Timonium, MD",65925
34007607504,"Voorhees Township, NJ",65922
27123037500,"Highland, Saint Paul, MN",65922
51107610507,"Leesburg, VA",65920
51107610201,"Purcellville, VA",65919
37183053509,"Normandie, Cary, NC",65918
34005700505,"Moorestown, NJ",65918
29183311103,"Weldon Spring, MO",65915
6001423800,"Claremont, Berkeley, CA",65914
17043841110,"Bloomingdale, IL",65913
29510114102,"St. Louis Hills, St. Louis, MO",65910
6001450501,"Dublin, CA",65909
25017332200,"Burlington, MA",65908
24031700311,"Clarksburg, MD",65906
34023007912,"Old Bridge, Old Bridge Township, NJ",65905
31153010632,"Gretna, NE",65903
53033032328,"Redmond, WA",65895
36059302600,"Floral Park, NY",65895
6041130201,"Sausalito, CA",65895
19167070200,"Hull, IA",65894
36059411200,"Cedarhurst, NY",65892
36119011101,"Elmsford, NY",65880
6001441501,"Union City, CA",65879
34003017200,"Fair Lawn, NJ",65863
36103190704,"Bridgehampton, NY",65863
48201431302,"Westside, Houston, TX",65860
25027741101,"Southborough, MA",65859
6085507205,"Los Gatos, CA",65856
24031704805,"Bethesda, MD",65855
25017339200,"West Medford, Medford, MA",65852
27123042301,"Maplewood, MN",65850
39041011423,"Powell, OH",65847
17031804902,"Des Plaines, IL",65846
53061042005,"Mukilteo, WA",65843
6001430200,"Castro Valley, CA",65841
36085019800,"Richmond County, NY",65837
25023507101,"Duxbury, MA",65835
6013353002,"Orinda, CA",65834
36059412200,"East Rockaway, NY",65833
36061003300,"Lower Manhattan, New York, NY",65830
36081119500,"Queens County, NY",65824
42045408101,"Broomall, PA",65823
6085507905,"West San Jose, San Jose, CA",65822
17031801100,"Wilmette, IL",65820
55133200902,"Pilgrim Meadows, Brookfield, WI",65820
27053027504,"Excelsior, MN",65808
36061005400,"Midtown, New York, NY",65807
25025030500,"North End, Boston, MA",65806
31055007448,"West Omaha, Omaha, NE",65804
34031223802,"Totowa, NJ",65803
17043841308,"Bartlett, IL",65802
53033032321,"Redmond, WA",65801
38105953800,"Williston, ND",65801
25017373600,"Chestnut Hill, Newton, MA",65799
34007603507,"Cherry Hill, NJ",65795
39035184103,"Solon, OH",65793
24031701206,"Potomac, MD",65789
24027602100,"Ellicott City, MD",65789
34027044602,"Oak Ridge, Jefferson, NJ",65786
27053022801,"Fern Hill, Minneapolis, MN",65782
17043845602,"Downers Grove, IL",65782
36085014605,"Richmond County, NY",65780
36059413803,"Baldwin, NY",65779
36081108500,"Queens County, NY",65771
27019090200,"Mayer, MN",65765
34013014800,"Bloomfield, NJ",65762
27053026301,"Wayzata, MN",65758
29189221627,"Chesterfield, MO",65758
6037701201,"North of Montana, Santa Monica, CA",65757
51059432000,"Burke, VA",65751
36103135005,"Saint James, NY",65747
17043841404,"Winfield, IL",65746
6037980024,"Encino, Los Angeles, CA",65745
17031770202,"Elk Grove Village, IL",65742
27053025907,"West Bloomington, Bloomington, MN",65741
9001230300,"Newtown, CT",65739
26163557600,"Livonia, MI",65738
48201555701,"Fairfield Inwood Park, Cypress, TX",65735
27053025906,"West Bloomington, Bloomington, MN",65733
17031824004,"Lemont, IL",65732
17031805001,"Mount Prospect, IL",65727
6037670328,"Palos Verdes Estates, CA",65710
6037463800,"Northeast Los Angeles, Pasadena, CA",65709
26125168800,"Farmington Hills, MI",65705
34039033500,"Union, NJ",65705
24027605505,"River Hill, Clarksville, MD",65701
25017383901,"Framingham, MA",65699
34003051400,"Rutherford, NJ",65698
17031071100,"Lincoln Park, Chicago, IL",65695
9009157400,"Orange, CT",65695
6081608300,"Foster City, CA",65692
27053026716,"Osseo, MN",65692
36059517000,"Glen Cove, NY",65692
48453001719,"Cat Mountain Villas, Austin, TX",65691
17031804901,"Mount Prospect, IL",65690
9001245300,"Ridgefield, CT",65687
34035054300,"Somerset, Franklin Township, NJ",65685
42091200505,"Ambler, PA",65684
17197883213,"Shorewood, IL",65681
36103146614,"Holbrook, NY",65680
17089851905,"Elgin, IL",65668
25021419600,"Braintree, MA",65666
31055007517,"Cottonwood Creek, Omaha, NE",65666
36081072300,"Queens County, NY",65665
25021419200,"Braintree, MA",65662
17043846413,"Naperville, IL",65658
34025809704,"Marlboro Township, NJ",65657
25009215101,"South Hamilton, Hamilton, MA",65653
6037464100,"San Marino, CA",65652
53033032322,"English Hill, Redmond, WA",65650
17031812000,"River Forest, IL",65646
25027751102,"Sutton, MA",65643
36103135401,"Nesconset, NY",65639
34003037100,"New Milford, NJ",65639
34039038300,"Mountainside, NJ",65635
53033032207,"Sammamish, WA",65634
17043842702,"Wheaton, IL",65633
36087010803,"New City, NY",65633
53033006100,"Seattle, WA",65631
34039033300,"Union, NJ",65629
47157021341,"East Germantown, Germantown, TN",65625
9003487202,"South Windsor, CT",65624
34039037200,"Cranford, NJ",65624
27053026708,"Maple Grove, MN",65617
27163070701,"Stillwater, MN",65615
6065045114,"Palm Desert, CA",65615
9001010300,"Greenwich, CT",65614
25027740101,"Northborough, Northborough, MA",65612
9001011100,"Riverside, Greenwich, CT",65607
6081605100,"Burlingame Gate, Burlingame, CA",65604
42091201705,"Glenside, PA",65604
24027605103,"Highland, MD",65598
48113013619,"Far North Dallas, Dallas, TX",65596
36081152901,"Queens County, NY",65593
51059461500,"Vienna, VA",65592
27123042102,"Little Canada, MN",65591
17197880312,"Naperville, IL",65589
42091201800,"Jenkintown, PA",65581
27171101000,"Delano, MN",65581
51059491302,"Centreville, VA",65579
17043842200,"Glen Ellyn, IL",65576
25027730802,"Newton Square, Worcester, MA",65575
38057961800,"Hazen, ND",65570
48201541203,"Copperfield Southdown Village, Houston, TX",65569
36059413001,"Oceanside, NY",65563
25017332300,"Burlington, MA",65555
24003702204,"Crofton, MD",65548
17031770201,"Elk Grove Village, IL",65547
38055960800,"Washburn, ND",65542
36085017700,"Richmond County, NY",65538
48167720200,"Friendswood, TX",65532
56011950200,"Moorcroft, WY",65532
6013345103,"San Ramon, CA",65527
51153901224,"Woodbridge, VA",65525
36103135402,"Nesconset, NY",65524
34013017301,"West Orange, NJ",65514
17031803607,"Palatine, IL",65510
51059415800,"Fort Hunt, VA",65508
42091207003,"Harleysville, PA",65504
25017374700,"Auburndale, Newton, MA",65503
27053026016,"Eden Prairie, MN",65498
36079011000,"Putnam Valley, NY",65495
48491020107,"Sun City, Georgetown, TX",65493
17031808900,"Evanston, IL",65492
34025809200,"Sea Girt, NJ",65484
6065046601,"Norco, CA",65483
34013014000,"Belleville, NJ",65477
9003470100,"East Granby, CT",65454
51013101900,"Ashton Heights, Arlington, VA",65443
48121021625,"Castle Hills, Lewisville, TX",65443
34017019800,"Secaucus, NJ",65440
6055201402,"Napa, CA",65432
25023506102,"Marshfield, MA",65425
51059461202,"Fairfax, VA",65423
36047055000,"Kings County, NY",65418
27163070303,"Mahtomedi, MN",65415
39041011411,"Dublin, OH",65412
24031701307,"Rockville, MD",65406
20091053409,"Charlemagne Manor, Overland Park, KS",65406
37183053605,"Cary, NC",65406
29189217851,"Chesterfield, MO",65405
24013505205,"Eldersburg, MD",65403
18057110906,"Carmel, IN",65401
24027604002,"Glenwood, MD",65394
8005084900,"Centennial, CO",65378
25009209100,"Lynnfield, MA",65377
34025809902,"Monmouth County, NJ",65369
20091052414,"Lenexa, KS",65368
36103158002,"Stony Brook, NY",65367
48157671601,"Sugar Land, TX",65363
6037670702,"Rancho Palos Verdes, CA",65363
36059409300,"Levittown, NY",65358
42091206801,"Lansdale, PA",65353
34003029200,"Little Ferry, NJ",65347
26099243000,"Clinton Township, MI",65345
55025012900,"Mazomanie, WI",65343
24031705400,"Chevy Chase, MD",65340
36081098100,"Queens County, NY",65339
17043844501,"Villa Park, IL",65336
17031804716,"Hoffman Estates, IL",65332
42091200605,"North Wales, PA",65326
42045409300,"Havertown, PA",65325
6111008305,"Simi Valley, CA",65325
24027601104,"Ellicott City, MD",65322
17197881006,"Orland Park, IL",65319
42091205903,"Wayne, PA",65319
34013021200,"Verona, NJ",65309
24031704503,"Bethesda, MD",65306
17197883504,"Frankfort, IL",65301
53033024500,"Mercer Island, WA",65301
34021003902,"Hopewell, NJ",65300
17031822801,"Oak Lawn, IL",65300
42045409902,"Newtown Square, PA",65297
36061016300,"Upper West Side, New York, NY",65296
51107611011,"Leesburg, VA",65287
36081107201,"Queens County, NY",65285
25023520201,"Abington, MA",65285
53033003800,"Northeast Seattle, Seattle, WA",65276
27053026612,"Plymouth, MN",65273
27163070405,"Lake Elmo, MN",65271
48201342800,"Deer Park, TX",65266
42045409200,"Havertown, PA",65263
36085006700,"Richmond County, NY",65261
6037134424,"Canoga Park, Los Angeles, CA",65259
17031802503,"Wheeling, IL",65257
36047056200,"Kings County, NY",65247
9001010101,"Greenwich, CT",65245
24031704501,"Bethesda, MD",65239
34039034800,"Linden, NJ",65237
36005033500,"Bronx County, NY",65237
27139081200,"New Prague, MN",65233
18057110903,"Carmel, IN",65225
26125167900,"Farmington Hills, MI",65223
21111008700,"Cherokee Gardens, Louisville, KY",65216
36103158306,"Mount Sinai, NY",65213
51153901305,"Nokesville, VA",65209
17097864306,"Barrington, IL",65209
19013003002,"Hudson, IA",65206
42017105010,"Holland, PA",65206
51059416100,"Alexandria, VA",65206
9003496600,"West Hartford, CT",65203
34003056100,"Waldwick, NJ",65200
36079011600,"Mahopac, NY",65199
51059460702,"Vienna, VA",65195
53053072405,"Gig Harbor, WA",65193
25021415200,"Canton, MA",65188
27053026823,"Minneapolis, MN",65186
36047020600,"Kings County, NY",65183
24031700611,"Boyds, MD",65181
19181020800,"Indianola, IA",65178
13121011621,"Alpharetta, GA",65176
34003008000,"Cresskill, NJ",65174
6013345115,"San Ramon, CA",65173
51059430801,"West Springfield, VA",65166
29095013606,"Lee's Summit, MO",65166
25017370201,"Watertown, MA",65165
34035050901,"Martinsville, Bridgewater, NJ",65162
42017105008,"Warminster, PA",65157
26125168700,"Farmington Hills, MI",65156
36081064500,"Queens County, NY",65154
17031120200,"Edgebrook, Chicago, IL",65152
42029304502,"Downingtown, PA",65143
9003466300,"Simsbury Center, Simsbury, CT",65142
48201430700,"Memorial, Houston, TX",65141
36085017011,"Richmond County, NY",65135
31055007314,"Bennington, NE",65135
6085511905,"South San Jose, San Jose, CA",65132
24031700206,"Gaithersburg, MD",65132
34025810001,"Manalapan Township, NJ",65128
6081606400,"Baywood - Aragon, San Mateo, CA",65128
42017104601,"Doylestown, PA",65125
25017369100,"Warrendale, Waltham, MA",65125
34017012400,"Kearny, NJ",65121
34003043002,"Park Ridge, NJ",65115
36047069800,"Kings County, NY",65115
55133203500,"Hartland, WI",65110
25017359300,"Bedford, MA",65110
36103190504,"Westhampton, NY",65108
34039037700,"Summit, NJ",65107
51153901414,"Bristow, VA",65102
6085510400,"North Los Altos, Los Altos, CA",65102
34027041200,"Mountain Lakes, NJ",65102
55133203403,"Ridgeview, Sussex, WI",65099
49011126203,"Farmington, UT",65099
9001042900,"Norwalk, CT",65098
4013040523,"Corte Bella, Sun City West, AZ",65093
42045403902,"Ridley Park, PA",65093
42091206904,"Lansdale, PA",65092
17043841113,"Bloomingdale, IL",65088
6059042328,"Laguna Hills, CA",65087
6059062630,"Turtle Rock, Irvine, CA",65085
17049950100,"Teutopolis, IL",65084
26125159000,"Franklin, MI",65078
6013355306,"Clayton, CA",65071
6059099308,"Huntington Beach, CA",65066
42045407801,"Springfield, PA",65062
42101034702,"Northeast Philadelphia, Philadelphia, PA",65056
34027044102,"Gillette, NJ",65051
36061015801,"Upper East Side, New York, NY",65050
36119008403,"Harrison, NY",65048
51059415600,"Alexandria, VA",65046
55133201201,"Highland Estates, Brookfield, WI",65045
29189218012,"Des Peres, MO",65044
36103110300,"Halesite, NY",65043
6085507904,"Lynbrook, San Jose, CA",65043
51610500100,"Falls Church, VA",65041
5007020603,"Bentonville, AR",65040
36047045000,"Kings County, NY",65037
39061020404,"North Bend, OH",65035
38089963500,"Dickinson, ND",65031
6013355112,"Danville, CA",65023
27053025701,"West Bloomington, Bloomington, MN",65021
17097863202,"Lake Bluff, IL",65017
48339690900,"Spring, TX",65016
6037460502,"La Cañada Flintridge, CA",65015
34025809901,"Monmouth County, NJ",65014
6059032040,"Mission Viejo, CA",65008
48085031715,"Far North Dallas, Dallas, TX",65006
36047057600,"Kings County, NY",65005
42091200501,"Hatboro, PA",65004
13121009502,"Buckhead, Atlanta, GA",64995
6085508303,"Sunnyvale West, Sunnyvale, CA",64995
26125192200,"North Fairview Farms, Rochester Hills, MI",64993
25017316102,"Billerica, MA",64990
17031090100,"Edison Park, Chicago, IL",64988
36081129103,"Queens County, NY",64986
48201450500,"Westside, Houston, TX",64983
9003494202,"Newington, CT",64983
26125150700,"Bloomfield Hills, MI",64982
36087010501,"Thiells, NY",64982
34039038202,"Berkeley Heights, NJ",64982
42091207101,"Souderton, PA",64973
48085031643,"Plano, TX",64971
32003005612,"Overton, Moapa Valley, NV",64967
51107610602,"Leesburg, VA",64958
27037061402,"Randolph, MN",64956
36047075400,"Kings County, NY",64951
25009268100,"Newburyport, MA",64951
6059052421,"Northwood, Irvine, CA",64950
51153901219,"Woodbridge, VA",64948
42003410000,"Bradford Woods, PA",64946
6075033000,"Parkside, San Francisco, CA",64944
27037060103,"West Saint Paul, MN",64935
48113013617,"Far North Dallas, Dallas, TX",64932
51041100926,"Midlothian, VA",64932
27123040603,"Vadnais Heights, MN",64931
47157021353,"Germantown, TN",64930
51059440800,"Annandale, VA",64927
18057110907,"Carmel, IN",64914
13117130607,"Cumming, GA",64902
6037700700,"The Flats, Beverly Hills, CA",64899
17031801300,"Wilmette, IL",64899
48439111312,"Mansfield, TX",64898
6073008313,"La Jolla, San Diego, CA",64891
8123002204,"Windsor, CO",64890
48113019205,"Richardson, TX",64883
34005700305,"Cinnaminson, NJ",64876
22051020514,"Kenner, LA",64875
48167720400,"Friendswood, TX",64872
17043845809,"Downers Grove, IL",64870
6067009325,"Elk Grove, CA",64866
24005403500,"Pikesville, MD",64865
45035010817,"Summerville, SC",64860
48201552900,"Houston, TX",64855
36103146705,"West Islip, NY",64852
6095252310,"Fairfield, CA",64851
29189217841,"Chesterfield, MO",64849
22071013302,"Gentilly, New Orleans, LA",64849
42101036600,"Center City, Philadelphia, PA",64849
17089852601,"Geneva, IL",64846
36081063500,"Queens County, NY",64844
25017359100,"Bedford, MA",64840
34003033200,"Maywood, NJ",64832
42045409601,"Bryn Mawr, PA",64829
6085507206,"Monte Sereno, CA",64826
13067030343,"Roswell, GA",64826
36081069702,"Queens County, NY",64825
34039033600,"Kenilworth, NJ",64822
25017317201,"Chelmsford, MA",64820
34019011302,"Flemington, NJ",64819
6001428600,"West Alameda, Alameda, CA",64814
17197883514,"Tinley Park, IL",64813
17197883521,"Mokena, IL",64800
37183053807,"Stonebridge, Raleigh, NC",64800
34035050902,"Martinsville, Bridgewater, NJ",64799
51013102100,"Glencarlyn, Arlington, VA",64799
36059406002,"West Hempstead, NY",64798
42045401200,"Drexel Hill, Upper Darby, PA",64798
11001001001,"American University Park, Washington, DC",64796
9009157200,"Orange, CT",64795
8035014132,"Southridge, Highlands Ranch, CO",64779
24005411201,"Baldwin, MD",64776
39035196300,"Moreland Hills, OH",64773
48397040101,"Rockwall, TX",64763
29189215232,"Chesterfield, MO",64762
34027046297,"Long Valley, Washington Township, NJ",64761
6075045200,"Balboa Hollow, San Francisco, CA",64754
34027046300,"Randolph, NJ",64752
20091053006,"Olathe, KS",64743
42045409500,"Drexel Hill, Havertown, PA",64740
34025804100,"Monmouth Beach, NJ",64735
42029300301,"Newtown Square, PA",64732
6085511911,"South San Jose, San Jose, CA",64726
9003400200,"Berlin, CT",64726
12109020710,"Ponte Vedra Beach, FL",64724
25021404302,"Wellesley, MA",64721
24031701507,"Silver Spring, MD",64720
26125150600,"Bloomfield Hills, MI",64712
34025810102,"Manalapan Township, NJ",64710
6081608001,"Foster City, CA",64707
53033023404,"Issaquah, WA",64706
24021751901,"Summerfield, New Market, MD",64705
6059075814,"Orange, CA",64701
9001245400,"Ridgefield, CT",64701
36029013502,"Orchard Park, NY",64698
17197883510,"Manhattan, IL",64698
20091053108,"Kensington Manor, Overland Park, KS",64697
51059481400,"Reston, VA",64696
42029303302,"Kennett Square, PA",64694
48201555702,"Fairfield Village West, Cypress, TX",64692
20091051904,"Oak Park, Overland Park, KS",64691
17031804506,"Bartlett, IL",64690
34005703801,"Medford, NJ",64690
17031802605,"Wheeling, IL",64689
25009203301,"Marblehead, MA",64687
24031704404,"Bethesda, MD",64681
6013338302,"Northgate 2, Walnut Creek, CA",64681
17043846201,"Naperville, IL",64677
17089852401,"St. Charles, IL",64676
36085018901,"Richmond County, NY",64674
6075030201,"Inner Sunset, San Francisco, CA",64674
27003050707,"Minneapolis, MN",64674
36059409100,"Levittown, NY",64669
38025962200,"Dunn Center, ND",64667
34003010300,"Dumont, NJ",64667
8005006709,"Centennial, CO",64663
25017384002,"Framingham, MA",64663
36119002105,"Beech Hill, Scarsdale, NY",64662
26125196500,"Troy, MI",64660
25021416102,"Milton, MA",64658
40109108206,"Edmond, OK",64658
48201455000,"Katy, TX",64658
24005411202,"Glen Arm, MD",64655
36103135204,"Smithtown, NY",64654
17043841002,"Medinah, IL",64648
17031803013,"Buffalo Grove, IL",64648
51153901235,"Lake Ridge, VA",64645
39061021302,"Cincinnati, OH",64643
25009254100,"Andover, Andover, MA",64638
42017105506,"Morrisville, PA",64637
34003026100,"Hillsdale, NJ",64633
42091201501,"Montgomery County, PA",64631
25017322100,"Hudson, MA",64628
9001245500,"Ridgefield, CT",64627
25009263100,"West Newbury, MA",64624
31055007514,"West Omaha, Omaha, NE",64624
48157674100,"Settlers Park, Sugar Land, TX",64620
36059409400,"Wantagh, NY",64619
6081608900,"Belmont, CA",64617
42101035900,"Northeast Philadelphia, Philadelphia, PA",64615
17031070101,"Lincoln Park, Chicago, IL",64615
25017358300,"Lexington, MA",64614
31153010628,"Omaha, NE",64610
36103147602,"Oakdale, NY",64603
6019004301,"Fresno, CA",64602
36103135004,"Saint James, NY",64601
36047054800,"Kings County, NY",64599
36081060300,"Queens County, NY",64595
51059432701,"Springfield, VA",64595
9009157100,"Orange, CT",64593
42101001002,"Center City, Philadelphia, PA",64589
6081604000,"San Bruno, CA",64587
17031820201,"Burr Ridge, IL",64585
36061005700,"Lower Manhattan, New York, NY",64580
48157674601,"Greatwood Shores, Sugar Land, TX",64579
27053026404,"Hopkins, MN",64578
51153901503,"Gainesville, VA",64571
18057110805,"Hawthorn Hills, Fishers, IN",64565
51153901410,"Linton Hall, Bristow, VA",64565
36061016100,"Upper West Side, New York, NY",64564
6059021921,"Anaheim Hills, Anaheim, CA",64560
48491020505,"Oakcreek, Round Rock, TX",64558
6041119201,"Greenbrae, Larkspur, CA",64552
37183054011,"North Raleigh, Raleigh, NC",64550
13121011417,"Roswell, GA",64549
6037460600,"La Cañada Flintridge, CA",64542
12086008101,"Pinecrest, FL",64542
27037061106,"Hastings, MN",64542
6059099514,"Huntington Beach, CA",64542
6075013400,"Pacific Heights, San Francisco, CA",64541
18037953200,"Green Meadow Estates, Jasper, IN",64539
42029300104,"Berwyn, PA",64528
39049010500,"Hemingway Village, Dublin, OH",64527
13089021214,"Atlanta, GA",64524
48085031719,"Far North Dallas, Dallas, TX",64509
8059009845,"Genesse Central, Golden, CO",64508
51510202002,"Old Town, Alexandria, VA",64508
48085032011,"Richardson, TX",64508
34031246104,"Wayne, NJ",64504
8014031000,"Broomfield, CO",64497
34023006500,"East Brunswick, NJ",64497
25017357300,"Belmont, MA",64490
31067964600,"Adams, NE",64489
17043841307,"Carol Stream, IL",64484
42091205808,"King of Prussia, PA",64480
17097864409,"Lake Zurich, IL",64479
6041119100,"Kentfield, CA",64479
42003473601,"Pittsburgh, PA",64479
34013021801,"West Caldwell, NJ",64477
20091053102,"Quail Valley, Overland Park, KS",64477
29183312194,"Wentzville, MO",64467
27163071209,"Cottage Grove, MN",64465
51107611009,"Leesburg, VA",64463
26125192400,"Brookwood, Rochester Hills, MI",64461
36059304002,"Westbury, NY",64461
6073008366,"Rancho Peñasquitos, San Diego, CA",64457
25017382300,"Natick, MA",64453
39061004800,"Mount Lookout, Cincinnati, OH",64450
6081612900,"University Heights, West Menlo Park, CA",64447
36047004600,"Kings County, NY",64446
25027730600,"Forest Grove, Worcester, MA",64445
36047064200,"Kings County, NY",64443
6061023200,"Lincoln Crossing, Lincoln, CA",64441
34033022201,"Salem, NJ",64440
51059460800,"Vienna, VA",64439
25023525104,"Bridgewater, MA",64436
36119012503,"South Salem, NY",64435
9003492400,"Wethersfield, CT",64434
48201553401,"Enchanted Oaks, Spring, TX",64432
36085015100,"Richmond County, NY",64430
6081608502,"South San Mateo, San Mateo, CA",64429
34031143200,"Hawthorne, NJ",64426
8005005630,"Centennial, CO",64423
34009020901,"Stone Harbor, NJ",64416
17031062000,"Boystown, Chicago, IL",64414
6001443321,"Warm Springs, Fremont, CA",64407
9001035300,"New Canaan, CT",64406
6037800101,"Greater Mulwood, Calabasas, CA",64404
36087010901,"Congers, NY",64404
8059009839,"Ralston Valley, Arvada, CO",64402
17093890600,"Yorkville, IL",64400
6075030302,"Golden Gate Heights, San Francisco, CA",64392
42003477200,"Pittsburgh, PA",64391
34039038602,"Scotch Plains, NJ",64390
34003006100,"Cliffside Park, NJ",64390
53033025006,"Renton, WA",64389
42091203105,"Lafayette Hill, PA",64388
6075047801,"Outer Richmond, San Francisco, CA",64384
48157673500,"The Grove, Richmond, TX",64381
25021401100,"Brookline, MA",64381
8041007101,"Colorado Springs, CO",64380
12086003906,"La Gorce, Miami Beach, FL",64374
19153011025,"West Des Moines, IA",64370
36059412301,"Rockville Centre, NY",64364
9001042600,"Norwalk, CT",64363
51059460600,"Vienna, VA",64361
25009211300,"Danvers, MA",64358
17043841205,"Carol Stream, IL",64352
6037620305,"Manhattan Beach, CA",64352
53061052113,"Snohomish, WA",64352
42045401103,"Drexel Hill, Upper Darby, PA",64351
34013021000,"Verona, NJ",64349
30083070200,"Savage, MT",64348
46087964600,"Salem, SD",64348
24005400500,"Catonsville, MD",64347
31055007442,"West Omaha, Omaha, NE",64339
6037670202,"Rolling Hills Estates, CA",64339
34027042000,"Whippany, Hanover, NJ",64337
42059970501,"Waynesburg, PA",64326
46083010106,"Sioux Falls, SD",64323
34003044202,"Ramsey, NJ",64321
24031701304,"Olney, MD",64313
48121021749,"Flower Mound, TX",64312
48085031656,"Wolf Creek Estates, Plano, TX",64309
6037400204,"Bonita, La Verne, CA",64302
9007570200,"Cromwell, CT",64299
26125150300,"Bloomfield Hills, MI",64293
6037460700,"La Cañada Flintridge, CA",64292
6001450744,"Pleasanton, CA",64290
34003045100,"Ridgefield, NJ",64289
27139080903,"Prior Lake, MN",64286
12086007806,"Pinecrest, FL",64281
28049001400,"Jackson, MS",64278
48329000303,"Fannin Terrace, Midland, TX",64272
36059520401,"Farmingdale, NY",64271
29189221621,"Wildwood, MO",64265
24003731102,"Arnold, MD",64265
36059520600,"Farmingdale, NY",64262
27037060604,"Mendota Heights, MN",64255
24027602700,"Taylor Village, Ellicott City, MD",64253
36085027704,"Richmond County, NY",64246
17031760802,"O'Hare, Chicago, IL",64241
36061005900,"Lower Manhattan, New York, NY",64241
17197880303,"Naperville, IL",64240
48439113906,"Southlake, TX",64239
34007607505,"Voorhees Township, NJ",64231
13121011410,"Roswell, GA",64228
34003051100,"Rutherford, NJ",64228
36087013002,"Blauvelt, NY",64228
25017382602,"Natick, MA",64224
25017334400,"Reading, MA",64223
26163551100,"Grosse Pointe Woods, MI",64219
42045410400,"Garnet Valley, PA",64212
6001443322,"Warm Springs, Fremont, CA",64212
18057111001,"Carmel, IN",64210
17097864101,"Grayslake, IL",64210
6037108103,"Northridge, Los Angeles, CA",64209
36071014202,"Monroe, NY",64209
6001430101,"Castro Valley, CA",64206
12099005945,"Boynton Beach, FL",64204
34003012002,"East Rutherford, NJ",64200
25009217600,"Prides Crossing, Beverly, MA",64200
55133201203,"Brookfield, WI",64198
48453001913,"Westlake Highlands, Austin, TX",64198
25017315402,"Tewksbury, MA",64196
36059413100,"Oceanside, NY",64192
25025030300,"Downtown, Boston, MA",64189
34027046201,"Hackettstown, NJ",64185
48085031646,"Plano, TX",64184
24031705902,"Bannockburn, Bethesda, MD",64177
36103146606,"Bohemia, NY",64176
13121011622,"Johns Creek, GA",64176
34023006403,"East Brunswick, NJ",64171
9009157300,"Orange, CT",64171
36061012200,"Lenox Hill, New York, NY",64168
1117030330,"Birmingham, AL",64159
5007020405,"Rogers, AR",64154
34035052201,"Warren, NJ",64152
34013013900,"Nutley, NJ",64143
6085503001,"Central San Jose, San Jose, CA",64140
39061005100,"Hyde Park, Cincinnati, OH",64138
51059491703,"Fairfax, VA",64136
55133201505,"Regal Manors South, New Berlin, WI",64135
8005006857,"Greenwood Village, CO",64126
6013343003,"Walnut Creek, CA",64125
40043959300,"Camargo, OK",64120
27139080906,"Prior Lake, MN",64119
17031818100,"Westchester, IL",64117
9001060400,"Fairfield, CT",64112
6081610303,"Redwood Shores, Redwood City, CA",64110
13067030340,"Marietta, GA",64109
42091201608,"Abington, PA",64106
8005086700,"Tallyn's Reach, Aurora, CO",64094
53033032212,"Klahanie, Issaquah, WA",64089
34027040400,"Riverdale, NJ",64083
34003019304,"Fort Lee, NJ",64082
51059471303,"Falls Church, VA",64080
8035014115,"Lone Tree, CO",64079
25021409102,"Norfolk, MA",64074
36081139900,"Queens County, NY",64070
36085025100,"Richmond County, NY",64069
29189221506,"Grover, Wildwood, MO",64069
27053026907,"Champlin, MN",64067
48113014135,"Coppell, TX",64064
25021417602,"Quincy, MA",64056
27053027002,"Maple Plain, MN",64055
6001442601,"Centerville, Fremont, CA",64054
25021442102,"Franklin, MA",64052
36005031400,"Bronx County, NY",64051
24005408703,"Mays Chapel, Lutherville-Timonium, MD",64051
17097863903,"Libertyville, IL",64049
24005491000,"Baltimore, MD",64047
34037374300,"Byram Township, NJ",64044
12011090503,"Emerald Hills, Hollywood, FL",64041
27053023901,"Minneapolis, MN",64038
36103158505,"Lake Grove, NY",64037
25021441203,"Wrentham, MA",64034
17111871107,"Lake in the Hills, IL",64033
39035179102,"Pepper Pike, OH",64032
42091203302,"Eagleville, PA",64031
36103135208,"Commack, NY",64031
17031807900,"Lincolnwood, IL",64028
24031701212,"Rockville, MD",64026
9001060700,"Fairfield, CT",64026
51760041000,"Fan District, Richmond, VA",64025
25017357500,"Belmont, MA",64014
6037274202,"Venice, Marina del Rey, CA",64013
25023505101,"North Scituate, Scituate, MA",64013
18097320304,"Washington Township, Indianapolis, IN",64004
17043841103,"Roselle, IL",64000
42029303501,"Kennett Square, PA",63997
17089850703,"Hampshire, IL",63990
49035114800,"Greater Avenues, Salt Lake City, UT",63987
25025070101,"Boston, MA",63986
51013103000,"Shirlington, Arlington, VA",63985
42017105202,"Newtown, PA",63981
13067030332,"Marietta, GA",63980
48085031647,"Glen Meadows, Plano, TX",63978
51107611900,"Ashburn, VA",63975
17031824003,"Lemont, IL",63975
13121010122,"Sandy Springs, GA",63972
36059520501,"South Farmingdale, NY",63962
27037060509,"Inver Grove Heights, MN",63961
51153901236,"Woodbridge, VA",63954
9001090200,"Trumbull, CT",63952
42101034400,"Bustleton, Philadelphia, PA",63950
21117065200,"Fort Wright, KY",63948
51107611014,"Ashburn, VA",63945
34035052203,"Warren, NJ",63943
24005400400,"Catonsville, MD",63941
17043841316,"Bartlett, IL",63929
47037018602,"Otter Creek, Forest Hills, TN",63928
6059063006,"Newport Beach, CA",63924
51059431802,"Burke, VA",63924
42091206300,"Collegeville, PA",63924
48157673002,"Westside, Katy, TX",63919
53033028600,"Normandy Park, WA",63919
25017338100,"Winchester, MA",63913
17097864107,"Mundelein, IL",63911
8013012903,"Lafayette, CO",63911
8035014113,"Highlands Ranch, CO",63907
6013391000,"Berkeley, CA",63907
29189215400,"St. Louis, MO",63904
29189217600,"Des Peres, MO",63894
25023520202,"Abington, MA",63893
34015502001,"Gloucester County, NJ",63893
20091053424,"Tu'lakes, Overland Park, KS",63893
42003422000,"Pittsburgh, PA",63887
41067031513,"Bethany, Portland, OR",63887
51059481702,"Fairfax, VA",63886
36081124700,"Queens County, NY",63885
24005410200,"Phoenix, MD",63879
40109108107,"Edmond, OK",63874
9007570300,"Cromwell, CT",63873
51059430202,"Fairfax, VA",63872
17031818900,"La Grange Park, IL",63872
36059410000,"Valley Stream, NY",63871
53033021500,"Lake Forest Park, WA",63870
17089850702,"Hampshire, IL",63869
36087011403,"New City, NY",63866
34025801100,"Middletown, NJ",63858
24031705800,"Glen Echo, MD",63858
42091207400,"Telford, PA",63854
25021415102,"Canton, MA",63853
34023001414,"Edison, NJ",63852
51059491102,"Centreville, VA",63850
6001450601,"Pleasanton, CA",63850
34003007001,"Closter, NJ",63850
8014030900,"Broomfield, CO",63849
17031825304,"Tinley Park, IL",63849
48201541201,"Copperfield Westcreek Village, Houston, TX",63848
36103122300,"Farmingdale, NY",63848
48453001917,"The Hills Of Lost Creek, Austin, TX",63845
17031720100,"Beverly, Chicago, IL",63839
6059062644,"Newport Beach, CA",63835
10003001300,"Highlands, Wilmington, DE",63835
6041115000,"San Anselmo, CA",63831
34007603603,"Barclay-Kingston, Cherry Hill, NJ",63829
17031824005,"Lemont, IL",63827
36119002101,"Northeast Yonkers, Yonkers, NY",63827
42029300108,"Shand Tract, Devon, PA",63824
34003025100,"Hasbrouck Heights, NJ",63821
6037430701,"Arcadia, CA",63818
42003412001,"Wexford, PA",63815
25025010104,"Boston, MA",63814
51107610102,"Lovettsville, VA",63814
56037970700,"Green River, WY",63809
17031824506,"Oak Forest, IL",63807
17031832600,"Lincoln Park, Chicago, IL",63806
25027744102,"Milford, MA",63802
4013040519,"Trilogy At Vistancia, Peoria, AZ",63800
9001110400,"Shelton, CT",63797
22071013301,"Lake Shore - Lake Vista, New Orleans, LA",63794
36059407700,"Westbury, NY",63791
42003411000,"Wexford, PA",63790
26163574800,"Dearborn, MI",63790
25017335200,"Wakefield, MA",63785
34035052903,"Pluckemin, Bedminster Township, NJ",63784
24025303502,"Bel Air, MD",63782
34019010400,"Asbury, NJ",63781
27053027400,"Wayzata, MN",63780
48303010509,"Lubbock, TX",63780
27123041301,"Roseville, MN",63772
37031971002,"Pine Knoll Shores, NC",63772
6001435103,"Hayward, CA",63772
6037214100,"Central LA, Los Angeles, CA",63771
25009213100,"Boxford, MA",63769
36081099704,"Queens County, NY",63766
29183310602,"Saint Charles, MO",63758
34003003402,"Bergenfield, NJ",63757
24031701312,"Olney, MD",63753
42029311300,"West Chester, PA",63749
27163071016,"Woodbury, MN",63748
42095010200,"Bethlehem, PA",63744
27163071013,"Saint Paul, MN",63741
42029300302,"Malvern, PA",63740
25017365201,"Sudbury, MA",63739
17089852201,"St. Charles, IL",63738
36059410800,"Valley Stream, NY",63738
42045408002,"Media, PA",63736
1117030342,"Birmingham, AL",63730
48085030528,"McKinney, TX",63727
9003462201,"Avon, CT",63724
36081115100,"Queens County, NY",63721
17119403702,"Highland, IL",63714
25017357200,"Belmont, MA",63714
8059012049,"Littleton, CO",63708
12011070318,"Weston, FL",63707
34005703102,"Lumberton, NJ",63706
36081127700,"Queens County, NY",63703
17031806801,"Skokie, IL",63700
27163071015,"Woodbury, MN",63699
27123040100,"Saint Paul, MN",63697
34019010100,"Lebanon, NJ",63695
6037920330,"Santa Clarita, CA",63691
6037194101,"Central LA, Los Angeles, CA",63689
48121021632,"Northeast Carrollton, Carrollton, TX",63687
13113140307,"Fayetteville, GA",63687
17043842704,"Wheaton, IL",63685
55131450105,"Slinger, WI",63684
36103147702,"West Sayville, NY",63680
27037060829,"Apple Valley, MN",63679
55133200803,"Imperial Estates, Brookfield, WI",63677
8005086300,"Aurora, CO",63676
17031815701,"Riverside, IL",63676
53033024902,"Cougar Mountain, Bellevue, WA",63672
9013535100,"Ellington, CT",63671
42003475401,"Pittsburgh, PA",63669
42091206802,"Eagleville, PA",63668
6059075606,"Santa Ana, CA",63666
37183053005,"Highlands, Raleigh, NC",63661
10003013506,"Newark, DE",63658
6037464200,"San Marino, CA",63656
48157672100,"Sugar Lakes, Sugar Land, TX",63655
37183053808,"Raleigh, NC",63653
29183312300,"St. Peters, MO",63652
56005000100,"Gillette, WY",63650
34029713201,"Brick, NJ",63650
48201342001,"Baywood Shadows, Pasadena, TX",63649
12086006102,"Coral Gables Section, Coral Gables, FL",63648
24027602306,"Dunloggin, Ellicott City, MD",63646
51153901231,"Manassas, VA",63645
6041124100,"Belvedere Tiburon, Tiburon, CA",63645
27123041700,"Roseville, MN",63643
27053026013,"Eden Prairie, MN",63643
36029014604,"East Amherst, NY",63641
8005086600,"Heritage Eagle Bend, Aurora, CO",63640
26125168100,"Farmington Hills, MI",63636
38089963800,"Dickinson, ND",63632
24031700823,"Gaithersburg, MD",63631
38077970800,"Mooreton, ND",63626
36103135104,"Smithtown, NY",63622
53033032329,"Redmond Ridge, Redmond, WA",63618
6037920045,"Santa Clarita, CA",63615
24027605104,"Clarksville, MD",63615
19155031601,"Council Bluffs, IA",63606
34017012300,"Kearny, NJ",63604
42091206901,"Lansdale, PA",63601
36059300800,"Great Neck, NY",63600
9009176000,"Wallingford, CT",63600
36103146612,"Holbrook, NY",63598
36059520200,"Bethpage, NY",63597
17031804710,"Schaumburg, IL",63596
34013013700,"Nutley, NJ",63595
47187050207,"Brentwood, TN",63593
21111007501,"Riverwood, KY",63592
51059451300,"Falls Church, VA",63589
48201431501,"Westside, Houston, TX",63586
29189220432,"St. Louis, MO",63586
26125136700,"Northville, MI",63583
17111871206,"Algonquin, IL",63576
17031818600,"La Grange Park, IL",63575
29047021309,"Kansas City, MO",63570
34023006703,"East Brunswick, NJ",63568
29189222100,"Grover, Wildwood, MO",63567
34027044300,"Rockaway, NJ",63563
42003474102,"Pittsburgh, PA",63562
12099007909,"Pineapple Park / Ibis, West Palm Beach, FL",63560
53033032800,"North Bend, WA",63559
6037403320,"Diamond Bar, CA",63556
17097863300,"Lake Bluff, IL",63556
42029302000,"Malvern, PA",63554
36047065800,"Kings County, NY",63554
31055007471,"Omaha, NE",63553
36059415000,"Merrick, NY",63552
29071800202,"Washington, MO",63550
9001035100,"New Canaan, CT",63550
25017383600,"Framingham, MA",63548
34027042700,"Chatham, NJ",63547
51059480802,"Herndon, VA",63541
36081130100,"Queens County, NY",63541
46083010104,"Sioux Falls, SD",63538
36087011302,"Nanuet, NY",63535
4013103206,"Paradise Valley Village, Scottsdale, AZ",63531
25027740102,"Northborough, Northborough, MA",63531
34027044403,"White Meadow Lake, Rockaway, NJ",63529
51153901232,"Manassas, VA",63527
34013016100,"Upper Montclair, Montclair, NJ",63525
48085031654,"Highlands Of Preston Ridge, Plano, TX",63523
6013345202,"San Ramon, CA",63518
9013529100,"Bolton, CT",63516
39061023902,"Cincinnati, OH",63515
29095013407,"South Kansas City, Kansas City, MO",63508
36081140300,"Queens County, NY",63503
6059062702,"Corona Del Mar, Newport Beach, CA",63498
17031824505,"Oak Forest, IL",63496
24021740200,"Walkersville, MD",63494
36103158410,"Shoreham, NY",63493
42091204600,"Penn Valley, PA",63492
6037577504,"Peninsula, Long Beach, CA",63491
25021422100,"Weymouth, MA",63491
51059491404,"Centreville, VA",63482
36119010500,"Dobbs Ferry, NY",63479
17043844602,"Elmhurst, IL",63475
39055311600,"Chagrin Falls, OH",63473
25017331300,"Wilmington, MA",63471
27053026205,"Minnetonka, MN",63469
48493000600,"Poth, TX",63466
36085017005,"Richmond County, NY",63463
25023501102,"Hingham, Hingham, MA",63463
42017104505,"Doylestown, PA",63463
17043846315,"Lisle, IL",63458
36059301400,"Port Washington, NY",63451
6037920322,"Santa Clarita, CA",63447
36103158508,"Farmingville, NY",63445
34015500204,"West Deptford, NJ",63444
34003009200,"Haworth, NJ",63443
9003492500,"Wethersfield, CT",63443
34025803300,"Holmdel, NJ",63442
25027719100,"Sterling, MA",63440
36061000700,"Lower Manhattan, New York, NY",63438
36103134906,"Kings Park, NY",63438
51107610202,"Round Hill, VA",63438
34019011001,"Hunterdon County, NJ",63437
24033806400,"University Park, MD",63436
36103158802,"Blue Point, NY",63432
39107968000,"Fort Recovery, OH",63430
42003473402,"Mount Lebanon, PA",63427
48201554700,"Lakewood Grove, Tomball, TX",63427
21117065502,"Edgewood, KY",63423
36081070700,"Queens County, NY",63422
6019005522,"Clovis, CA",63421
34005703804,"Medford, NJ",63420
34025808300,"Avon-by-the-Sea, NJ",63420
6001430300,"Castro Valley, CA",63411
9001205200,"Brookfield, CT",63410
24005405000,"Upperco, MD",63404
48491020317,"Cedar Park, TX",63399
48201552800,"Champions Park, Houston, TX",63397
34017006600,"Jersey City, NJ",63396
55133201506,"Regal Manors, New Berlin, WI",63390
17043846209,"Naperville, IL",63389
25017385100,"Ashland, MA",63386
48453001782,"Austin, TX",63383
51041101008,"Midlothian, VA",63382
6001450746,"Pleasanton, CA",63378
34027045401,"Landing, Mount Arlington, NJ",63375
25027729100,"West Boylston, MA",63372
42001031000,"Hanover, PA",63368
36047065600,"Kings County, NY",63368
31109003609,"Lincoln, NE",63366
34039037400,"Cranford, NJ",63361
17031802608,"Prospect Heights, IL",63357
9001021200,"Newfield - Westover - Turn of River, Stamford, CT",63357
25025020101,"Beacon Hill, Boston, MA",63356
55079090800,"Wauwatosa, WI",63347
48381021609,"Amarillo, TX",63347
36005028600,"Bronx County, NY",63344
6073009901,"Point Loma, San Diego, CA",63342
56033000600,"Sheridan, WY",63339
36085014604,"Richmond County, NY",63333
6037300702,"Brockmont, Glendale, CA",63328
36081066701,"Queens County, NY",63322
42003480200,"Pittsburgh, PA",63321
29189218800,"St. Louis, MO",63319
36081157902,"Queens County, NY",63316
17097865501,"Highland Park, IL",63316
48201340600,"Clear Lake, Houston, TX",63314
47037017902,"Green Hills, Nashville, TN",63314
6041126100,"Mill Valley, CA",63312
46083010105,"Tea, SD",63312
31055007472,"Omaha, NE",63308
48167721400,"South Shore Harbour, League City, TX",63307
34015500600,"Mickleton, NJ",63300
40143007632,"Tulsa, OK",63300
17043844301,"Lombard, IL",63298
51059432202,"Burke, VA",63298
48007950200,"Rockport, TX",63297
36085017012,"Richmond County, NY",63296
42091200603,"Lansdale, PA",63293
9003492600,"Wethersfield, CT",63290
9001110500,"Shelton, CT",63288
13121011503,"Alpharetta, GA",63288
24013505102,"Sykesville, MD",63286
39045032800,"Pickerington, OH",63283
48113007604,"North Dallas, Dallas, TX",63281
34003042100,"Paramus, NJ",63279
6059099415,"Huntington Beach, CA",63279
19153011112,"West Des Moines, IA",63279
26163551700,"Grosse Pointe Woods, MI",63278
27053025903,"West Bloomington, Bloomington, MN",63276
17031806700,"Evanston, IL",63276
34025810004,"Yorketown, Manalapan Township, NJ",63275
27123042503,"Maplewood, MN",63273
17043840201,"Itasca, IL",63270
36079011200,"Mahopac, NY",63267
19049050901,"Waukee, IA",63267
25021418003,"Quincy, MA",63266
17089852606,"Geneva, IL",63260
9001020600,"Newfield - Westover - Turn of River, Stamford, CT",63259
20091051806,"Monitor Square, Overland Park, KS",63258
6001404300,"Upper Rockridge, Oakland, CA",63255
37119003016,"Oxford Hunt, Charlotte, NC",63254
6075030301,"Inner Sunset, San Francisco, CA",63254
22071005602,"Lakeview, New Orleans, LA",63253
34027042302,"Morris Plains, NJ",63244
36059413700,"Baldwin, NY",63241
48157674000,"Woodstream, Sugar Land, TX",63241
26161415800,"Bryant Pattengill West, Ann Arbor, MI",63240
42003409000,"Wexford, PA",63234
34003050000,"Rochelle Park, NJ",63232
24031701317,"Brookeville, MD",63224
25021422600,"Weymouth, MA",63223
27139081100,"Elko New Market, MN",63212
34005700307,"Cinnaminson, NJ",63210
27037060507,"Inver Grove Heights, MN",63208
36081093402,"Queens County, NY",63206
55025010903,"Hawk's Landing, Verona, WI",63195
48439113622,"Colleyville, TX",63195
8005006708,"Centennial, CO",63195
36081088400,"Queens County, NY",63194
24021751201,"Frederick, MD",63191
26125196400,"Troy, MI",63191
25017368102,"Piety Corner, Waltham, MA",63190
25021410100,"Foxborough, MA",63189
24005490400,"Towson, MD",63182
42045410602,"Folsom, PA",63180
34003033300,"Maywood, NJ",63180
18081610701,"Greenwood, IN",63179
17043846504,"Naperville, IL",63178
34013019000,"South Orange, NJ",63173
13185010302,"Valdosta, GA",63173
25017374200,"Newton Highlands, Newton, MA",63171
26163564502,"Canton, MI",63168
17197883212,"Shorewood, IL",63165
32007950200,"Wells, NV",63163
55133203304,"Lake Park Of Pewaukee, Pewaukee, WI",63163
6085511704,"Los Altos Hills, CA",63157
36029009104,"Buffalo, NY",63148
13089021604,"Sagamore Hills, Decatur, GA",63147
24031705000,"Bethesda, MD",63142
17097864514,"Lincolnshire, IL",63142
25023506101,"Marshfield, MA",63142
36005028800,"Bronx County, NY",63141
9003430301,"Southington, CT",63141
25027727100,"Paxton, MA",63139
36061008000,"Midtown, New York, NY",63136
42045409802,"Strafford, PA",63133
8035014127,"Castle Rock, CO",63130
8005083000,"The Conservatory at the Plains, Aurora, CO",63128
6081607100,"South San Mateo, San Mateo, CA",63127
25027746100,"Mendon, MA",63124
6085510500,"North Los Altos, Los Altos, CA",63123
25023508200,"Pembroke, MA",63121
17097864308,"Barrington, IL",63119
38015010700,"Bismarck, ND",63117
19153010404,"Urbandale, IA",63115
34003037201,"New Milford, NJ",63114
42091200506,"Horsham, PA",63113
39017011118,"Butler County, OH",63113
6111007201,"Thousand Oaks, CA",63112
6081612700,"Menlo Park, CA",63110
17097861603,"Gurnee, IL",63109
27037060506,"Inver Grove Heights, MN",63108
51041100936,"Midlothian, VA",63105
17031802802,"Mount Prospect, IL",63104
6037139701,"Encino, Los Angeles, CA",63103
17097864801,"Deerfield, IL",63100
17197883505,"Frankfort, IL",63099
19153011113,"West Des Moines, IA",63099
6059062643,"Newport Coast, Newport Beach, CA",63095
26125158000,"Beverly Hills, MI",63094
27123040704,"Shoreview, MN",63094
34023001502,"Edison, NJ",63094
9003477200,"West Suffield, Suffield, CT",63093
6073009504,"Scripps Ranch, San Diego, CA",63092
37183053523,"Preston, Cary, NC",63092
51059451800,"Lincolnia, VA",63087
6037800326,"Westlake Village, CA",63085
25027730801,"Salisbury Street, Worcester, MA",63084
17097861611,"Gurnee, IL",63083
51107611005,"Ashburn, VA",63081
51059481900,"Reston, VA",63081
25017354200,"West Cambridge, Cambridge, MA",63077
48201553700,"Wimbledon Estates & Racquet Club, Spring, TX",63072
9001060200,"Fairfield, CT",63070
42045409400,"Havertown, PA",63070
25017358100,"Lexington, MA",63069
48157674501,"Missouri City, TX",63068
26125154500,"Orchard Lake, Orchard Lake Village, MI",63066
42101980200,"Northeast Philadelphia, Philadelphia, PA",63058
6075012800,"Cow Hollow, San Francisco, CA",63056
25009211402,"Danvers, MA",63053
36047020200,"Kings County, NY",63051
6075032601,"Outer Sunset, San Francisco, CA",63050
29189220803,"St. Louis, MO",63049
55089660201,"Mequon, WI",63048
55133201404,"New Berlin, WI",63047
42003474203,"Upper Saint Clair, PA",63044
53061052005,"Mill Creek, WA",63043
25017312501,"Belvidere, Lowell, MA",63040
34035050802,"Bridgewater, NJ",63036
20091051801,"Somerset Manor, Prairie Village, KS",63032
17043841802,"Wheaton, IL",63030
34027044501,"Dover, NJ",63024
24021752204,"Frederick, MD",63020
18063210103,"Brownsburg, IN",63019
48201340800,"Clear Lake, Houston, TX",63018
6037278102,"Playa del Rey, Los Angeles, CA",63011
6075012601,"Marina District, San Francisco, CA",63008
48121021513,"Lewisville, TX",63007
6081600900,"Westlake, Daly City, CA",63007
8035014137,"Southridge, Littleton, CO",63006
17031806802,"Skokie, IL",63005
39011041000,"Minster, OH",63004
36081161700,"Queens County, NY",62994
48085031711,"Far North Dallas, Dallas, TX",62993
48029191505,"Elm Creek, San Antonio, TX",62989
38087965000,"Bowman, ND",62984
27163071101,"Lakeland, MN",62981
42091201410,"Ambler, PA",62980
36087012000,"Suffern, NY",62978
6075042800,"Outer Richmond, San Francisco, CA",62973
34019010702,"Pittstown, Franklin, NJ",62970
39035183300,"Shaker Heights, OH",62968
17111871310,"Algonquin, IL",62967
13121011612,"Duluth, GA",62963
42003475402,"Bethel Park, PA",62962
48339694302,"Montgomery, TX",62961
34023008601,"Princeton, NJ",62960
24027602202,"Ellicott City, MD",62956
25021441204,"Wrentham, MA",62956
51107610601,"Leesburg, VA",62949
29189220441,"St. Louis, MO",62944
51041100935,"Midlothian, VA",62940
48113019600,"Park Cities, Dallas, TX",62936
37119005841,"Ballantyne, Charlotte, NC",62935
51059491202,"Centreville, VA",62935
25017335400,"Wakefield, MA",62934
17043843000,"Elmhurst, IL",62933
42017105003,"Richboro, PA",62931
34021002903,"Hamilton Township, NJ",62931
45019002105,"Johns Island, SC",62928
34023007806,"Old Bridge, Old Bridge Township, NJ",62927
6059021828,"Yorba Linda, CA",62926
36047064600,"Kings County, NY",62920
25027761200,"Westborough, MA",62916
13089021211,"Atlanta, GA",62914
36119002107,"Colonial Heights, Yonkers, NY",62906
34039038700,"Fanwood, NJ",62901
6041124200,"Belvedere Tiburon, Tiburon, CA",62901
6085511912,"Almaden, San Jose, CA",62900
20091053201,"Dover Estates, Leawood, KS",62900
25009210300,"Peabody, MA",62898
6081609201,"San Carlos, CA",62898
27053026206,"Minnetonka, MN",62897
6059062604,"Irvine, CA",62894
48201553402,"Spring, TX",62893
42029301800,"Chester Springs, PA",62892
27037060820,"Lakeville, MN",62892
27139080205,"Savage, MN",62889
18037953700,"Ferdinand, IN",62886
36081063302,"Queens County, NY",62885
6013343002,"Walnut Creek, CA",62883
53001950200,"Lind, WA",62879
48339691301,"Indian Springs, The Woodlands, TX",62873
6085507402,"Quito Village, Saratoga, CA",62872
36061014401,"Upper East Side, New York, NY",62872
42091200708,"Hatfield, PA",62871
34003010200,"Dumont, NJ",62871
36103158304,"Miller Place, NY",62869
6037108101,"Northridge, Los Angeles, CA",62862
6111007402,"Thousand Oaks, CA",62861
8059012035,"Valley Stallion Pointe, Littleton, CO",62858
36103135101,"Commack, NY",62856
17119403701,"Edwardsville, IL",62852
9009150700,"Milford, CT",62851
48121021512,"Highland Village, TX",62850
27037060728,"Eagan, MN",62848
25017357800,"Belmont, MA",62846
42045407404,"Wallingford, Nether Providence Township, PA",62845
9003515200,"Martins, Manchester, CT",62843
13121011426,"Johns Creek, GA",62840
49035104100,"Salt Lake City, UT",62836
42003429500,"Pittsburgh, PA",62834
34013019400,"Maplewood, NJ",62834
27037061004,"Rosemount, MN",62832
29189220446,"St. Louis, MO",62832
42101036502,"Northeast Philadelphia, Philadelphia, PA",62831
34013021702,"Caldwell, NJ",62827
48201430500,"Westside, Houston, TX",62821
36059408900,"Levittown, NY",62818
42091208302,"Gilbertsville, PA",62818
9001060100,"Fairfield, CT",62816
36047059402,"Kings County, NY",62816
36103122901,"West Babylon, NY",62816
20091050900,"Sagamore Hills, Mission Hills, KS",62816
36119010200,"Hastings-on-Hudson, NY",62815
27123041106,"New Brighton, MN",62811
48085031613,"Parker Road Estates, Plano, TX",62810
34003014000,"Emerson, NJ",62809
17097864505,"Deerfield, IL",62806
36061013400,"Lenox Hill, New York, NY",62806
6085511702,"Country Club, Los Altos, CA",62805
25017332400,"Burlington, MA",62805
34023007911,"Matawan, NJ",62803
27037061401,"Hastings, MN",62798
36061012600,"Lenox Hill, New York, NY",62798
26081012300,"Reeds Lake, East Grand Rapids, MI",62795
25001014900,"Falmouth, MA",62789
42091207104,"Souderton, PA",62788
51059440100,"Fairfax, VA",62782
6075032802,"Sunset District, San Francisco, CA",62781
25017386100,"Sherborn, MA",62781
6111007607,"Moorpark, CA",62773
42017105207,"Newtown, PA",62770
34003019204,"Fort Lee, NJ",62769
17089854501,"Elburn, IL",62768
29189215301,"Creve Coeur, MO",62766
34007605800,"Haddon Heights, NJ",62761
6075047802,"Richmond District, San Francisco, CA",62756
42091203103,"Lafayette Hill, PA",62756
17197880601,"Lockport, IL",62753
36047014800,"Kings County, NY",62752
53033032323,"Education Hill, Redmond, WA",62749
42091203104,"Lafayette Hill, PA",62746
34019010801,"Clinton, NJ",62745
25027739400,"Shrewsbury, MA",62743
29189222000,"St. Louis, MO",62739
21111010313,"Prospect, KY",62739
25017320102,"Hopkinton, MA",62737
34031264102,"Woodland Park, NJ",62737
27053025805,"West Bloomington, Bloomington, MN",62733
13121009000,"Buckhead, Atlanta, GA",62730
6037800410,"Malibu, CA",62729
42029300303,"Paoli, PA",62728
27123035100,"Macalester - Groveland, Saint Paul, MN",62727
38045972100,"LaMoure, ND",62726
9001220100,"New Fairfield, CT",62725
53033032208,"Sammamish, WA",62723
46099001902,"Sioux Falls, SD",62722
29189220431,"St. Louis, MO",62721
29183310801,"Saint Charles, MO",62720
6037920016,"Santa Clarita, CA",62718
36103158116,"Selden, NY",62716
24005490100,"Towson, MD",62713
48135002900,"Odessa, TX",62713
24003702300,"Davidsonville, MD",62711
36061012000,"Lenox Hill, New York, NY",62711
6081605300,"Burlingame Terrace, Burlingame, CA",62710
6037262601,"Pacific Palisades, Los Angeles, CA",62708
39049007041,"Northwoods, Columbus, OH",62707
39035179101,"Pepper Pike, OH",62707
37183053721,"Raleigh, NC",62705
9001105200,"Easton, CT",62704
55131470204,"Germantown, WI",62700
25017373700,"Newton Centre, Newton, MA",62700
17043846103,"Naperville, IL",62700
4013420304,"Hermosa Vista Flood, Mesa, AZ",62699
6037113211,"Chatsworth, Los Angeles, CA",62697
55133201503,"Weather Creek, New Berlin, WI",62690
12099007835,"Palm Beach Gardens, FL",62689
34031124401,"Clifton, NJ",62688
6059032043,"Trabuco Canyon, CA",62687
9001061600,"Fairfield, CT",62687
25021411200,"East Walpole, Walpole, MA",62683
48085031314,"Wylie, TX",62678
48201554600,"Lakewood Forest, Tomball, TX",62676
13089021210,"Dunwoody, GA",62674
13121011504,"Alpharetta, GA",62672
34031236602,"Wanaque, NJ",62669
48201251503,"Kingwood, Houston, TX",62669
25021411100,"Walpole, MA",62669
27003050210,"Forest Lake, MN",62664
48201430900,"Westside, Houston, TX",62658
17197882701,"Joliet, IL",62658
34003028002,"Leonia, NJ",62653
27053024003,"Minneapolis, MN",62651
39035195800,"Chagrin Falls, OH",62651
42003475102,"Bethel Park, PA",62649
25001011801,"Yarmouth Port, Yarmouth, MA",62648
34025806400,"Oakhurst, Avon-by-the-Sea, NJ",62647
18127050405,"Portage, IN",62646
6085508203,"Sunnyvale, CA",62633
34021003704,"Ewing Township, NJ",62631
17043841004,"Roselle, IL",62627
55133200901,"Capitol Drive Garden Acres, Brookfield, WI",62626
6095252105,"Benicia, CA",62623
34003045200,"Ridgefield, NJ",62622
22071012000,"Audubon, New Orleans, LA",62617
6037262704,"Pacific Palisades, Los Angeles, CA",62615
34025810003,"Yorketown, Manalapan Township, NJ",62611
42003426800,"Allegheny County, PA",62610
27123041500,"Roseville, MN",62609
33015064000,"Hampton Falls, NH",62607
36081066300,"Queens County, NY",62606
6059001602,"Fullerton, CA",62605
55133203704,"Eastern Shores, Hartland, WI",62600
36091062508,"Saratoga County, NY",62599
49043964202,"Kamas, UT",62590
34013017302,"West Orange, NJ",62589
53033031907,"Renton, WA",62586
6081609700,"Emerald Hills, CA",62582
48085030506,"Prestmont, Frisco, TX",62581
27037060815,"Lakeville, MN",62580
48113019400,"Park Cities, Dallas, TX",62579
26037010500,"Fowler, MI",62579
53033024300,"Mercer Island, WA",62579
42101033200,"Mayfair, Philadelphia, PA",62577
27003050237,"Circle Pines, MN",62572
36061007200,"Kips Bay, New York, NY",62570
17043841704,"Carol Stream, IL",62569
54081001002,"Sophia, WV",62567
6037300901,"Chevy Chase, Glendale, CA",62564
17113005101,"Bloomington, IL",62562
39061020812,"Cincinnati, OH",62561
26081012202,"Cascade Hills, Ada, MI",62560
17063000600,"Mazon, IL",62559
36047057400,"Kings County, NY",62558
44007014501,"Cranston, RI",62557
25025020301,"West End, Boston, MA",62557
6075030800,"West of Twin Peaks, San Francisco, CA",62556
17043842706,"Glen Ellyn, IL",62550
36085018902,"Richmond County, NY",62550
51059415200,"Alexandria, VA",62550
17097864001,"Mundelein, IL",62544
36119012501,"Katonah, NY",62544
51153901505,"Haymarket, VA",62543
49035112814,"Sandy, UT",62540
24003702702,"Annapolis, MD",62536
40143004301,"Tulsa, OK",62535
25021400800,"Coolidge Corner South Side, Brookline, MA",62535
36005044901,"Bronx County, NY",62535
10003013505,"Newark, DE",62534
27053026101,"Hopkins, MN",62533
6037403405,"Valle Lindo, Walnut, CA",62533
36103146615,"Holbrook, NY",62523
6059021915,"Anaheim Hills, Anaheim, CA",62522
27163070909,"Oakdale, MN",62521
36055012306,"Pittsford, NY",62519
51153901009,"Montclair, VA",62519
51059420203,"Alexandria, VA",62517
8001009410,"East Central Westminster, Westminster, CO",62516
17031804507,"Bartlett, IL",62514
25023504101,"Norwell, MA",62509
17089850400,"East Dundee, IL",62508
55087012505,"Appleton, WI",62508
6073008301,"Pacific Beach, San Diego, CA",62506
34027043401,"Morristown, NJ",62502
6037573902,"El Dorado, Long Beach, CA",62502
19153011500,"Polk City, IA",62500
48041002009,"Pebble Creek, College Station, TX",62500
17031803015,"Prospect Heights, IL",62488
55093960400,"River Falls, WI",62487
37183054012,"North Raleigh, Raleigh, NC",62485
6059001706,"Fullerton, CA",62479
48113018110,"Garland, TX",62478
51059461000,"Vienna, VA",62478
36081120700,"Queens County, NY",62477
36085012100,"Richmond County, NY",62477
18057110908,"Carmel, IN",62475
26125166200,"Farmington Hills, MI",62474
38053962400,"Watford City, ND",62474
42091206905,"Harleysville, PA",62472
6081603400,"Park Pacifica, Pacifica, CA",62472
17043840304,"Addison, IL",62472
26161402300,"King, Ann Arbor, MI",62464
42017101802,"Chalfont, PA",62460
6085511907,"South San Jose, San Jose, CA",62451
26081004400,"Ridgemoor, Grand Rapids, MI",62448
26125157000,"West Bloomfield Township, MI",62444
36061011201,"Midtown, New York, NY",62443
51061930304,"Broad Run, VA",62438
6029002811,"Seven Oaks, Bakersfield, CA",62435
21117064000,"Villa Hills, KY",62433
34031154001,"Little Falls, NJ",62432
24005411309,"Perry Hall, MD",62428
51059482002,"Reston, VA",62426
26093710100,"Fenton, MI",62426
36087013401,"Tappan, NY",62425
1117030333,"Birmingham, AL",62424
48085031663,"Deerfield, Plano, TX",62420
55133201202,"Black Forest Knoll, Brookfield, WI",62420
12081001703,"Longboat Key, FL",62418
36081069500,"Queens County, NY",62417
25017324102,"Littleton, MA",62415
34031124602,"Clifton, NJ",62413
42017100206,"Bensalem, PA",62410
25021415101,"Canton, MA",62409
48201554502,"Longwood Village, Cypress, TX",62406
51013101000,"Arlington, VA",62404
4013319907,"South Tempe, Tempe, AZ",62403
17031080100,"Gold Coast, Chicago, IL",62402
36087010503,"Pomona, NY",62399
13135050321,"Peachtree Corners, GA",62399
25021419500,"Braintree, MA",62397
42045408900,"Havertown, PA",62392
25021407100,"Millis-Clicquot, Millis, MA",62389
34003039200,"Oakland, NJ",62384
9009160100,"Woodbridge, CT",62380
48201541100,"Copperfield Middlegate Village, Houston, TX",62379
27163070403,"Stillwater, MN",62379
6075032801,"Parkside, San Francisco, CA",62377
17179021606,"Morton, IL",62377
6085503324,"East San Jose, San Jose, CA",62376
25017384001,"Framingham, MA",62374
8031004303,"East, Denver, CO",62370
34027041705,"Parsippany, Parsippany-Troy Hills, NJ",62369
6013321103,"Martinez, CA",62366
36085017010,"Richmond County, NY",62363
13067030231,"Marietta, GA",62360
6037620303,"Manhattan Beach, CA",62359
51059430901,"West Springfield, VA",62357
17043841112,"Bloomingdale, IL",62353
1089001902,"Huntsville, AL",62351
6085507806,"Cupertino, CA",62350
42003474202,"Upper Saint Clair, PA",62345
6075032901,"Sunset District, San Francisco, CA",62344
25017317102,"Chelmsford, MA",62343
39017011131,"Butler County, OH",62341
9001100300,"Monroe, CT",62340
24037876100,"Leonardtown, MD",62339
27053026822,"Minneapolis, MN",62338
8005006855,"Greenwood Village, CO",62337
36005024400,"Bronx County, NY",62334
36059411901,"Lynbrook, NY",62332
19153010203,"Ankeny, IA",62331
9003466102,"Simsbury, CT",62328
36059408800,"Levittown, NY",62326
42091200606,"North Wales, PA",62324
56041975200,"Lyman, WY",62324
13067030342,"Roswell, GA",62323
19167070100,"Sheldon, IA",62321
27037060824,"Apple Valley, MN",62316
27037060816,"Lakeville, MN",62313
36047060000,"Kings County, NY",62312
48201412700,"Southwest Houston, Bellaire, TX",62311
36103110502,"Greenlawn, NY",62311
42017105206,"Newtown, PA",62310
39061024322,"Cincinnati, OH",62307
6037189701,"Central LA, Los Angeles, CA",62303
13121011505,"Roswell, GA",62302
17031808500,"Morton Grove, IL",62302
53033032315,"Redmond, WA",62295
17043843700,"Villa Park, IL",62293
9003487201,"South Windsor, CT",62291
27053027700,"Minnetrista, MN",62291
55079070100,"Whitefish Bay, WI",62290
29189221202,"St. Louis, MO",62287
12085000100,"Stuart, FL",62284
42017104506,"Doylestown, PA",62279
34005702918,"Mount Laurel, NJ",62278
51059430500,"Springfield, VA",62278
13051011006,"The Landings, Savannah, GA",62272
25017331200,"Wilmington, MA",62269
36029009109,"Buffalo, NY",62269
6037620901,"Manhattan Beach, CA",62269
27053026511,"Plymouth, MN",62264
47157008500,"East Memphis, Memphis, TN",62263
48439113815,"Keller, TX",62263
25017385202,"Ashland, MA",62261
22071012102,"Uptown/Carrollton, New Orleans, LA",62259
38009952500,"Maxbass, ND",62258
25017323100,"Stow, MA",62256
17043846408,"Aurora, IL",62252
36103135002,"Saint James, NY",62249
39035183200,"Shaker Heights, OH",62249
36119006600,"New Rochelle, NY",62248
36087011602,"Suffern, NY",62246
9003466101,"Weatogue, Simsbury, CT",62238
6085506900,"Los Gatos, CA",62235
48453001910,"Bee Cave Woods, Austin, TX",62235
27053026510,"Plymouth, MN",62235
20091052601,"Lenexa, KS",62234
6075047902,"Outer Richmond, San Francisco, CA",62229
20173010500,"Colwich, KS",62227
53033032320,"Leota, Woodinville, WA",62225
26099227000,"Shelby charter Township, MI",62222
49035112615,"Sandy, UT",62219
25021417501,"North Quincy, Quincy, MA",62218
24005411308,"Nottingham, MD",62217
42101000804,"Center City, Philadelphia, PA",62216
42003437000,"Pittsburgh, PA",62212
6059075809,"Villa Park, CA",62202
34023008405,"Kendall Park, South Brunswick Township, NJ",62197
42045408500,"Havertown, PA",62195
26125168500,"Farmington Hills, MI",62192
48157674300,"Heritage Colony, Missouri City, TX",62188
51153901306,"Nokesville, VA",62188
42091200703,"Colmar, PA",62185
17031804807,"Schaumburg, IL",62183
17031802004,"Glenview, IL",62178
17043845701,"Downers Grove, IL",62173
42091200309,"Willow Grove, PA",62167
29189221625,"Ballwin, MO",62167
6037262303,"Brentwood, Los Angeles, CA",62167
34003004001,"Bogota, NJ",62161
34001013000,"Margate City, NJ",62160
9001011000,"Old Greenwich, Greenwich, CT",62157
24005408702,"Towson, MD",62157
51107610300,"Leesburg, VA",62155
48453001716,"Jester Estates, Austin, TX",62155
17043840600,"Elmhurst, IL",62150
32007951402,"Spring Creek, NV",62149
34013018000,"West Orange, NJ",62146
48029191504,"North Central, Shavano Park, TX",62145
49035111001,"Holladay, UT",62142
48439105403,"Villages of Stonegate Phase II, Fort Worth, TX",62142
38035011100,"Grand Forks, ND",62141
40027201801,"Lakeridge Run, Oklahoma City, OK",62139
25017354000,"Neighborhood Nine, Cambridge, MA",62135
38067950100,"Pembina, ND",62134
21111011520,"Saratoga Springs, Louisville, KY",62132
53053072410,"Fox Island, WA",62132
51107611803,"South Riding, VA",62130
38005956500,"Leeds, ND",62129
12103027325,"Aberdeen, Oldsmar, FL",62128
27053026207,"Minnetonka, MN",62127
53033032327,"Redmond, WA",62127
17031823704,"Hickory Hills, IL",62124
24031703202,"Rockville, MD",62123
38015011103,"Bismarck, ND",62122
36005027402,"Bronx County, NY",62121
8123002210,"Windsor, CO",62121
25021404100,"Wellesley, MA",62112
42091207004,"Harleysville, PA",62104
51087200120,"Richmond, VA",62104
42017105203,"Newtown, PA",62100
34003003300,"Bergenfield, NJ",62096
36081119900,"Queens County, NY",62096
36103159510,"Ocean Beach, NY",62094
36103158402,"Shoreham, NY",62092
6037265602,"Westwood, Los Angeles, CA",62092
6059032038,"Mission Viejo, CA",62090
34027046298,"Long Valley, Washington Township, NJ",62088
6001430400,"Castro Valley, CA",62088
6001430102,"Castro Valley, CA",62086
25017320103,"Hopkinton, MA",62085
36047041401,"Kings County, NY",62084
48029120400,"Uptown, Terrell Hills, TX",62082
6085508505,"Ponderosa Park, Sunnyvale, CA",62077
48329010104,"Greathouse, Midland, TX",62076
36119005902,"New Rochelle, NY",62073
25009203302,"Marblehead, MA",62073
26099233000,"Sterling Heights, MI",62071
36059520300,"Bethpage, NY",62070
8059009835,"Meadowglen, Arvada, CO",62068
17031804706,"Hoffman Estates, IL",62067
55025010904,"Middleton, WI",62067
8059012022,"Meadows, Littleton, CO",62067
17031170600,"Dunning, Chicago, IL",62061
29189220444,"St. Louis, MO",62059
8059012054,"Governors Ranch, Littleton, CO",62056
27163070206,"Marine on Saint Croix, MN",62055
36119013000,"Mount Kisco, NY",62053
11001000600,"Northwest Washington, Washington, DC",62047
20091052415,"Country Ridge, Lenexa, KS",62046
8005005627,"Littleton, CO",62046
48113018136,"Rowlett, TX",62045
48201554401,"Coles Crossing, Cypress, TX",62044
42045406903,"Aston, PA",62042
24025304201,"Fallston, MD",62041
36047039200,"Kings County, NY",62040
51059416300,"Lorton, VA",62038
26125140302,"Auburn Hills, MI",62032
22055001600,"Lafayette, LA",62031
6013337300,"Concord, CA",62029
6037265510,"Westwood, Los Angeles, CA",62028
9001081100,"Stratford, CT",62027
36081109700,"Queens County, NY",62024
13067030328,"Marietta, GA",62023
17031800900,"Wilmette, IL",62018
6085503330,"Chaboya, San Jose, CA",62018
6081609800,"Oak Knoll - Redwood Park, Redwood City, CA",62015
6075047600,"Central Richmond, San Francisco, CA",62014
26139023600,"Hudsonville, MI",62011
17043845702,"Downers Grove, IL",62008
27019091100,"Carver, MN",62008
42003141000,"Regent Square, Pittsburgh, PA",62006
37119006404,"Davidson, NC",62003
34025810401,"Freehold, NJ",62002
31109003718,"Lincoln, NE",61996
26163556700,"Livonia, MI",61996
34023006701,"East Brunswick, NJ",61992
34015501202,"Sewell, Washington Township, NJ",61989
25009265102,"Georgetown, MA",61984
31055007511,"Omaha, NE",61983
25017333200,"Woburn, MA",61977
34039033700,"Roselle Park, NJ",61970
9003400300,"Kensington, Berlin, CT",61968
34035050704,"Bridgewater, NJ",61965
36103147502,"East Islip, NY",61964
34009020203,"Ocean City, NJ",61963
17031803200,"Arlington Heights, IL",61958
9003430202,"Southington, CT",61955
8035013909,"Parker, CO",61952
32031003308,"Incline Village, NV",61951
48113019302,"Park Cities, Dallas, TX",61950
6037262802,"Pacific Palisades, Santa Monica, CA",61949
24025303102,"Churchville, MD",61947
27041450900,"Alexandria, MN",61947
51059491803,"Fairfax, VA",61947
42045407102,"Media, PA",61946
39061020707,"Cincinnati, OH",61945
42091207001,"Montgomery County, PA",61942
17031822500,"Oak Lawn, IL",61938
25017314301,"Dracut, MA",61938
24027605504,"Clarksville, MD",61938
48029191808,"San Antonio, TX",61932
42101038400,"Northwest Philadelphia, Philadelphia, PA",61932
36081073100,"Queens County, NY",61926
41005022702,"Far West, Tualatin, OR",61923
6001441523,"Ardenwood, Fremont, CA",61918
26163550700,"Grosse Pointe Farms, MI",61915
17111871404,"Algonquin, IL",61913
42091200306,"Hatboro, PA",61912
15003003101,"Mānoa, Honolulu, HI",61910
17043844702,"Hinsdale, IL",61901
42003427100,"Pittsburgh, PA",61899
26163550800,"Grosse Pointe Farms, MI",61899
51059450800,"Annandale, VA",61898
10005051202,"Bethany Beach, DE",61896
17031808301,"Morton Grove, IL",61895
36081050700,"Queens County, NY",61895
33011002903,"Bedford, NH",61894
34003031300,"Lyndhurst, NJ",61891
6037269500,"Beverlywood, Los Angeles, CA",61891
34013014200,"Belleville, NJ",61891
9003466202,"West Simsbury, Simsbury, CT",61891
48201412000,"South Central Houston, Houston, TX",61890
21117064700,"Fort Mitchell, KY",61885
36081144100,"Queens County, NY",61881
34005702905,"Ramblewood, Mount Laurel, NJ",61880
36081047600,"Queens County, NY",61880
48201340202,"Clear Lake, Houston, TX",61878
27053023801,"Pamela Park, Minneapolis, MN",61878
6073015406,"El Cajon, CA",61876
47187050403,"Franklin, TN",61870
48113014123,"Coppell, TX",61864
17197880417,"Plainfield, IL",61863
25017315100,"North Tewksbury, Tewksbury, MA",61860
47187050908,"Franklin, TN",61858
34031196401,"Pompton Lakes, NJ",61858
6037211000,"Central LA, Los Angeles, CA",61857
48121021719,"Lewisville, TX",61857
6037700801,"Beverly Hills, CA",61856
9003520100,"Glastonbury, CT",61856
42045409000,"Drexel Hill, Havertown, PA",61848
17031805302,"Morton Grove, IL",61847
20091053002,"Cross Creek, Overland Park, KS",61847
20091051700,"Leawood Estates, Leawood, KS",61846
34029722701,"Toms River, NJ",61845
25027742402,"Westborough, MA",61844
42017102102,"Perkasie, PA",61842
24031700905,"Rockville, MD",61837
27053027203,"Wayzata, MN",61835
51510200801,"Taylor Run, Alexandria, VA",61832
26125196300,"Troy, MI",61829
26099224400,"Macomb, MI",61828
36119014804,"Mohegan Lake, NY",61828
42029304300,"Downingtown, PA",61827
6085502301,"Central San Jose, San Jose, CA",61821
13117130612,"Suwanee, GA",61819
32031002302,"Reno, NV",61818
24027602201,"Ellicott City, MD",61816
26125197100,"Troy, MI",61814
34013019900,"Maplewood, NJ",61812
36103200902,"East Hampton, NY",61811
42003470502,"Carnegie, PA",61804
36047070000,"Kings County, NY",61803
20091053203,"Deer Creek, Leawood, KS",61802
34003016000,"Englewood Cliffs, NJ",61802
48113014134,"Coppell, TX",61802
24025303205,"Forest Hill, MD",61799
36047035602,"Kings County, NY",61799
42101035200,"Northeast Philadelphia, Philadelphia, PA",61799
6037400205,"Claremont, CA",61798
55133200500,"Fair Oak Manor, Menomonee Falls, WI",61788
17031803902,"Rolling Meadows, IL",61786
6111007403,"Oak Park, CA",61785
51059421103,"Lorton, VA",61783
48439113107,"North Arlington, Arlington, TX",61779
42017102004,"Chalfont, PA",61778
17031810400,"Park Ridge, IL",61777
42091203207,"Blue Bell, PA",61775
51059430400,"Springfield, VA",61775
42091203204,"Center Square, PA",61773
51610500300,"Falls Church, VA",61773
42125755200,"Washington, PA",61768
6081609500,"San Carlos, CA",61767
38075952900,"Mohall, ND",61763
27037060748,"Burnsville, MN",61759
19153010407,"Urbandale, IA",61756
48303010502,"Lubbock, TX",61755
36059410400,"Valley Stream, NY",61753
6081603900,"San Bruno, CA",61750
36103146613,"Holbrook, NY",61749
29189217702,"Lafayette Farms, Ballwin, MO",61748
25021403500,"Needham Heights, Needham, MA",61745
27037061501,"Farmington, MN",61744
27037060732,"Eagan, MN",61744
39035170202,"Lyndhurst, OH",61743
6085504414,"Milpitas, CA",61736
18003011608,"Fort Wayne, IN",61733
42017101807,"Warrington, PA",61733
18057110404,"Carmel, IN",61730
51059415100,"Alexandria, VA",61729
17031720300,"South Side, Chicago, IL",61725
53033032319,"Town Center, Woodinville, WA",61721
25017334200,"Reading, MA",61721
13135050308,"Norcross, GA",61720
26099230601,"Sterling Heights, MI",61718
51059470700,"McLean, VA",61712
42091202100,"Jenkintown, PA",61712
6075032902,"Sunset District, San Francisco, CA",61711
34003031100,"Lyndhurst, NJ",61710
36103158207,"Port Jefferson, NY",61710
49011126105,"Kaysville, UT",61707
48085031805,"Richardson, TX",61702
36061020101,"Upper Manhattan, New York, NY",61702
48085031636,"Spring Crk Pkwy Estates, Plano, TX",61701
42003489001,"Pleasant Hills, PA",61701
9009343101,"Cheshire, CT",61700
17031823901,"Palos Park, IL",61700
25021417601,"Quincy, MA",61699
12086007801,"Miami, FL",61699
36103134702,"Kings Park, NY",61698
17031809000,"Evanston, IL",61696
34037372300,"Branchville, NJ",61694
36103158115,"Centereach, NY",61693
36085022600,"Richmond County, NY",61692
36081080301,"Queens County, NY",61691
24027606803,"Kings Contrivance, Columbia, MD",61690
27053025702,"West Bloomington, Bloomington, MN",61689
9001230200,"Newtown, Newtown, CT",61683
26163573100,"Dearborn Heights, MI",61672
36085020803,"Richmond County, NY",61671
19061010500,"Dyersville, IA",61670
36085013204,"Richmond County, NY",61666
36047037401,"Kings County, NY",61665
36103147902,"Bayport, NY",61663
47187050206,"Brentwood, TN",61660
9001210900,"Danbury, CT",61660
24005408800,"Lutherville-Timonium, MD",61659
25017363201,"Acton, MA",61659
17097864521,"Lincolnshire, IL",61657
36087011401,"New City, NY",61644
27037060814,"Lakeville, MN",61643
55133200400,"Cedar Ridge, Menomonee Falls, WI",61643
17197881010,"Lockport, IL",61632
6053011502,"Big Sur, CA",61632
26081014601,"Byron Center, MI",61630
18097330203,"Feather Cove III, Indianapolis, IN",61629
8005085200,"Centennial, CO",61627
20173010108,"Wichita, KS",61627
6081608004,"Foster City, CA",61622
42017101505,"Southampton, PA",61622
29189215231,"Westbury Manor, Chesterfield, MO",61615
55087012901,"Appleton, WI",61614
34003007002,"Closter, NJ",61610
9001240200,"Redding, CT",61609
25017388100,"Boxborough, MA",61607
8059012050,"Grant Ranch, Littleton, CO",61606
42029303902,"West Chester, PA",61600
6081608200,"Foster City, CA",61599
36061015900,"Lincoln Square, New York, NY",61599
9003477101,"Suffield, CT",61599
34039037300,"Cranford, NJ",61595
34039037500,"Springfield Township, NJ",61595
55133202201,"Merrill Crest, Waukesha, WI",61594
9003410101,"Burlington, CT",61591
20091052502,"Golf Club Gardens, Shawnee, KS",61587
6059021917,"Orange, CA",61586
6085503334,"Evergreen, San Jose, CA",61585
38015010600,"Bismarck, ND",61584
34013013500,"Nutley, NJ",61578
51059482501,"Herndon, VA",61576
55079150304,"Franklin, WI",61576
36103158114,"Port Jefferson Station, NY",61575
8107000700,"Steamboat Springs, CO",61573
25017335100,"Wakefield, MA",61572
6037460501,"La Cañada Flintridge, CA",61570
48029182101,"Fair Oaks Ranch, TX",61569
29189218011,"Ballwin, MO",61567
48085030601,"McKinney, TX",61564
34035051300,"Bound Brook, NJ",61564
6001451701,"Livermore, CA",61563
12099007617,"Boca Raton, FL",61562
13089020200,"Druid Hills, Atlanta, GA",61561
53033023403,"West Lake Sammamish, Bellevue, WA",61557
20091052411,"Water's Edge Of Wedgewood, Shawnee, KS",61557
39041011762,"Westerville, OH",61553
29189219600,"St. Louis, MO",61551
25017383800,"Framingham, MA",61548
24021752602,"Jefferson, MD",61548
25025060200,"City Point, Boston, MA",61545
17097861106,"Grayslake, IL",61541
6059099217,"Huntington Beach, CA",61539
12021000500,"Port Royal, Naples, FL",61539
6059075605,"Orange, CA",61537
9009343400,"Cheshire, CT",61536
34003055200,"Tenafly, NJ",61536
24005411406,"Nottingham, MD",61536
56037971200,"Rock Springs, WY",61532
33015106101,"Windham, NH",61531
55133201000,"Indian Hills Estates, Elm Grove, WI",61530
27053111400,"Lynnhurst, Minneapolis, MN",61530
21111010312,"Prospect, KY",61528
49035111306,"Cottonwood Heights, UT",61523
12057014009,"Sun City Center, FL",61517
36047074800,"Kings County, NY",61515
24027603004,"Ellicott City, MD",61511
36059517902,"Bayville, NY",61510
6037310300,"Burbank, CA",61510
55025011301,"Waunakee, WI",61509
48453000102,"Highland Park West, Austin, TX",61507
55087011900,"Little Chute, WI",61504
48201341400,"Seabrook, TX",61504
6085503313,"Evergreen, San Jose, CA",61503
24013505101,"Sykesville, MD",61501
42045410302,"Glen Mills, PA",61500
42101034200,"Fox Chase/ Burholme, Philadelphia, PA",61498
19163013706,"Bettendorf, IA",61498
36103111701,"East Northport, NY",61496
42019912401,"Mars, PA",61493
25021442103,"Franklin, MA",61491
9001200301,"Bethel, CT",61491
48085031612,"Whiffletree, Plano, TX",61487
42041011602,"Mechanicsburg, PA",61484
34025802300,"Hazlet, NJ",61484
29165030201,"Kansas City, MO",61482
9003520400,"Glastonbury Center, Glastonbury, CT",61474
17163503903,"Belleville, IL",61473
56007968000,"Saratoga, WY",61471
9001100200,"Monroe, CT",61468
36081063900,"Queens County, NY",61467
36061011401,"Lenox Hill, New York, NY",61466
36005030100,"Bronx County, NY",61465
25017356602,"Arlington, MA",61465
6065045115,"Palm Desert, CA",61464
53033005600,"Briarcliff, Seattle, WA",61460
36119001502,"Southeast Yonkers, Yonkers, NY",61460
24021751903,"Mount Airy, MD",61460
27053026512,"Minneapolis, MN",61457
53033022901,"Northeast Bellevue, Bellevue, WA",61450
53043960400,"Mohler, WA",61448
12099007006,"Boca Raton, FL",61447
42003459102,"McKees Rocks, PA",61446
17043841114,"Bloomingdale, IL",61444
38101011000,"Kenmare, ND",61443
27163071206,"Cottage Grove, MN",61443
8059011721,"Sixth Ave West, Golden, CO",61440
6037108201,"Northridge, Los Angeles, CA",61439
56023978400,"Kemmerer, WY",61438
34035052100,"Dunellen, NJ",61438
17043841325,"Carol Stream, IL",61438
55079120102,"Greenfield, WI",61437
29189217921,"Ballwin, MO",61430
24031705502,"Chevy Chase, MD",61429
6075021600,"Noe Valley, San Francisco, CA",61427
17043841204,"Glendale Heights, IL",61425
42091204701,"Penn Valley, PA",61423
6017031700,"El Dorado Hills, CA",61421
13121011619,"Alpharetta, GA",61420
13067030331,"Marietta, GA",61420
24031700824,"Kentlands, Gaithersburg, MD",61418
34013014100,"Belleville, NJ",61415
12086008205,"Palmetto Bay, FL",61414
6085504420,"Milpitas, CA",61414
34025811304,"Howell, NJ",61413
27053026713,"Maple Grove, MN",61409
42091201003,"North Wales, PA",61408
34005704007,"Marlton, Evesham Township, NJ",61407
36059517102,"Glen Cove, NY",61404
6075010400,"North Beach, San Francisco, CA",61403
18097310108,"Indianapolis, IN",61402
42029303502,"Kennett Square, PA",61402
24037875400,"Leonardtown, MD",61399
34023006204,"North Brunswick Township, NJ",61397
34003052200,"Saddle Brook, NJ",61395
53033032006,"Kent, WA",61394
34001012502,"Linwood, NJ",61393
34027043200,"Madison, NJ",61393
55131450106,"Slinger, WI",61392
6085510200,"Los Altos, CA",61390
6013321102,"Pleasant Hill, CA",61388
48355005413,"South Side, Corpus Christi, TX",61386
48439111545,"Arlington, TX",61383
49035112614,"Sandy, UT",61380
6059021830,"Yorba Linda, CA",61380
48339691601,"Grogan's Mill, Spring, TX",61376
9001240100,"Redding, CT",61375
25021442101,"Franklin, MA",61374
34027040101,"Lincoln Park, NJ",61366
27053026710,"Osseo, MN",61366
47187050906,"Franklin, TN",61365
42029301700,"Glenmoore, PA",61361
6081611200,"Woodside Plaza, Redwood City, CA",61359
12099007834,"Palm Beach Gardens, FL",61359
26163550500,"Grosse Pointe, MI",61349
6037500100,"La Habra Heights, CA",61348
31053964100,"Fremont, NE",61346
13089022403,"Atlanta, GA",61346
37183053004,"Lochmere, Cary, NC",61346
6037554512,"Cerritos, CA",61346
25021417702,"Quincy, MA",61343
6085502603,"Pruneyard / Dry Creek, Campbell, CA",61343
24021752601,"Middletown, MD",61340
6081606600,"Central San Mateo, San Mateo, CA",61339
27037060826,"Apple Valley, MN",61336
42071011901,"Lititz, PA",61334
9001061500,"Fairfield, CT",61330
17031170500,"Dunning, Chicago, IL",61330
8123002009,"Erie, CO",61328
6041110100,"San Rafael, CA",61324
42045410100,"Glen Mills, PA",61323
36059301800,"Manhasset, NY",61318
17043842710,"Glen Ellyn, IL",61318
25017326102,"Groton, MA",61314
36081104700,"Queens County, NY",61309
39025040301,"Loveland, OH",61304
25017382400,"Natick, MA",61304
25017336100,"Melrose, MA",61301
42029300501,"Phoenixville, PA",61301
34031124402,"Clifton, NJ",61297
27053020101,"Saint Anthony, MN",61296
25017368101,"Lakeview, Waltham, MA",61294
48439105404,"Fort Worth, TX",61294
6067008512,"Folsom, CA",61293
27003050216,"Ham Lake, MN",61293
36047016500,"Kings County, NY",61290
38077971100,"Wahpeton, ND",61286
20173010600,"Garden Plain, KS",61285
36119002204,"Lawrence Park, Yonkers, NY",61285
17031802610,"Mount Prospect, IL",61285
51013100600,"Cherrydale, Arlington, VA",61284
22071007604,"Lakewood, New Orleans, LA",61283
17031812200,"Oak Park, IL",61281
27053023802,"Chowen Park, Edina, MN",61280
17031560900,"South Side, Chicago, IL",61279
25027728300,"Holden, MA",61277
31177050300,"Arlington, NE",61277
49011126304,"Centerville, UT",61276
51059420700,"Alexandria, VA",61273
34041032101,"Asbury, NJ",61273
17031070200,"Lincoln Park, Chicago, IL",61271
17197883509,"Manhattan, IL",61270
17031805201,"Niles, IL",61269
27053106500,"Calhoun Isles, Minneapolis, MN",61269
6037800204,"Calabasas, CA",61268
51059451100,"Falls Church, VA",61266
26125194200,"Rochester Hills, MI",61266
25017316101,"Billerica, MA",61266
55079091300,"Wauwatosa, WI",61265
49011126801,"Bountiful, UT",61265
48201431502,"Westside, Houston, TX",61263
36047039000,"Kings County, NY",61259
6081608700,"Belmont, CA",61258
4013812900,"Chandler, AZ",61257
4013810100,"South Tempe, Tempe, AZ",61256
49035112617,"Sandy, UT",61255
42029301500,"Pottstown, PA",61249
6037430600,"Arcadia, CA",61248
26125192000,"Quailcrest, Rochester Hills, MI",61243
49011126104,"Kaysville, UT",61243
34027043302,"Morristown, NJ",61243
6059032036,"Mission Viejo, CA",61240
53033032203,"Sammamish, WA",61239
8035014140,"Southridge, Highlands Ranch, CO",61238
11001000400,"Naval Observatory, Washington, DC",61237
27163071102,"Afton, MN",61234
18057110506,"Noblesville, IN",61233
55133201900,"Muskego, WI",61232
25023505200,"Scituate, MA",61227
21111011601,"Louisville, KY",61225
17031828601,"Homewood, IL",61225
36079011400,"Mahopac, NY",61224
17097863701,"Libertyville, IL",61223
26081011803,"Grand Rapids, MI",61223
34007603602,"Barclay-Kingston, Cherry Hill, NJ",61223
34003013001,"Edgewater, NJ",61214
34005704009,"Evesham Township, NJ",61213
34019011700,"Ringoes, East Amwell Township, NJ",61211
42077006905,"Coopersburg, PA",61210
6075032700,"Outer Sunset, San Francisco, CA",61207
24025303603,"Bel Air, MD",61205
48085031405,"Allen, TX",61204
25017333501,"Woburn, MA",61203
13117130306,"Cumming, GA",61199
9003490302,"Rocky Hill, CT",61198
51510201500,"Potomac West, Alexandria, VA",61197
17031720400,"South Side, Chicago, IL",61196
17043841206,"Carol Stream, IL",61194
38017040300,"Casselton, ND",61191
25017316201,"Pinehurst, Billerica, MA",61191
48453001755,"Great Hills, Austin, TX",61185
42029302706,"West Chester, PA",61183
34023006608,"East Brunswick, NJ",61182
27139080201,"Savage, MN",61177
6085506801,"Los Gatos, CA",61177
42017105100,"Penns Park, PA",61173
25017373200,"Nonantum, Newton, MA",61169
27053027102,"Corcoran, MN",61166
55009021304,"Green Bay, WI",61165
19153010209,"Ankeny, IA",61162
25025100700,"Dorchester, Boston, MA",61162
4013216849,"North Scottsdale, Scottsdale, AZ",61159
34023000100,"Middlesex, NJ",61158
49011126802,"Bountiful, UT",61151
34019010701,"Pittstown, Union Township, NJ",61149
36103111602,"East Northport, NY",61149
34039033800,"Roselle Park, NJ",61148
26099232500,"Sterling Heights, MI",61144
20091053803,"Stilwell, KS",61143
36047068600,"Kings County, NY",61143
40109108507,"Central Oklahoma City, Oklahoma City, OK",61141
34003019103,"Fort Lee, NJ",61140
17031818700,"Brookfield, IL",61140
34003031400,"Lyndhurst, NJ",61140
17031820606,"Willow Springs, IL",61140
6037400404,"Glendora, CA",61140
22051024002,"Harahan, LA",61139
48057000300,"Port Lavaca, TX",61139
17043844305,"Lombard, IL",61135
36081049700,"Queens County, NY",61135
6085502903,"Willow Glen South - Lincoln Glen, San Jose, CA",61132
6037106643,"Granada Hills, Los Angeles, CA",61129
25023508101,"Pembroke, MA",61128
48201554903,"Windrose, Spring, TX",61128
6085504311,"Berryessa, San Jose, CA",61124
6059075703,"Santa Ana, CA",61124
6001440335,"Union City, CA",61121
48121021631,"North Central Carrollton, Carrollton, TX",61119
12103020108,"Isla del Sol, Saint Petersburg, FL",61119
6085507906,"West San Jose, San Jose, CA",61117
17043844202,"Lombard, IL",61116
51107610702,"Purcellville, VA",61115
42003469000,"Pittsburgh, PA",61114
8035014110,"Northridge, Littleton, CO",61113
12095014809,"Windermere, FL",61111
55109120300,"Hudson, WI",61109
34035054201,"Princeton, NJ",61108
25017312502,"Belvidere, Lowell, MA",61107
42091200507,"Horsham, PA",61107
38061940300,"Parshall, ND",61105
27019090100,"Watertown, MN",61105
48113009603,"Northwest Dallas, Dallas, TX",61103
42091201502,"Meadowbrook, PA",61102
48201411900,"South Central Houston, Houston, TX",61102
26139023500,"Hudsonville, MI",61102
24003701101,"Riva, MD",61100
1117030217,"Birmingham, AL",61094
24003730800,"Arnold, MD",61093
48121021724,"Flower Mound, TX",61090
42091203000,"Fort Washington, PA",61087
51059440502,"Fairfax, VA",61085
1097003302,"College Park, Mobile, AL",61084
6081601800,"Serra Highlands, South San Francisco, CA",61083
34019011002,"Hunterdon County, NJ",61083
42029302704,"West Chester, PA",61083
6055201003,"American Canyon, CA",61082
31153010616,"Papillion, NE",61081
34025808800,"Manasquan, NJ",61081
26161403100,"Wines, Ann Arbor, MI",61080
36085014607,"Richmond County, NY",61078
6037143902,"Studio City, Los Angeles, CA",61075
8005085300,"Saddle Rock Golf Club, Aurora, CO",61074
55131460102,"Hubertus, WI",61074
48415950200,"Snyder, TX",61074
36103146103,"Bay Shore, NY",61072
29189220443,"St. Louis, MO",61072
6081602500,"Westborough, South San Francisco, CA",61071
9005298300,"Northwest Harwinton, Harwinton, CT",61070
26163551200,"Grosse Pointe Woods, MI",61068
51087200130,"Glen Allen, VA",61062
17111871105,"Crystal Lake, IL",61059
42029304403,"Exton, PA",61057
26125156300,"West Bloomfield Township, MI",61055
24031705100,"Chevy Chase, MD",61053
31153010631,"Gretna, NE",61053
6001421100,"Berkeley Hills, Berkeley, CA",61052
48085030523,"McKinney, TX",61049
6019005525,"Clovis, CA",61049
34005702914,"Mount Laurel, NJ",61048
48157673600,"Richmond, TX",61048
27053025301,"East Bloomington, Minneapolis, MN",61045
36085027301,"Richmond County, NY",61043
39153532301,"Akron, OH",61043
6061021123,"Whitney Oaks, Rocklin, CA",61042
13121009300,"Buckhead, Atlanta, GA",61038
13121010205,"Sandy Springs, GA",61037
13121011617,"Alpharetta, GA",61036
9001090400,"Trumbull, CT",61034
53033022702,"Central Houghton, Kirkland, WA",61033
6083001800,"New Cuyama, CA",61031
31055006803,"Prairie Lane, Omaha, NE",61031
27053026505,"Minneapolis, MN",61030
27053026005,"Eden Prairie, MN",61027
34025803700,"Fair Haven, NJ",61021
53061041608,"Silver Lake, Everett, WA",61013
17031110501,"Jefferson Park, Chicago, IL",61012
42029300106,"Chesterbrook, PA",61012
34007611200,"Stratford, NJ",61004
4013216840,"North Scottsdale, Scottsdale, AZ",60999
24005490800,"Towson, MD",60998
48201420700,"Southwest Houston, Houston, TX",60995
47157021311,"Eastwood Manor, Memphis, TN",60992
17031808302,"Morton Grove, IL",60992
49035110702,"Holladay, UT",60989
36059410500,"Valley Stream, NY",60982
34037374100,"Green Township, NJ",60981
27123041900,"Falcon Heights, MN",60974
26125157600,"West Bloomfield Township, MI",60973
10003011206,"Wilmington, DE",60973
25017337202,"Stoneham, MA",60972
17031812400,"Oak Park, IL",60969
24025303400,"Fallston, MD",60965
17031820103,"La Grange, IL",60963
51087200121,"Wellesley, Henrico, VA",60960
27037060747,"Burnsville, MN",60959
36001013503,"Cohoes, NY",60959
48121020305,"Roanoke, TX",60958
36087010502,"Pomona, NY",60952
34037371300,"Sussex, NJ",60948
27019091201,"Norwood Young America, MN",60943
8001060000,"Thornton, CO",60940
8035014125,"Castle Rock, CO",60939
34027040200,"Pompton Plains, Pequannock Township, NJ",60936
17197883305,"Channahon, IL",60935
28049000100,"Jackson, MS",60934
42091201004,"Lansdale, PA",60934
4013810200,"South Tempe, Chandler, AZ",60933
31055007316,"Omaha, NE",60928
24027606804,"Kings Contrivance, Columbia, MD",60928
39049006600,"Columbus, OH",60925
6037670403,"Rancho Palos Verdes, CA",60924
25001012200,"West Barnstable, Barnstable, MA",60924
12099007814,"Palm Beach Gardens, FL",60922
24031702102,"Woodmoor, Silver Spring, MD",60922
4013615200,"Desert View Village, Phoenix, AZ",60921
36061010800,"Midtown, New York, NY",60917
36001014100,"Normanskill, Albany, NY",60911
12086007807,"Pinecrest, FL",60909
24031704403,"Bethesda, MD",60908
36085014608,"Richmond County, NY",60908
32007950900,"Elko, NV",60906
37119002903,"Foxcroft, Charlotte, NC",60906
25009210100,"Peabody, MA",60905
31153010618,"Papillion, NE",60904
37119005832,"Hembstead, Charlotte, NC",60903
27037060812,"Apple Valley, MN",60903
17031802701,"Mount Prospect, IL",60900
34025809400,"Brielle, NJ",60897
17197883307,"Elwood, IL",60894
27123043000,"Macalester - Groveland, Saint Paul, MN",60894
48085030508,"Plantation Resort Lake Brook Farms, Frisco, TX",60893
53033031906,"Renton, WA",60891
36081012100,"Queens County, NY",60891
9001090300,"Trumbull, CT",60890
34001013500,"Linwood, NJ",60889
20091053505,"Palisade Park, Olathe, KS",60887
29189215003,"St. Louis, MO",60887
20091052416,"Lenexa, KS",60886
36081157102,"Queens County, NY",60878
48113019036,"Richardson, TX",60878
6059032057,"Ladera Ranch, CA",60876
6037920338,"Stevenson Ranch, CA",60875
17031805202,"Glenview, IL",60872
9009344100,"Middlebury, CT",60872
42129802304,"Harrison City, PA",60865
27171100703,"Buffalo, MN",60864
36047005000,"Kings County, NY",60863
8059009846,"Evergreen, CO",60861
48157673902,"Telfair, Sugar Land, TX",60861
42045408800,"Ardmore, PA",60860
27053027202,"Long Lake, MN",60860
9001230501,"Sandy Hook, Newtown, CT",60857
34027045200,"Dover, NJ",60857
12069030913,"Mount Dora, FL",60856
36085027302,"Richmond County, NY",60856
9003524200,"Rocky Hill, CT",60856
6001450102,"Dublin, CA",60855
42017101504,"Southampton, PA",60855
42017101610,"Warminster, PA",60854
8123001411,"Greeley, CO",60852
36055013507,"Rochester, NY",60851
6111005204,"Camarillo, CA",60846
1117030213,"Birmingham, AL",60846
8005005623,"Littleton, CO",60845
6037269000,"Cheviot Hills, Los Angeles, CA",60844
49043964305,"Park City, UT",60844
51059431002,"Springfield, VA",60843
17089854001,"Aurora, IL",60840
18097330107,"Eagle Nest, Indianapolis, IN",60838
37183054013,"North Raleigh, Raleigh, NC",60838
25017333502,"Woburn, MA",60837
51153901222,"Woodbridge, VA",60833
25021414300,"Sharon, Sharon, MA",60833
36081074700,"Queens County, NY",60831
17031808002,"Lincolnwood, IL",60829
17197881009,"Lockport, IL",60826
32003002983,"Las Vegas, NV",60825
9009150900,"Milford, CT",60824
34003003100,"Bergenfield, NJ",60819
42029303301,"Kennett Square, PA",60816
34025809302,"Manasquan, NJ",60815
47187050406,"Franklin, TN",60812
36087011501,"Spring Valley, NY",60808
36047015000,"Kings County, NY",60808
51087200122,"Henrico, VA",60808
27037060744,"Eagan, MN",60806
6037214700,"Beverly Grove, Los Angeles, CA",60804
10003011800,"Wilmington, DE",60803
37183054207,"North Raleigh, Raleigh, NC",60803
6059052417,"Northwood, Irvine, CA",60802
51041100930,"Midlothian, VA",60802
17031823602,"Crestwood, IL",60797
26163560300,"Northville, MI",60795
6001441402,"Northgate, Fremont, CA",60789
27037060738,"Burnsville, MN",60788
26125193100,"Rochdale, Rochester Hills, MI",60787
53033023900,"West Bellevue, Bellevue, WA",60787
34023007101,"Sayreville, NJ",60786
9001050300,"Westport, CT",60786
6037701304,"North of Montana, Santa Monica, CA",60785
51059450701,"Annandale, VA",60783
12057006400,"South Tampa, Tampa, FL",60783
17043841327,"Bartlett, IL",60780
55079040100,"River Hills, WI",60773
22015011110,"Bossier City, LA",60771
15003007809,"Aiea, HI",60771
24025303501,"Bel Air, MD",60770
26099227300,"Shelby charter Township, MI",60769
36061010602,"Lenox Hill, New York, NY",60769
17063000500,"Morris, IL",60768
17043845505,"Darien, IL",60768
55109120901,"River Falls, WI",60766
25027761400,"Harvard, MA",60764
22051023902,"River Ridge, LA",60763
55133203406,"Sussex, WI",60762
36081134100,"Queens County, NY",60758
4013105103,"Paradise Valley Village, Paradise Valley, AZ",60756
55109120600,"New Richmond, WI",60748
4013216844,"Grayhawk, Scottsdale, AZ",60747
19011960200,"Garrison, IA",60746
36061010400,"Midtown, New York, NY",60746
42003521402,"Monroe Heights, Monroeville, PA",60744
6075040200,"Inner Richmond, San Francisco, CA",60741
6073008345,"University City, San Diego, CA",60741
27163071017,"Woodbury, MN",60740
48121021627,"Plano, TX",60738
49011126303,"Centerville, UT",60737
17111870703,"Johnsburg, IL",60732
48029191406,"North Central, San Antonio, TX",60731
17031805901,"Cook County, IL",60726
34003041302,"Palisades Park, NJ",60726
51153901234,"Manassas, VA",60725
36103200901,"East Hampton, NY",60723
47037018000,"Green Hills, Nashville, TN",60722
34021003905,"Hopewell, NJ",60722
21015070605,"Union, KY",60721
9009165900,"Hamden, CT",60714
40109108110,"Northeast Oklahoma City, Edmond, OK",60714
17043843900,"Elmhurst, IL",60713
48201431801,"Southwest Houston, Houston, TX",60712
9001042500,"Norwalk, CT",60712
40109108106,"Edmond, OK",60704
6059032035,"Mission Viejo, CA",60697
6085507001,"Los Gatos, CA",60697
34009020301,"Marmora, NJ",60694
48113019023,"Richardson, TX",60694
31053963600,"Scribner, NE",60687
36103158803,"Holtsville, NY",60684
27053026007,"Eden Prairie, MN",60684
6111005305,"Camarillo, CA",60683
42017101506,"Southampton, PA",60682
27145010500,"Stearns County, MN",60677
34003011100,"Elmwood Park, NJ",60676
25009217500,"Beverly, MA",60675
36103158405,"Ridge, NY",60670
36059412800,"South Hempstead, NY",60668
6059021919,"Anaheim Hills, Anaheim, CA",60666
36047049700,"Kings County, NY",60664
4013216822,"Pinnacle Peak, Scottsdale, AZ",60663
48439113632,"Grapevine, TX",60662
36085014606,"Richmond County, NY",60661
27037060508,"Inver Grove Heights, MN",60660
20091053008,"Overland Park, KS",60659
51107610800,"Round Hill, VA",60653
39035189108,"Westlake, OH",60653
36061006800,"Kips Bay, New York, NY",60647
27003050222,"Ham Lake, MN",60644
36029012003,"Buffalo, NY",60644
27019090601,"Chanhassen, MN",60644
39049007201,"Westerville, OH",60643
31055007508,"Waterloo, NE",60638
34021004309,"Robbinsville, NJ",60635
53033022102,"Kenmore, WA",60630
6037701000,"Beverly Hills, CA",60630
6073000100,"Mission Hills, San Diego, CA",60627
34013017400,"West Orange, NJ",60627
53053070307,"Bonney Lake, WA",60626
6093000200,"Macdoel, CA",60625
24003730700,"Severna Park, MD",60623
25017356702,"Arlington, MA",60623
36061004400,"Midtown, New York, NY",60619
48113009609,"Northwest Dallas, Dallas, TX",60618
44003020903,"East Greenwich, RI",60618
19167070300,"Rock Valley, IA",60613
17031818500,"Westchester, IL",60613
34035053604,"Branchburg, NJ",60612
33011011200,"Nashua, NH",60610
39061021421,"Cincinnati, OH",60606
25017331102,"Wilmington, MA",60606
48113013004,"Lake Highlands, Dallas, TX",60605
34015500800,"Wenonah, NJ",60602
41051004601,"Northwest Portland, Portland, OR",60602
26125150200,"Bloomfield Hills, MI",60602
36103124602,"Babylon, NY",60598
55131470202,"Richfield, WI",60596
27019090900,"Chaska, MN",60594
34021003002,"Mercerville-Hamilton Square, Hamilton Township, NJ",60594
34005704011,"Marlton, Evesham Township, NJ",60594
17031815600,"North Riverside, IL",60592
18089042609,"Saint John, IN",60591
12089050201,"Fernandina Beach, FL",60591
6037265700,"Westwood, Los Angeles, CA",60589
55089650101,"Cedarburg, WI",60583
25027729200,"West Boylston, MA",60582
25021402101,"Dedham, MA",60582
6059032037,"Mission Viejo, CA",60580
42017100104,"Northeast Philadelphia, Philadelphia, PA",60579
24031700829,"Gaithersburg, MD",60577
39035182103,"Parma, OH",60575
26099214500,"Macomb County, MI",60574
25009252502,"Methuen, MA",60570
9003520202,"South Glastonbury, Glastonbury, CT",60564
42019912001,"Cranberry Township, PA",60559
31055006903,"West Omaha, Omaha, NE",60559
8035014008,"Parker, CO",60558
37119003006,"Sharon Woods, Charlotte, NC",60556
34007605900,"Haddon Heights, NJ",60555
18057110804,"Fortville, IN",60554
42029311100,"Chadds Ford, PA",60552
36119008301,"Rye Brook, NY",60549
36081092900,"Queens County, NY",60548
39035194300,"Mayfield, OH",60548
13067030219,"Acworth, GA",60547
6073017045,"Miramar Ranch North, San Diego, CA",60545
29189219400,"Webster Groves, MO",60543
34025809501,"Morganville, Marlboro Township, NJ",60541
42045407101,"Media, PA",60538
51059422403,"Alexandria, VA",60537
17097861008,"Lindenhurst, IL",60534
39061020802,"Monfort Heights South, Cincinnati, OH",60530
36059416402,"Long Beach, NY",60529
36059413600,"Baldwin, NY",60528
31109003714,"Lincoln, NE",60528
21037052302,"Fort Thomas, KY",60526
42017102003,"Chalfont, PA",60523
26139021605,"Jenison, Georgetown Township, MI",60522
42101035601,"Bustleton, Philadelphia, PA",60521
12086007501,"Riviera, Coral Gables, FL",60521
55109120903,"Hudson, WI",60516
24031705501,"Chevy Chase, MD",60515
17143003300,"Peoria, IL",60514
17031806900,"Skokie, IL",60513
34027046106,"Budd Lake, Mount Olive Township, NJ",60512
27037060714,"Burnsville, MN",60511
24027602302,"Columbia, MD",60509
40143007635,"Bixby, OK",60506
36081051500,"Queens County, NY",60505
13117130508,"Cumming, GA",60501
6081603700,"San Bruno, CA",60500
26125158100,"Beverly Hills, MI",60500
9009175800,"Wallingford, CT",60499
36103146205,"Islip, NY",60498
9003487100,"South Windsor, CT",60498
42091206400,"Trappe, PA",60497
34015502200,"Swedesboro, NJ",60496
51059440702,"Annandale, VA",60494
31055007464,"Millard, Omaha, NE",60492
17031809100,"Evanston, IL",60490
34003005000,"Carlstadt, NJ",60487
6037400501,"Glendora, CA",60484
53033006800,"Queen Anne, Seattle, WA",60481
55089660202,"Mequon, WI",60478
48201553802,"Spring, TX",60478
24003730604,"Severna Park, MD",60477
6029002808,"The Oaks, Bakersfield, CA",60475
51059492400,"Springfield, VA",60475
48201554501,"Cypress, TX",60474
29189221302,"Concord, St. Louis, MO",60469
31055007406,"West Omaha, Omaha, NE",60467
55079150303,"Franklin, WI",60467
17093890700,"Minooka, IL",60465
26099226400,"Shelby charter Township, MI",60464
27053026609,"Plymouth, MN",60464
36059303600,"Mineola, NY",60462
34025804200,"Little Silver, NJ",60461
53033029304,"Renton, WA",60457
22103041208,"Mandeville, LA",60457
51107611207,"Potomac Falls, VA",60455
5119004214,"River Mountain, Little Rock, AR",60455
9003430602,"Southington, CT",60454
51059420800,"Groveton, Alexandria, VA",60452
36103158104,"Centereach, NY",60450
36119001503,"Southeast Yonkers, Yonkers, NY",60450
25017368400,"Brandeis, Waltham, MA",60449
51087200124,"Richmond, VA",60448
24031701007,"Rockville, MD",60447
34027043000,"Madison, NJ",60447
42101022000,"Northwest Philadelphia, Philadelphia, PA",60446
48381021604,"Sleepy Hollow, Amarillo, TX",60444
36119011400,"Tarrytown, NY",60440
9001080800,"Stratford, CT",60436
27053026909,"Rogers, MN",60436
10003013613,"Wilmington, DE",60431
42003429201,"Pittsburgh, PA",60430
39061022601,"Cincinnati, OH",60429
6073021500,"North City, San Diego, CA",60428
34003038100,"North Arlington, NJ",60424
6073017006,"Poway, CA",60421
29189221332,"St. Louis, MO",60419
48201250402,"Atasca Woods, Atascocita, TX",60416
34025801000,"Middletown, NJ",60415
42029306600,"Landenberg, PA",60414
9001110600,"Shelton, CT",60413
27123036300,"Macalester - Groveland, Saint Paul, MN",60412
6111007513,"Simi Valley, CA",60411
55133200201,"Menomonee Falls, WI",60410
6059042332,"Laguna Niguel, CA",60410
36061016700,"Upper West Side, New York, NY",60409
6059021814,"Brea, CA",60409
29189221424,"Fenton, MO",60409
36085027705,"Richmond County, NY",60399
34033020700,"Woodstown, NJ",60399
24005404600,"Reisterstown, MD",60398
36085029104,"Richmond County, NY",60397
34007605602,"Audubon, NJ",60397
24005408601,"Lutherville-Timonium, MD",60393
37179021008,"Waxhaw, NC",60393
17043846312,"Lisle, IL",60393
6073017021,"Poway, CA",60389
9001220300,"New Fairfield, CT",60389
20091053507,"Havencroft, Olathe, KS",60387
9003494600,"Newington, CT",60387
48085031621,"Highlands North, Plano, TX",60386
51059471401,"Falls Church, VA",60383
6001428301,"Alameda, CA",60382
24025301106,"Bel Air, MD",60380
48201454600,"Nottingham Country, Katy, TX",60377
6037139600,"Encino, Los Angeles, CA",60375
42091205503,"Penn Wynne, Wynnewood, PA",60369
17197881112,"New Lenox, IL",60366
34031256804,"West Milford, NJ",60362
36085027706,"Richmond County, NY",60361
17097861011,"Round Lake Beach, IL",60360
49011126202,"Farmington, UT",60359
9009167100,"North Haven, CT",60357
6037920329,"Santa Clarita, CA",60356
27163070406,"Lake Elmo, MN",60356
48113001800,"Oak Lawn, Dallas, TX",60356
34003032202,"Mahwah, NJ",60353
21111010701,"Louisville, KY",60350
27123042401,"Maplewood, MN",60349
17097864408,"Lake Zurich, IL",60347
55131420103,"West Bend, WI",60347
29183311114,"Cottleville, MO",60347
17027900200,"Breese, IL",60346
36061011203,"Midtown, New York, NY",60343
36119000801,"Northwest Yonkers, Yonkers, NY",60338
17043845902,"Burr Ridge, IL",60337
48121021622,"Northwest Carrollton, Carrollton, TX",60337
13089021810,"Tucker, GA",60333
22073010301,"Monroe, LA",60330
17031100700,"Norwood Park, Chicago, IL",60330
25027744101,"Milford, MA",60327
42091207500,"Harleysville, PA",60327
25027756102,"Charlton, MA",60326
25009221800,"Gloucester, MA",60324
34025811501,"Ramtown, Howell, NJ",60324
13117130606,"Alpharetta, GA",60323
34023001506,"Edison, NJ",60323
53033022606,"Grass Lawn, Redmond, WA",60322
6085509401,"Mountain View, CA",60322
27037060745,"Burnsville, MN",60321
6085512025,"Edenvale, San Jose, CA",60320
17111871207,"Lake in the Hills, IL",60317
42091210100,"Oreland, PA",60316
48453001718,"Highland Hills, Austin, TX",60315
34027041802,"Parsippany, Parsippany-Troy Hills, NJ",60314
8037000403,"Eagle, CO",60310
36119007200,"Mamaroneck, NY",60310
32007951201,"Spring Creek, NV",60309
17197881113,"New Lenox, IL",60309
44007014600,"Cranston, RI",60308
17031100300,"Norwood Park, Chicago, IL",60307
26099240400,"Clinton Township, MI",60305
6073017053,"Poway, CA",60304
34021003301,"Lawrenceville, Lawrence Township, NJ",60304
8031012001,"Southwest, Denver, CO",60301
17031821900,"Evergreen Park, IL",60300
17197880307,"Naperville, IL",60298
51059481201,"Reston, VA",60294
48201411600,"Southwest Houston, Houston, TX",60292
34025801400,"Fairview, Red Bank, NJ",60291
36081052500,"Queens County, NY",60290
27003050818,"Woods at Quail Creek, Blaine, MN",60288
24031704600,"Bethesda, MD",60286
36083052004,"Troy, NY",60283
47187050304,"Brentwood, TN",60283
17111871307,"Cary, IL",60283
29183311124,"Saint Charles, MO",60282
25009264100,"Groveland, MA",60281
36005016000,"Bronx County, NY",60279
17133600102,"Columbia, IL",60278
6001428302,"Alameda, CA",60272
27037060822,"Apple Valley, MN",60268
26081014805,"Crystal Springs, Caledonia, MI",60268
6001451601,"Livermore, CA",60266
17031770901,"Harwood Heights, IL",60266
42029304404,"Lionville, Exton, PA",60264
51059421102,"Alexandria, VA",60260
18089042703,"Schererville, IN",60256
9007595102,"Moodus, East Haddam, CT",60255
47157021352,"Germantown, TN",60250
31177050202,"Fort Calhoun, NE",60249
36085017600,"Richmond County, NY",60249
18097330108,"Indianapolis, IN",60247
19119950300,"Alvord, IA",60245
42003480102,"Pittsburgh, PA",60245
33011002901,"Bedford, NH",60242
48439113610,"Colleyville, TX",60240
6037113322,"Chatsworth, Los Angeles, CA",60237
27003050711,"Coon Rapids, MN",60235
42091200906,"Lansdale, PA",60232
44007012601,"Smithfield, RI",60231
48113013622,"Dallas, TX",60230
41005020403,"Westridge, Lake Oswego, OR",60230
6111007507,"Simi Valley, CA",60229
8059011724,"Green Mountain, Lakewood, CO",60224
51059430102,"Fairfax, VA",60222
36001014607,"Schenectady, NY",60222
31055004700,"Central Omaha, Omaha, NE",60219
5007020606,"Bentonville, AR",60219
6001451504,"Livermore, CA",60218
17043843601,"Lombard, IL",60218
53033024702,"Newcastle, WA",60217
36047064800,"Kings County, NY",60216
42017104502,"New Hope, PA",60215
32003003242,"Las Vegas, NV",60215
34001012501,"Linwood, NJ",60215
6071000814,"Upland, CA",60215
17133600502,"Waterloo, IL",60214
51810043002,"Northeast Virginia Beach, Virginia Beach, VA",60214
27171100802,"Saint Michael, MN",60213
39061024002,"Cincinnati, OH",60210
17197880314,"Plainfield, IL",60210
25017370102,"Watertown, MA",60210
9009150600,"Milford, CT",60209
34031196402,"Pompton Lakes, NJ",60207
26139021901,"Hudsonville, MI",60206
34031216701,"Ringwood, NJ",60206
38089963700,"Dickinson, ND",60204
27163070907,"Saint Paul, MN",60202
36119007401,"Mamaroneck, NY",60199
39041011710,"Westerville, OH",60194
4013105102,"Camelback East Village, Phoenix, AZ",60192
55133201704,"Muskego, WI",60191
36091062602,"Rexford, NY",60188
6111006700,"Thousand Oaks, CA",60188
42017104604,"Doylestown, PA",60188
19153011701,"Johnston, IA",60187
17031804810,"Schaumburg, IL",60186
51153901510,"Haymarket, VA",60185
40143007520,"Bixby, OK",60183
19023070300,"Greene, IA",60182
49011126405,"Bountiful, UT",60182
34035052700,"Bernardsville, NJ",60179
36103112002,"Huntington Station, NY",60178
39153533102,"Hudson, OH",60178
36081119100,"Queens County, NY",60177
51107611018,"Ashburn, VA",60174
6037577602,"Bixby Village, Long Beach, CA",60172
37119002906,"Barclay Downs, Charlotte, NC",60167
15003001700,"Diamond Head - Kapahulu - St. Louis, Honolulu, HI",60166
6059021815,"Yorba Linda, CA",60166
48201451200,"Briarforest, Houston, TX",60165
26099224300,"Macomb, MI",60163
37119005848,"Providence Plantation, Charlotte, NC",60163
36061015500,"Lincoln Square, New York, NY",60162
39017011129,"Beckett Ridge, OH",60154
13067030409,"Marietta, GA",60152
53053940001,"Northeast Tacoma, Tacoma, WA",60152
15003006806,"Aliamanu - Salt Lakes - Foster Village, Honolulu, HI",60151
34031256805,"Newfoundland, West Milford, NJ",60149
34015501213,"Sewell, Washington Township, NJ",60146
13067030320,"Marietta, GA",60146
27123040301,"White Bear Lake, MN",60143
6075047702,"Richmond District, San Francisco, CA",60139
9007610400,"Clinton, CT",60136
11001004100,"Northwest Washington, Washington, DC",60135
42091210200,"Oreland, PA",60135
12057006000,"New Suburb Beautiful, Tampa, FL",60134
39153533101,"Hudson, OH",60132
34027040500,"Butler, NJ",60126
24003731105,"Arnold, MD",60126
8123001416,"Greeley, CO",60125
34025802800,"Monmouth County, NJ",60124
42029303802,"Chester County, PA",60122
4013030401,"Boulders Carefree, Scottsdale, AZ",60114
38105954100,"Williston, ND",60114
31055007431,"Hillsborough, Omaha, NE",60113
49035104200,"East Bench, Salt Lake City, UT",60112
22097960400,"Krotz Springs, LA",60111
29189215004,"St. Louis, MO",60110
34001012602,"Linwood, NJ",60109
38101010500,"Minot, ND",60109
25017358700,"Lexington, MA",60108
34003051300,"Rutherford, NJ",60105
53033032307,"Woodinville, WA",60105
6037620800,"Manhattan Beach, CA",60105
19075960100,"Reinbeck, IA",60103
36085013203,"Richmond County, NY",60102
17031640400,"South Side, Chicago, IL",60099
6013355304,"Clayton, CA",60099
10003013503,"Hockessin, DE",60098
6041117000,"San Anselmo, CA",60094
36081008800,"Queens County, NY",60091
22051024800,"Metairie, LA",60089
36087010200,"Stony Point, NY",60089
55009021500,"Greenleaf, WI",60087
9001230400,"Newtown, CT",60086
24003702402,"Annapolis, MD",60085
36087011601,"Suffern, NY",60084
6037670201,"Rolling Hills Estates, CA",60083
48453001784,"Lake Pointe, Austin, TX",60083
40109108219,"Northwest Oklahoma City, Edmond, OK",60074
25021410400,"Foxborough, Foxborough, MA",60072
24013513002,"Mount Airy, MD",60070
17197880421,"Plainfield, IL",60069
24003702205,"Crofton, MD",60069
17031561000,"South Side, Chicago, IL",60065
6059110004,"Garden Grove, CA",60063
13067030236,"Acworth, GA",60063
36103158318,"Rocky Point, NY",60063
13067030322,"Marietta, GA",60062
40017300905,"Southwest Oklahoma City, Yukon, OK",60062
37183053419,"Buckingham, Apex, NC",60062
20173009507,"Wichita, KS",60060
24017851001,"La Plata, MD",60054
17097861105,"Grayslake, IL",60050
36047014000,"Kings County, NY",60050
48201340302,"Clear Lake, Houston, TX",60049
6059075604,"Santa Ana, CA",60049
46099010403,"Brandon, SD",60045
53033023000,"Northeast Bellevue, Bellevue, WA",60044
27109001703,"Rochester, MN",60044
6059075810,"Villa Park, CA",60042
36103124401,"West Babylon, NY",60041
36081075701,"Queens County, NY",60039
53033020100,"Richmond Beach, Shoreline, WA",60038
6075012700,"Marina District, San Francisco, CA",60037
1117030211,"Birmingham, AL",60036
24005411303,"Nottingham, MD",60036
26099224100,"Macomb, MI",60036
36085015603,"Richmond County, NY",60035
20091053411,"Creekside, Overland Park, KS",60032
17031803800,"Palatine, IL",60031
6085502202,"Willow Glen, San Jose, CA",60029
6037300902,"Glenoaks Canyon, Glendale, CA",60028
17111871402,"Fox River Grove, IL",60021
6059001707,"Fullerton, CA",60020
34017011200,"Constable Hook, Bayonne, NJ",60019
42019912101,"Cranberry Township, PA",60018
49029970100,"Morgan, UT",60017
4013216841,"North Scottsdale, Scottsdale, AZ",60012
8014030500,"Broomfield, CO",60012
55087013300,"Kaukauna, WI",60010
36081118100,"Queens County, NY",60009
21111010318,"Louisville, KY",60008
51059480901,"Herndon, VA",60004
9003487300,"South Windsor, CT",60000
42091204702,"Bala Cynwyd, PA",59997
34003006202,"Cliffside Park, NJ",59994
29095008400,"Country Club District, Kansas City, MO",59992
6067008702,"Gold River, CA",59992
9003410102,"Burlington, CT",59991
20091053004,"Overland Park, KS",59991
12099007007,"Boca Raton, FL",59986
36001014302,"Selkirk, NY",59984
34003019305,"Fort Lee, NJ",59983
12117020703,"Longwood, FL",59980
49013940600,"Roosevelt, UT",59979
42017101900,"Chalfont, PA",59979
51041100931,"Richmond, VA",59979
17197881700,"Joliet, IL",59978
8059012024,"Littleton, CO",59975
6001451703,"Livermore, CA",59973
17031770601,"Des Plaines, IL",59971
36059518000,"Oyster Bay, NY",59970
36093033002,"Schenectady, NY",59968
42091204400,"Bala Cynwyd, PA",59966
26125138600,"Wixom, MI",59966
36103134907,"Kings Park, NY",59963
30083070300,"Sidney, MT",59962
51059492300,"Springfield, VA",59962
24031700835,"Germantown, MD",59962
6013334006,"Concord, CA",59961
17031808800,"Evanston, IL",59961
36061007400,"Midtown, New York, NY",59953
51013100200,"Yorktown, Arlington, VA",59953
6073017020,"Poway, CA",59951
17031804803,"Schaumburg, IL",59949
6079011504,"San Luis Obispo, CA",59948
9003487500,"South Windsor, CT",59948
26163594100,"Trenton, MI",59947
48397040504,"Heath, TX",59944
40027201609,"Country Place, Oklahoma City, OK",59944
36047035601,"Kings County, NY",59943
51153901010,"Montclair, VA",59942
38059020400,"Mandan, ND",59940
48113013608,"Far North Dallas, Dallas, TX",59940
17031803604,"Palatine, IL",59939
42045407806,"Springfield, PA",59938
29095018100,"Lee's Summit, MO",59937
17197881111,"New Lenox, IL",59935
42019903000,"Meridian, PA",59933
49047968301,"Vernal, UT",59933
25017382200,"Natick, MA",59931
6001441100,"Canyon Heights - Vallejo Mills, Fremont, CA",59928
36081155102,"Queens County, NY",59928
34023001416,"Edison, NJ",59927
27171100801,"Saint Michael, MN",59925
6037920032,"Santa Clarita, CA",59922
27053010700,"Southwest Minneapolis, Minneapolis, MN",59920
6037920328,"Santa Clarita, CA",59918
42101038500,"Chestnut Hill, Philadelphia, PA",59917
12086015300,"Miami, FL",59916
17111871600,"Trout Valley, IL",59915
34005704005,"Marlton, Evesham Township, NJ",59911
48085031652,"Wellington At Preston Meadows, Plano, TX",59910
17043843602,"Lombard, IL",59909
19163010300,"Dixon, IA",59908
6097151503,"Bennett Valley Homeowners Association, Santa Rosa, CA",59907
27163071207,"Cottage Grove, MN",59900
17111871305,"Cary, IL",59897
34025800800,"Belford, Middletown, NJ",59896
34041031102,"Blairstown, NJ",59896
36103146611,"Holtsville, NY",59894
26125127100,"Independence charter Township, MI",59892
39061024902,"Treetops, Cincinnati, OH",59890
27027030201,"Hawley, MN",59888
42017101805,"Warrington, PA",59887
34007608205,"Somerdale, NJ",59887
27037060716,"Eagan, MN",59886
39049006310,"Middlesex Place, Columbus, OH",59886
48167720301,"Friendswood, TX",59885
53033027800,"Burien, WA",59885
12001001805,"Alachua, FL",59884
36081074100,"Queens County, NY",59882
51087200202,"Westham, Henrico, VA",59881
34023007805,"Old Bridge, Old Bridge Township, NJ",59881
36091062601,"Ballston Lake, NY",59880
49047968302,"Vernal, UT",59880
56037970602,"Green River, WY",59880
36029011200,"Buffalo, NY",59879
51059482301,"Reston, VA",59879
49035110104,"Mount Olympus, Salt Lake City, UT",59876
36103169701,"Wading River, NY",59876
51013101200,"Dominion Hills, Arlington, VA",59875
27053026302,"Minnetonka, MN",59872
34003039100,"Oakland, NJ",59872
34031154002,"Little Falls, NJ",59867
42045409903,"Newtown Square, PA",59866
4013216842,"North Scottsdale, Scottsdale, AZ",59862
6085507100,"Los Gatos, CA",59862
55133202001,"Waukesha, WI",59862
56025001602,"Casper, WY",59861
34035052800,"Somerset County, NJ",59860
26125136300,"Novi, MI",59859
17043843500,"Lombard, IL",59858
6085507203,"Los Gatos, CA",59857
39165032005,"Mason, OH",59853
17097865801,"Highland Park, IL",59852
24013505203,"Eldersburg, MD",59848
8005083700,"Aurora, CO",59846
42125746302,"Venetia, PA",59843
36029012002,"Buffalo, NY",59839
38015011200,"Bismarck, ND",59837
6073017029,"Rancho Santa Fe, CA",59836
13067030333,"Marietta, GA",59835
38055961000,"Garrison, ND",59834
37119005833,"Matthews, NC",59834
49035110102,"Salt Lake City, UT",59831
55009020100,"New Franken, WI",59831
36081045600,"Queens County, NY",59830
37183053003,"Franklin Chase, Cary, NC",59830
55133201800,"Glenbrook, Muskego, WI",59830
39035155101,"Highland Heights, OH",59830
46029954302,"Watertown, SD",59829
25025180301,"Winthrop, MA",59829
36103146604,"Ronkonkoma, NY",59826
48339694301,"Montgomery, TX",59818
31055007461,"Millard, Omaha, NE",59817
9009184600,"Branford, CT",59817
48255970100,"Falls City, TX",59814
9007560100,"Portland, Portland, CT",59813
29183312001,"O'Fallon, MO",59811
31153010701,"Gretna, NE",59807
17031824115,"Orland Park, IL",59803
53033002200,"Northeast Seattle, Seattle, WA",59802
17043843800,"Villa Park, IL",59802
48157673101,"Marshall Oaks, Katy, TX",59801
37183053422,"Charleston Woods, Cary, NC",59794
6081611100,"Farm Hills, Redwood City, CA",59794
49035110200,"Canyon Rim, Salt Lake City, UT",59793
8035013908,"North Pinery, Parker, CO",59793
34015501208,"Washington Township, NJ",59793
49011126305,"Centerville, UT",59792
42017100804,"Levittown, PA",59791
48085030305,"Celina, TX",59791
46083010107,"Harrisburg, SD",59790
6073020710,"Kit Carson, Escondido, CA",59789
17043840907,"Bloomingdale, IL",59789
29189220802,"St. Louis, MO",59788
48121021737,"Lewisville, TX",59783
6037403324,"Valle Lindo, Diamond Bar, CA",59783
34003011300,"Elmwood Park, NJ",59783
9003496500,"West Hartford, CT",59780
34027040102,"Lincoln Park, NJ",59778
9003494201,"Newington, CT",59777
36047005201,"Kings County, NY",59775
6059021905,"Anaheim Hills, Anaheim, CA",59775
42045407902,"Media, PA",59774
36081013500,"Queens County, NY",59773
53033022001,"Bothell, WA",59772
38017010303,"Stone Bridges, Fargo, ND",59771
34023008502,"Dayton, South Brunswick Township, NJ",59771
6073008336,"Rancho Peñasquitos, San Diego, CA",59770
25021408102,"Medway, MA",59763
24005404402,"Reisterstown, MD",59760
55133201101,"Brookfield, WI",59758
19167070600,"Orange City, IA",59756
34025811303,"Howell, NJ",59755
40027202206,"Moore, OK",59754
42125746100,"McMurray, PA",59752
42045408103,"Broomall, PA",59752
6037262501,"Pacific Palisades, Los Angeles, CA",59751
42017104301,"New Hope, PA",59747
48303010504,"Lubbock, TX",59747
42129803400,"Irwin, PA",59745
48201554902,"Spring, TX",59743
22109001000,"Bourg, LA",59743
53033006400,"Capitol Hill, Seattle, WA",59742
27163070106,"Forest Lake, MN",59741
34015501210,"Sewell, Washington Township, NJ",59741
26125196000,"Troy, MI",59738
36103111503,"Greenlawn, NY",59738
38101011300,"Burlington, ND",59736
6059011710,"Placentia, CA",59735
4013611000,"Westwing Mountain, Peoria, AZ",59731
48113014312,"Las Colinas, Irving, TX",59730
36081162100,"Queens County, NY",59727
29047021804,"Kearney, MO",59726
36085013400,"Richmond County, NY",59726
56007967600,"Rawlins, WY",59725
36047045600,"Kings County, NY",59724
25023521202,"Whitman, MA",59724
17097864106,"Mundelein, IL",59724
4013103209,"Paradise Valley Village, Scottsdale, AZ",59720
12086007400,"Riviera, Coral Gables, FL",59716
36081093900,"Queens County, NY",59716
8035014129,"Westridge, Littleton, CO",59715
6075031000,"West of Twin Peaks, San Francisco, CA",59714
53033032102,"Issaquah, WA",59712
26125156000,"West Bloomfield Township, MI",59711
37183053717,"Umstead, Raleigh, NC",59708
48029121904,"Far North Central, San Antonio, TX",59707
51107611700,"Sterling, VA",59706
48439104201,"Fort Worth, TX",59703
27145010900,"Belgrade, MN",59703
42007600700,"Beaver Falls, PA",59701
36029017300,"West Seneca, NY",59700
29183311154,"O'Fallon, MO",59699
24013504202,"Westminster, MD",59699
42091204500,"Merion Station, PA",59699
56025000902,"Casper, WY",59696
55089640200,"Grafton, WI",59695
25017383700,"Framingham, MA",59694
51810042000,"North Central, Virginia Beach, VA",59694
34029710100,"Point Pleasant Beach, NJ",59690
6037113102,"Chatsworth, Los Angeles, CA",59690
27003050709,"Coon Rapids, MN",59690
36047069602,"Kings County, NY",59688
48329010113,"Midland, TX",59688
34007603504,"Cherry Hill, NJ",59688
51059451000,"Annandale, VA",59686
6073008335,"Torrey Glenn, San Diego, CA",59683
17031806600,"Des Plaines, IL",59682
27123040503,"White Bear Lake, MN",59681
27145010402,"Albany, MN",59681
6059052520,"Woodbridge, Irvine, CA",59680
17031804311,"Hoffman Estates, IL",59680
18097320800,"Washington Township, Indianapolis, IN",59678
6059099412,"Huntington Beach, CA",59678
27053026707,"Maple Grove, MN",59678
34005703803,"Medford, NJ",59677
26163564401,"Canton, MI",59672
42003491101,"Clairton, PA",59670
25005600203,"North Easton, Easton, MA",59669
34029738002,"Beach Haven, NJ",59668
36103124001,"Lindenhurst, NY",59665
55093960200,"River Falls, WI",59664
19149970400,"Remsen, IA",59664
24003701300,"Davidsonville, MD",59661
48201413100,"Braeswood Place, Houston, TX",59660
33015104102,"Hampstead, NH",59658
24025304202,"Forest Hill, MD",59657
55093960500,"Prescott, WI",59656
27053026006,"Eden Prairie, MN",59655
27053026020,"Eden Prairie, MN",59655
36027050203,"Hopewell Junction, NY",59653
55025000205,"Madison, WI",59650
48113007906,"Park Cities, Dallas, TX",59649
42029306501,"Landenberg, PA",59643
17043845704,"Downers Grove, IL",59641
6037265601,"Westwood, Los Angeles, CA",59641
48491020110,"Georgetown, TX",59640
6085504308,"North San Jose, San Jose, CA",59635
25017331101,"Wilmington, MA",59635
8005006815,"Englewood, CO",59634
13067030335,"Marietta, GA",59633
29189218500,"Kirkwood, MO",59628
27123040705,"Shoreview, MN",59623
8035014406,"The Meadows, Castle Rock, CO",59620
48113019043,"Greens, Garland, TX",59619
34025802700,"Monmouth County, NJ",59618
48453001916,"Austin, TX",59614
17089850103,"Kane County, IL",59613
6001450603,"Pleasanton, CA",59612
29183311736,"St. Peters, MO",59612
24005490603,"Baltimore, MD",59609
27171100500,"Annandale, MN",59608
18037953500,"Jasper, IN",59608
48453001914,"East Oak Hill, Austin, TX",59608
39045032900,"Pickerington, OH",59605
27053023501,"Minneapolis, MN",59603
36029009008,"Buffalo, NY",59603
51107611601,"Sterling, VA",59602
56037970901,"Rock Springs, WY",59601
48029181814,"North Central, San Antonio, TX",59601
13113140207,"Peachtree City, GA",59597
45063021025,"Lexington, SC",59596
24031705903,"Bethesda, MD",59596
34009020902,"Avalon, NJ",59594
6037113301,"Northridge, Los Angeles, CA",59594
26125196100,"Troy, MI",59594
36087013402,"Sparkill, NY",59593
34025810101,"Manalapan Township, NJ",59591
9003400100,"Berlin, CT",59590
6071011002,"San Bernardino, CA",59589
6037480002,"San Gabriel, CA",59588
34005704012,"Marlton, Evesham Township, NJ",59587
4009961201,"Thatcher, AZ",59586
6001450741,"Pleasanton, CA",59586
25017387201,"Holliston, MA",59585
34007607503,"Voorhees Township, NJ",59582
17197880309,"Naperville, IL",59580
5007020801,"Bella Vista, AR",59578
25027717100,"Berlin, MA",59577
6085508403,"Sunnyvale West, Sunnyvale, CA",59577
17043845601,"Downers Grove, IL",59576
17179021603,"Morton, IL",59572
6037189300,"Central LA, Los Angeles, CA",59572
4013611500,"Deer Valley, Phoenix, AZ",59570
36059517301,"Glen Cove, NY",59570
25027745100,"Hopedale, Hopedale, MA",59567
6001436402,"Hayward Highland, Hayward, CA",59566
22071011500,"Audubon, New Orleans, LA",59566
27131070100,"Lonsdale, MN",59563
48157673300,"Fulshear, TX",59563
21185030701,"Prospect, KY",59563
36103170201,"Southold, NY",59556
12086009703,"Highland Lakes, Miami, FL",59554
36081070300,"Queens County, NY",59551
38059020100,"Mandan, ND",59551
25021456402,"Stoughton, MA",59551
48071710200,"Baytown, TX",59549
32003003226,"Queensridge, Las Vegas, NV",59549
6075035300,"Sunset District, San Francisco, CA",59548
17043841403,"Winfield, IL",59546
25017336300,"Melrose, MA",59544
25023506203,"Marshfield, MA",59543
6013337100,"Concord, CA",59543
34031124321,"Clifton, NJ",59543
36001014503,"Voorheesville, NY",59542
34015501205,"Sewell, Washington Township, NJ",59540
6037401304,"Bonita, San Dimas, CA",59535
53033000500,"Broadview, Seattle, WA",59535
6037106641,"Granada Hills, Los Angeles, CA",59535
22033004508,"Baton Rouge, LA",59535
17031824123,"Tinley Park, IL",59534
24009860501,"Huntingtown, MD",59533
34027041702,"Lake Hiawatha, Parsippany-Troy Hills, NJ",59530
36087010902,"Congers, NY",59526
9003430203,"Southington, CT",59526
26163557900,"Livonia, MI",59526
6037554518,"Cerritos, CA",59525
48201543002,"Cypress, TX",59525
31019969203,"Kearney, NE",59523
12086008415,"Miami, FL",59523
33015003802,"Londonderry, NH",59517
48339693700,"Conroe, TX",59513
17043844307,"Lombard, IL",59513
12071040111,"Legends Golf & Country Club, Fort Myers, FL",59512
55093960300,"River Falls, WI",59511
12099005409,"Hypoluxo Island, Lantana, FL",59510
26125197200,"Troy, MI",59507
51760050400,"Near West End, Richmond, VA",59498
36055011302,"Webster, NY",59498
26099230700,"Sterling Heights, MI",59497
55089660301,"Mequon, WI",59497
25027728200,"Holden, MA",59494
26139021400,"Grand Rapids, MI",59493
42091201901,"Rydal, PA",59493
34029722402,"Toms River, NJ",59491
39035187105,"University Heights, OH",59491
42101036501,"Northeast Philadelphia, Philadelphia, PA",59488
38059020200,"Mandan, ND",59487
29183311153,"O'Fallon, MO",59486
9009343102,"Cheshire Village, Cheshire, CT",59484
17043842605,"Wheaton, IL",59484
27019090302,"Waconia, MN",59484
53061050200,"Edmonds, WA",59483
42003414101,"Gibsonia, PA",59481
34003004002,"Bogota, NJ",59481
17043841318,"Bartlett, IL",59480
31055007466,"South Central Omaha, Omaha, NE",59479
36103159300,"Bellport, NY",59476
26125170000,"Berkley, MI",59474
55089650300,"Cedarburg, WI",59474
24009860102,"Dunkirk, MD",59472
6037264000,"Brentwood, Los Angeles, CA",59467
34027042900,"Madison, NJ",59466
6029000505,"Fruitvale, Bakersfield, CA",59466
47157021139,"Shelby County, TN",59463
21111010706,"Louisville, KY",59462
13121011427,"Alpharetta, GA",59461
31055007467,"South Central Omaha, Omaha, NE",59461
34025805300,"Oceanport, NJ",59457
8005005612,"Greenwood Village, CO",59454
42017101609,"Warminster, PA",59452
48085031638,"Spring Ridge, Plano, TX",59452
39041011540,"Lewis Center, OH",59451
42091202000,"Rockledge, PA",59451
24021751202,"Whittier, Frederick, MD",59449
36061017500,"Upper West Side, New York, NY",59449
6085507805,"Cupertino, CA",59446
36119015000,"North Salem, NY",59445
27053024500,"Minneapolis, MN",59445
9003481000,"Enfield, CT",59445
55111000800,"Spring Green, WI",59444
17031822702,"Oak Lawn, IL",59443
17043845805,"Burr Ridge, IL",59442
17111870808,"Crystal Lake, IL",59441
6059021916,"Anaheim Hills, Anaheim, CA",59440
17089850701,"Elgin, IL",59439
55133203703,"Mulberry Grove, Delafield, WI",59438
36061011402,"Upper East Side, New York, NY",59438
4013420301,"Mesa, AZ",59436
34039033400,"Union, NJ",59434
6085504413,"Milpitas, CA",59433
17043845509,"Westmont, IL",59432
17031100400,"Norwood Park, Chicago, IL",59432
36081102900,"Queens County, NY",59431
22051020203,"Metairie, LA",59431
34037373600,"Newton, NJ",59429
9003481300,"Southwood Acres, Enfield, CT",59428
6037401001,"Glendora, CA",59425
24031701001,"Rockville, MD",59422
34027044401,"Rockaway, NJ",59420
24005492600,"Parkville, MD",59418
48121021748,"Flower Mound, TX",59417
6061021040,"Sun City, Roseville, CA",59417
36103170001,"Mattituck, NY",59417
36087010102,"Stony Point, NY",59416
34025812501,"Millstone, NJ",59410
21067003916,"Greenbrier Residents, Lexington, KY",59409
6085508204,"Panama Park, Sunnyvale, CA",59409
51059420202,"Alexandria, VA",59409
49057210203,"Ogden, UT",59407
48167720302,"Friendswood, TX",59406
34039032100,"Elizabeth, NJ",59398
49043964402,"Park City, UT",59395
6071000820,"Upland, CA",59394
51059491301,"Centreville, VA",59391
42091205200,"Haverford, PA",59390
25027736100,"Auburn, MA",59389
36029014206,"Lancaster, NY",59388
48085030530,"McKinney, TX",59387
39061023901,"Cincinnati, OH",59387
17027900300,"Breese, IL",59385
51059451200,"Falls Church, VA",59381
26099225200,"Shelby charter Township, MI",59381
21185030801,"Prospect, KY",59381
39035181201,"Rocky River, OH",59379
6037482002,"Monterey Park, CA",59378
6059021823,"Yorba Linda, CA",59377
6081604800,"Millbrae, CA",59369
8059011726,"Green Mountain, Lakewood, CO",59367
53033022400,"Norkirk, Kirkland, WA",59366
48201552301,"Ravensway Lake, Cypress, TX",59363
53053072409,"Gig Harbor, WA",59362
48033950100,"Gail, TX",59361
6037300100,"La Crescenta, La Crescenta-Montrose, CA",59360
6037800202,"The Oaks, Calabasas, CA",59360
24003750400,"Linthicum Heights, MD",59357
26163562600,"Plymouth, MI",59355
25017363104,"Acton, MA",59352
48157673400,"Lakes Of Mission Grove, Richmond, TX",59350
34003019203,"Fort Lee, NJ",59349
6037800504,"Eastern Malibu, Malibu, CA",59349
13067030326,"Marietta, GA",59344
34007603800,"Haddon Township, NJ",59343
42003451101,"Coraopolis, PA",59343
42091203402,"Norristown, PA",59343
6001450502,"Dublin, CA",59342
6073020401,"Lake Hodges, Escondido, CA",59338
34039034900,"Linden, NJ",59338
9009190303,"Guilford, CT",59337
6085512045,"South San Jose, San Jose, CA",59336
51087200127,"Richmond, VA",59336
17197881115,"New Lenox, IL",59336
6059110008,"Los Alamitos, CA",59333
8005081700,"Centennial, CO",59332
34023002401,"Colonia, Woodbridge Township, NJ",59332
36055012202,"Pittsford, NY",59331
55009020702,"De Pere, WI",59329
29183311148,"Saint Charles, MO",59329
17031804608,"Hoffman Estates, IL",59329
6013345102,"San Ramon, CA",59326
17043840705,"Elmhurst, IL",59325
36103122602,"Deer Park, NY",59325
42003428100,"Pittsburgh, PA",59321
6059032023,"San Clemente, CA",59321
36085009602,"Richmond County, NY",59318
47187050204,"Brentwood, TN",59318
13057091006,"Woodstock, GA",59316
47187050208,"Franklin, TN",59315
27163070304,"Saint Paul, MN",59314
34027042301,"Morris Plains, NJ",59311
48439113813,"Keller, TX",59310
36093032102,"Schenectady County, NY",59310
8035014108,"Northridge, Highlands Ranch, CO",59308
27037060819,"Lakeville, MN",59305
27053027300,"Wayzata, MN",59304
36005025000,"Bronx County, NY",59302
17197883507,"Frankfort, IL",59302
17031805402,"Niles, IL",59302
42129802101,"Murrysville, PA",59299
1073010805,"Birmingham, AL",59296
6001440332,"Union City, CA",59296
6085507808,"Cupertino, CA",59294
25021422301,"Weymouth, MA",59294
25009210200,"Peabody, MA",59293
27037060713,"Burnsville, MN",59293
36103190503,"Speonk, Remsenburg-Speonk, NY",59293
36085020801,"Richmond County, NY",59293
18089043202,"Crown Point, IN",59293
42017104603,"Doylestown, PA",59291
51153901511,"Haymarket, VA",59291
42091202301,"Elkins Park, PA",59289
42101035500,"Bustleton, Philadelphia, PA",59287
27145011100,"Richmond, MN",59285
48113013607,"Far North Dallas, Dallas, TX",59285
34025810503,"West Freehold, Freehold, NJ",59283
17031823705,"Hickory Hills, IL",59282
49043964101,"Coalville, UT",59282
26125134800,"Commerce Charter Township, MI",59280
6001430700,"Castro Valley, CA",59280
6075017801,"South of Market, San Francisco, CA",59280
37183053202,"Overlake At Sunset Ridge, Holly Springs, NC",59279
17089854503,"Aurora, IL",59274
51061930402,"Warrenton, VA",59273
51107611400,"Sterling, VA",59273
48113013721,"Southwest Carrollton, Carrollton, TX",59272
27003050219,"Andover, MN",59271
24031701221,"Rockville, MD",59270
51107611013,"Belmont Country Club, Ashburn, VA",59269
6059062701,"Corona Del Mar, Newport Beach, CA",59269
1073004800,"Highland Park, Birmingham, AL",59265
17031824602,"Oak Forest, IL",59261
42029307300,"Parkesburg, PA",59261
27053026103,"Hopkins, MN",59260
24025303606,"Bel Air, MD",59260
34017011500,"Constable Hook, Bayonne, NJ",59259
25017318200,"Westford, MA",59256
6013343001,"Walnut Creek, CA",59251
36081065900,"Queens County, NY",59251
24003731004,"Annapolis, MD",59250
29189220442,"St. Louis, MO",59249
6075042601,"Central Richmond, San Francisco, CA",59247
6059042337,"Laguna Niguel, CA",59247
31159960300,"Seward, NE",59245
32031003507,"Sparks, NV",59244
6013338201,"Concord, CA",59244
21037051300,"Fort Thomas, KY",59244
18057111003,"Carmel, IN",59242
34023002302,"Colonia, Woodbridge Township, NJ",59242
8005085600,"Aurora, CO",59239
26161415600,"Ann Arbor, MI",59238
6059021923,"Anaheim Hills, Anaheim, CA",59238
36047054400,"Kings County, NY",59234
20173007301,"Wichita, KS",59233
17197881601,"Joliet, IL",59233
48113014126,"Coppell, TX",59228
24031701202,"Kensington, MD",59225
36047000501,"Kings County, NY",59225
26125165100,"Farmington, MI",59225
34025806202,"West Long Branch, NJ",59223
42003413201,"Pittsburgh, PA",59219
42041011303,"Cumberland County, PA",59219
17111871201,"Crystal Lake, IL",59218
8035014134,"Southridge, Littleton, CO",59218
36047006300,"Kings County, NY",59217
36103147501,"East Islip, NY",59211
17179021702,"Tremont, IL",59210
36047006600,"Kings County, NY",59209
34005704013,"Cambridge Park, Evesham Township, NJ",59208
19153011404,"Johnston, IA",59206
17167003604,"Springfield, IL",59205
55089660100,"Thiensville, WI",59204
6075035400,"Parkside, San Francisco, CA",59202
42017101607,"Warminster, PA",59200
17163503203,"Millstadt, IL",59199
39061027300,"Terrace Park, OH",59196
25009253202,"North Andover, MA",59193
24510271200,"Homeland, Baltimore, MD",59192
34027040900,"Boonton, NJ",59191
17031803300,"Arlington Heights, IL",59191
6085510001,"Los Altos, CA",59190
36047029400,"Kings County, NY",59188
49047968200,"Vernal, UT",59188
13121011615,"Milton, GA",59188
36047044600,"Kings County, NY",59187
12099007760,"West Palm Beach, FL",59185
26163596100,"Grosse Ile Township, MI",59184
17031808100,"Niles, IL",59184
17031822101,"Oak Lawn, IL",59183
6075021100,"Dolores Heights, San Francisco, CA",59182
17043841322,"Hanover Park, IL",59178
6081601901,"Sunshine Gardens, South San Francisco, CA",59178
36103170002,"Cutchogue, NY",59174
6075010200,"Russian Hill, San Francisco, CA",59173
42029304000,"Downingtown, PA",59171
6081602000,"Paradise Valley, South San Francisco, CA",59166
25017366100,"Cochituate, Wayland, MA",59158
42029303801,"West Chester, PA",59155
29189221502,"Eureka, MO",59153
36047068800,"Kings County, NY",59152
48085031709,"Far North Dallas, Dallas, TX",59152
6071000813,"Upland, CA",59149
38015010900,"Bismarck, ND",59149
37081010404,"Old Irving Park, Greensboro, NC",59149
42091202602,"Wyncote, PA",59148
29189217943,"Ellisville, MO",59148
36001014611,"Voorheesville, NY",59147
42091207103,"Telford, PA",59147
6037503703,"La Mirada, CA",59146
17031806103,"Des Plaines, IL",59145
25009223100,"Ipswich, Ipswich, MA",59144
39049010400,"Wyndham Village, Dublin, OH",59142
38017040400,"Harwood, ND",59142
24005408100,"Sparks Glencoe, MD",59139
34023002301,"Colonia, Woodbridge Township, NJ",59137
34005703202,"Southampton Township, NJ",59137
22057021601,"Raceland, LA",59137
26125183600,"Royal Oak, MI",59136
48381020400,"Amarillo, TX",59136
48201553600,"Terranova, Spring, TX",59135
24031701407,"Silver Spring, MD",59133
17203030501,"Germantown Hills, IL",59131
37129011703,"Landfall, Wilmington, NC",59129
49049003203,"Spanish Fork, UT",59128
29189221423,"Fenton, MO",59127
24003730902,"Annapolis, MD",59127
34025812502,"Millstone, NJ",59124
24027603001,"Woodstock, MD",59123
42045408700,"Havertown, PA",59122
42003477100,"Pittsburgh, PA",59121
51059491201,"Centreville, VA",59119
36021000401,"Kinderhook, NY",59117
36081029500,"Queens County, NY",59117
15003000301,"Kuliouou - Kalani Iki, Honolulu, HI",59116
19155021603,"Underwood, IA",59115
6001441503,"Newark, CA",59115
25027743100,"Upton-West Upton, Upton, MA",59114
6081602400,"Avalon, South San Francisco, CA",59113
6075047701,"Central Richmond, San Francisco, CA",59113
26125191200,"Rochester, MI",59112
27139080204,"Savage, MN",59112
36085029103,"Richmond County, NY",59111
49035112815,"Draper, UT",59108
27053126200,"North Loop, Minneapolis, MN",59106
6059042111,"San Clemente, CA",59106
8001061200,"Brighton, CO",59105
6107001005,"Visalia, CA",59104
25017336402,"Melrose, MA",59103
38015011101,"Bismarck, ND",59099
25027739100,"Shrewsbury, MA",59099
19155021602,"Treynor, IA",59096
9013530600,"Vernon, CT",59095
42003475304,"Bethel Park, PA",59094
48201553900,"Memorial Northwest, Spring, TX",59091
25017370101,"Watertown, MA",59089
17197883602,"Monee, IL",59089
27019090800,"Chaska, MN",59088
31055007453,"Millard, Omaha, NE",59087
17097861608,"Gages Lake, IL",59085
36029014209,"Lancaster, NY",59082
39035135106,"Brecksville, OH",59080
34023007905,"Parlin, Old Bridge Township, NJ",59080
25023530400,"Plymouth, MA",59078
47187050205,"Brentwood, TN",59077
15003008917,"Mililani, HI",59076
48201251300,"Kingwood, Houston, TX",59074
6073017106,"Rancho Santa Fe, CA",59073
27141030504,"Elk River, MN",59071
34035053703,"Somerset County, NJ",59069
45091061006,"Fort Mill, SC",59063
39061023501,"Cincinnati, OH",59061
6041107000,"San Rafael, CA",59059
51085320804,"Mechanicsville, VA",59056
51153901237,"Woodbridge, VA",59056
6059032020,"Mission Viejo, CA",59055
36071013500,"Highland Mills, Woodbury, NY",59052
17163504001,"New Athens, IL",59051
36047029000,"Kings County, NY",59051
13067030319,"Marietta, GA",59050
31177050102,"Blair, NE",59049
6075013101,"Pacific Heights, San Francisco, CA",59049
6037910804,"Acton, CA",59049
42045400900,"Drexel Hill, Upper Darby, PA",59048
47037018407,"Bellevue, Nashville, TN",59047
29189221100,"Kirkwood, MO",59046
20091052910,"Northwood Trails, Olathe, KS",59043
21117065501,"Edgewood, KY",59042
37119005816,"Piper Glen Estates, Charlotte, NC",59042
6041101100,"Novato, CA",59042
6037265410,"Los Angeles, CA",59041
6073009706,"Del Cerro, San Diego, CA",59040
9001061100,"Fairfield, CT",59033
19061010104,"Asbury, IA",59031
47037018201,"Nashville, TN",59031
27003050220,"Andover, MN",59027
17031807600,"Skokie, IL",59027
37119005847,"Providence Plantation, Charlotte, NC",59026
48329010107,"Midland, TX",59026
6073008102,"La Jolla, San Diego, CA",59026
9001105100,"Easton, CT",59021
6071000118,"Chino Hills, CA",59019
36071012200,"Goshen, NY",59019
38035010804,"Grand Forks, ND",59018
6013340002,"Walnut Creek, CA",59017
48303010407,"Lubbock, TX",59017
38015011400,"Menoken, ND",59015
26139022206,"Zeeland, MI",59014
17031100500,"Norwood Park, Chicago, IL",59013
6059021822,"Yorba Linda, CA",59012
48201555600,"Tomball, TX",59011
42101036203,"Millbrook, Philadelphia, PA",59008
6073017019,"Rancho Bernardo, San Diego, CA",59007
31141965100,"Humphrey, NE",59003
25017354100,"West Cambridge, Cambridge, MA",59003
17197881001,"Lockport, IL",59001
38017040200,"Arthur, ND",59001
31181965000,"Blue Hill, NE",58998
36081146700,"Queens County, NY",58997
42075003700,"Lebanon, PA",58996
6059099234,"Fountain Valley, CA",58995
26125150000,"Bloomfield Township, MI",58990
17043843400,"Lombard, IL",58990
31019969202,"Kearney, NE",58988
18057111101,"Carmel, IN",58987
34017020000,"Secaucus, NJ",58986
29183311132,"Saint Charles, MO",58985
6059021810,"Placentia, CA",58985
6075060700,"Mission Bay, San Francisco, CA",58985
36029009701,"Depew, NY",58983
48453001714,"Canyon Creek, Austin, TX",58981
6041120000,"Larkspur, CA",58978
34007608209,"Clementon, NJ",58978
27003050226,"Ramsey, MN",58976
34013021701,"Caldwell, NJ",58974
10003011700,"Wilmington, DE",58974
12095016100,"Winter Park, FL",58973
42003564100,"Pittsburgh, PA",58973
42091210500,"Wyndmoor, PA",58972
55093960700,"Ellsworth, WI",58971
20173009510,"Wichita, KS",58971
9001100100,"Monroe, CT",58969
49043964303,"Park City, UT",58967
49049010110,"Lehi, UT",58963
6059042319,"Laguna Niguel, CA",58963
24027605602,"Hickory Ridge, Columbia, MD",58960
6075011000,"Nob Hill, San Francisco, CA",58958
36103159107,"Medford, NY",58957
36119004500,"North Side, Mount Vernon, NY",58956
18089043404,"Hebron, IN",58954
36103158110,"Centereach, NY",58954
51041101007,"Midlothian, VA",58953
6001400100,"Claremont Hills, Berkeley, CA",58952
34021002904,"Trenton, NJ",58948
34013015000,"Bloomfield, NJ",58947
27053022902,"Browndale, Minneapolis, MN",58946
17043841603,"West Chicago, IL",58945
20095961300,"Cunningham, KS",58944
6037500202,"East Whitter, Whittier, CA",58941
39035135103,"Brecksville, OH",58940
47165021008,"Hendersonville, TN",58938
48439113816,"Keller, TX",58935
25017339400,"Medford, MA",58934
8031003901,"Belcaro, Denver, CO",58931
48113007101,"Dallas, TX",58930
36059406100,"West Hempstead, NY",58929
8059012048,"Littleton, CO",58929
31153010629,"North Shore, Papillion, NE",58929
17013951300,"Brussels, IL",58928
17031090300,"Edison Park, Chicago, IL",58926
17097866000,"Wadsworth, IL",58926
9003405401,"Forestville, Bristol, CT",58925
55133201504,"Woodfield Park, New Berlin, WI",58922
27139081300,"Belle Plaine, MN",58919
56005000600,"Gillette, WY",58918
17031808001,"Lincolnwood, IL",58917
48121021514,"Lewisville, TX",58916
9007640100,"Killingworth, CT",58913
36103158605,"Ronkonkoma, NY",58910
6013341000,"Saranap, Walnut Creek, CA",58910
41047002600,"Salem, OR",58908
6037480201,"San Gabriel, CA",58907
36085024402,"Richmond County, NY",58907
9001080500,"Stratford, CT",58904
17097861609,"Gurnee, IL",58904
25021417100,"Quincy, MA",58904
39061025104,"Cincinnati, OH",58904
48113014120,"Coppell, TX",58903
34021004307,"West Windsor Township, NJ",58901
53061052105,"Snohomish, WA",58898
48085030512,"Hunters Creek, Frisco, TX",58898
34025811900,"Allentown, NJ",58896
6095250106,"Vallejo, CA",58895
17031640500,"South Side, Chicago, IL",58895
27123040802,"Saint Paul, MN",58893
6037102104,"Burbank, CA",58892
42045408102,"Broomall, PA",58892
36081062500,"Queens County, NY",58889
29189221335,"St. Louis, MO",58888
6037271500,"Mar Vista, Los Angeles, CA",58881
6037300301,"Crescenta Highlands, Glendale, CA",58880
26037010400,"Eagle, MI",58879
55109121000,"Roberts, WI",58879
36119014604,"Montrose, NY",58878
56023978200,"Kemmerer, WY",58878
36061010200,"Midtown, New York, NY",58877
26163596200,"Grosse Ile Township, MI",58876
6037700901,"Central LA, Beverly Hills, CA",58874
34031223801,"Totowa, NJ",58873
6037920111,"Santa Clarita, CA",58872
17133600501,"Waterloo, IL",58871
27049080500,"Cannon Falls, MN",58871
25017356500,"Arlington, MA",58871
34025810600,"Freehold, NJ",58869
17197881109,"New Lenox, IL",58869
55061960400,"Luxemburg, WI",58868
22057022000,"Thibodaux, LA",58868
25017318100,"Westford, MA",58868
27003050820,"Blaine, MN",58867
6059052513,"Woodbridge, Irvine, CA",58866
8075965900,"Peetz, CO",58864
39049007393,"Bryn Mawr Woods, Columbus, OH",58864
17111870809,"McHenry, IL",58861
42029302101,"Malvern, PA",58860
6085506102,"Santa Clara, CA",58860
34003037202,"New Milford, NJ",58855
34005704302,"Burlington County, NJ",58855
36103146500,"Islip Terrace, NY",58849
36055011707,"Fairport, NY",58848
48201251800,"Crosby, TX",58848
8059009840,"Northwest Arvada, Arvada, CO",58847
36029009113,"Buffalo, NY",58846
6073008327,"Carmel Valley, San Diego, CA",58846
6059001501,"Brea, CA",58846
55087012902,"Appleton, WI",58844
39035186206,"Strongsville, OH",58843
53033032210,"Issaquah, WA",58843
49011125907,"Layton, UT",58842
53033032104,"Squak Mountain, Issaquah, WA",58842
6071009201,"Wrightwood, CA",58841
6085503321,"East San Jose, San Jose, CA",58839
25017322200,"Hudson, MA",58839
25009210500,"South Peabody, Peabody, MA",58838
17031825302,"Tinley Park, IL",58836
34015501201,"Sewell, Washington Township, NJ",58832
17097864108,"Mundelein, IL",58831
48201342002,"Fairmont Estates, Pasadena, TX",58829
36029013702,"Orchard Park, NY",58825
37183053806,"Coachmans Trail, Raleigh, NC",58823
48085031312,"Plano, TX",58822
42091207800,"Pennsburg, PA",58818
42003429300,"Pittsburgh, PA",58818
13135050425,"Lilburn, GA",58817
49035113010,"South Jordan, UT",58815
51041100823,"Richmond, VA",58813
25023530600,"Plymouth, MA",58811
9005267100,"Washington Depot, Washington, CT",58810
25017317203,"Chelmsford, MA",58809
4013105101,"Paradise Valley Village, Phoenix, AZ",58806
39017011112,"Butler County, OH",58804
6037701202,"Wilshire Montana, Santa Monica, CA",58804
36047017000,"Kings County, NY",58802
34037371400,"Sussex County, NJ",58802
51013100100,"Arlington, VA",58801
51059421300,"Groveton, Alexandria, VA",58801
9003430500,"Plantsville, Southington, CT",58800
36005018400,"Bronx County, NY",58797
53053072408,"Gig Harbor, WA",58794
24510271501,"Mount Washington, Baltimore, MD",58794
13113140501,"Fayetteville, GA",58792
8059009851,"Wyndhams, Arvada, CO",58791
53053072504,"Gig Harbor, WA",58789
34023007909,"Matawan, NJ",58788
51107611101,"Sterling, VA",58787
36029014101,"Erie County, NY",58786
36081145102,"Queens County, NY",58784
27139080301,"Shakopee, MN",58783
36081056200,"Queens County, NY",58783
12057005102,"Southeast Tampa, Tampa, FL",58783
17031803608,"Palatine, IL",58778
34007603601,"Ashland, Cherry Hill, NJ",58777
34025810502,"West Freehold, Freehold, NJ",58776
48113013102,"North Dallas, Dallas, TX",58774
26099223800,"Macomb, MI",58774
48339690601,"Alden Bridge, The Woodlands, TX",58771
27053026611,"Plymouth, MN",58770
24025303206,"Bel Air, MD",58769
51153901233,"Manassas, VA",58768
25017316202,"Pinehurst, Billerica, MA",58766
48085031504,"Allen, TX",58766
25023540103,"Lakeville, MA",58764
36119004800,"Tuckahoe, NY",58759
6075045100,"Balboa Hollow, San Francisco, CA",58759
55133204502,"Oconomowoc, WI",58758
9007585100,"Durham, Durham, CT",58758
34031116500,"Bloomingdale, NJ",58757
53033021906,"West Ridge, Woodinville, WA",58756
36029009004,"East Amherst, NY",58750
47157021410,"Poplar Estates, Germantown, TN",58749
20091053417,"Overland Park, KS",58746
34039033200,"Union, NJ",58742
6037800203,"Calabasas, CA",58742
26125127200,"Clarkston, MI",58742
17133600402,"Waterloo, IL",58742
36055012301,"Pittsford, NY",58740
55131440106,"Hartford, WI",58738
8013012701,"Boulder, CO",58735
55079150301,"Franklin, WI",58735
31055007447,"West Omaha, Omaha, NE",58734
27123041800,"Roseville, MN",58732
6037920015,"Santa Clarita, CA",58731
42045407600,"Swarthmore, PA",58729
17043846519,"Naperville, IL",58728
48029121910,"San Antonio, TX",58728
17197883902,"Beecher, IL",58727
48201251902,"Newport, Crosby, TX",58727
36119013800,"Croton-on-Hudson, NY",58724
17197883513,"Tinley Park, IL",58723
6059062631,"Turtle Rock, Irvine, CA",58720
6037800325,"Westlake Village, CA",58719
36059301300,"Port Washington, NY",58717
24037875700,"Hollywood, MD",58717
51107611004,"Ashburn, VA",58716
48201323701,"Pasadena, TX",58715
42011010904,"Reading, PA",58714
22055001403,"Lafayette, LA",58713
48491020804,"Forest Creek, Round Rock, TX",58711
48085032009,"Richardson, TX",58709
17111871306,"Cary, IL",58709
26125135200,"Commerce Charter Township, MI",58709
48339691100,"Spring, TX",58707
36103124601,"Babylon, NY",58707
8001009325,"North Central Westminster, Westminster, CO",58707
36103158107,"Lake Grove, NY",58702
9009194202,"Killingworth, CT",58696
6111008500,"Simi Valley, CA",58696
48355005416,"South Side, Corpus Christi, TX",58691
24031706010,"Rockville, MD",58690
17089850600,"Sleepy Hollow, IL",58690
48201342900,"Deer Park, TX",58688
12057005900,"Beach Park, Tampa, FL",58688
6073017046,"Scripps Ranch, San Diego, CA",58683
6055201500,"Saint Helena, CA",58679
36055010200,"West Irondequoit, Rochester, NY",58679
48201553001,"Oak Creek Village, Houston, TX",58675
27003050805,"Blaine, MN",58675
25017328100,"Dunstable, MA",58675
25019950500,"Nantucket, MA",58674
6041126200,"Mill Valley, CA",58674
9003430302,"Plantsville, Southington, CT",58673
25027750200,"Whitinsville, Northbridge, MA",58673
53061051918,"Bothell, WA",58672
39035194900,"Chagrin Falls, OH",58669
12115001907,"Sarasota, FL",58669
34027046000,"Netcong, NJ",58668
55079130200,"Hales Corners, WI",58668
34003057102,"Wallington, NJ",58667
36081010100,"Queens County, NY",58666
36029013501,"Orchard Park, NY",58666
47093005710,"Knoxville, TN",58664
34029722300,"Toms River, NJ",58664
55131430100,"West Bend, WI",58660
17043845510,"Westmont, IL",58659
9009346101,"Oxford, CT",58656
55109120501,"New Richmond, WI",58655
37119005908,"Steele Creek, Charlotte, NC",58650
42017106402,"Quakertown, PA",58647
20131480200,"Seneca, KS",58646
51085321401,"Mechanicsville, VA",58646
48157673800,"New Territory, Sugar Land, TX",58643
53033031605,"Black Diamond, WA",58639
55133201600,"New Berlin, WI",58639
4013420705,"Northgrove, Mesa, AZ",58636
42045409100,"Havertown, PA",58635
27037061105,"Hastings, MN",58635
36061008200,"Midtown, New York, NY",58634
37183053006,"Ivory Hills, Apex, NC",58634
9009154700,"West Haven, CT",58633
17111871208,"Crystal Lake, IL",58633
6081608100,"Foster City, CA",58631
17031806300,"Des Plaines, IL",58629
55025013200,"Dane County, WI",58624
6013392000,"Kensington, CA",58621
48085031632,"Chase Oaks, Plano, TX",58621
36029014102,"Erie County, NY",58620
17043844802,"Downers Grove, IL",58619
48085031662,"Stonehaven Place, Plano, TX",58619
49035113012,"South Jordan, UT",58618
53033020800,"Richmond Highlands, Shoreline, WA",58617
48339690602,"Sterling Ridge, Spring, TX",58616
6037188202,"Central LA, Los Angeles, CA",58615
6059099244,"Huntington Beach, CA",58615
51087200116,"Raintree, Richmond, VA",58615
20091053406,"Symphony Hills, Olathe, KS",58612
27143170198,"Green Isle, MN",58609
17031120300,"Forest Glen, Chicago, IL",58608
48201552001,"Steeplechase, Houston, TX",58606
49049010108,"Lehi, UT",58605
36119002404,"Southeast Yonkers, Yonkers, NY",58605
17197881116,"New Lenox, IL",58605
27123035000,"Merriam Park, Saint Paul, MN",58604
53033032003,"Maple Valley, WA",58598
6001432800,"Bay-O-Vista, San Leandro, CA",58597
55093960800,"Maiden Rock, WI",58597
38089963600,"Dickinson, ND",58597
48245010902,"Port Neches, TX",58595
6085503803,"Alum Rock, San Jose, CA",58595
6085502907,"Cambrian, San Jose, CA",58592
17031803702,"Palatine, IL",58589
53033021905,"Bothell, WA",58588
48121021751,"Flower Mound, TX",58588
27053021800,"Minneapolis, MN",58587
9009186200,"Northford, CT",58585
25021404202,"Babson Park, Wellesley, MA",58584
20091053202,"Overland Park, KS",58581
25017368901,"North Waltham, Waltham, MA",58577
36087012501,"Airmont, NY",58576
36047025800,"Kings County, NY",58575
34005702906,"Ramblewood, Mount Laurel, NJ",58572
26163557500,"Livonia, MI",58569
6013345101,"San Ramon, CA",58568
8005005634,"Littleton, CO",58567
34025810402,"East Freehold, Freehold, NJ",58567
24031701408,"Spencerville, MD",58566
55133202103,"Waukesha, WI",58565
4013216847,"Foothills At Ironwood Village, Scottsdale, AZ",58563
53033024000,"Northwest Bellevue, Bellevue, WA",58562
17031823002,"Chicago Ridge, IL",58561
48201423500,"Southwest Houston, Houston, TX",58560
29095013612,"Lee's Summit, MO",58559
36103146706,"West Islip, NY",58559
34013006900,"Ironbound District, Newark, NJ",58557
34027041704,"Parsippany, Parsippany-Troy Hills, NJ",58553
42019912304,"Cranberry Township, PA",58553
6001404501,"Montclair, Oakland, CA",58553
27149480300,"Morris, MN",58551
6059110012,"Seal Beach, CA",58551
48393950100,"Miami, TX",58550
33015103100,"Atkinson, NH",58549
27003050221,"Andover, MN",58544
26125154600,"West Bloomfield Township, MI",58544
17031811000,"Elmwood Park, IL",58543
34015502100,"South Harrison Township, NJ",58543
12021000402,"Moorings, Naples, FL",58541
6037920331,"Santa Clarita, CA",58540
39035194100,"Walton Hills, OH",58539
29189218401,"Kirkwood, MO",58537
42101035702,"Bustleton, Philadelphia, PA",58537
17043841321,"Bartlett, IL",58534
27123030201,"Como, Saint Paul, MN",58534
39149971600,"Fort Loramie, OH",58533
36103135403,"Nesconset, NY",58533
36005051600,"Bronx County, NY",58532
51087200128,"Henrico, VA",58532
25027711100,"Fitchburg, MA",58529
31055007468,"South Central Omaha, Ralston, NE",58525
17111871003,"Marengo, IL",58523
34027044702,"Lake Hopatcong, Jefferson, NJ",58520
34037371600,"Sussex County, NJ",58518
19125030100,"Otley, IA",58517
25027751101,"Sutton, MA",58515
47157021420,"Germantown, TN",58514
17043846507,"Aurora, IL",58514
42091206105,"Royersford, PA",58513
34025810200,"Manalapan Township, NJ",58513
6081601605,"Serramonte, Daly City, CA",58513
8123001407,"Greeley, CO",58513
31055007469,"Omaha, NE",58511
6037310100,"Burbank, CA",58510
17031802504,"Wheeling, IL",58509
4019004712,"Las Alturas, Tucson, AZ",58509
42071011801,"Lancaster, PA",58505
6075047901,"Outer Richmond, San Francisco, CA",58503
48113014119,"Coppell, TX",58503
36103122603,"North Babylon, NY",58500
20091050000,"Holmesland, Westwood, KS",58500
34037374000,"Newton, NJ",58500
51013100900,"Tara - Leeway Heights, Arlington, VA",58499
42095016901,"Nazareth, PA",58499
42003446000,"Edgeworth, PA",58498
19169010100,"Huxley, IA",58497
21111010317,"Louisville, KY",58490
48113007302,"Bluffview, Dallas, TX",58489
42129802102,"Murrysville, PA",58489
53033022803,"Overlake, Redmond, WA",58489
24021751701,"Frederick, MD",58486
36029014207,"Lancaster, NY",58485
6081608800,"Belmont, CA",58483
33015104101,"East Hampstead, Hampstead, NH",58480
36047015700,"Kings County, NY",58480
12043000300,"Moore Haven, FL",58479
9001110302,"Shelton, CT",58479
6059110118,"Cypress, CA",58478
34023002101,"Metuchen, NJ",58478
24021770700,"Middletown, MD",58472
17043841102,"Roselle, IL",58472
48149970200,"La Grange, TX",58468
48121021753,"Flower Mound, TX",58466
42091206102,"Phoenixville, PA",58466
53061052004,"Mill Creek, WA",58465
6081613800,"Pescadero, CA",58464
48201553500,"Cypresswood, Spring, TX",58461
40143007614,"Southridge Estate, Tulsa, OK",58461
6037670411,"Rancho Palos Verdes, CA",58460
27171100400,"Annandale, MN",58459
42007603802,"Baden, PA",58459
6075025702,"Excelsior, San Francisco, CA",58458
22051022301,"Bonnabel Place, Metairie, LA",58457
8005005633,"Littleton, CO",58455
25025000302,"Brighton, Boston, MA",58454
56005000200,"Gillette, WY",58449
8001009411,"East Central Westminster, Westminster, CO",58445
53053070316,"Lakeland Hills, Auburn, WA",58441
8069001605,"English Ranch, Fort Collins, CO",58440
24031701004,"Rockville, MD",58439
34025800702,"Middletown, NJ",58439
34027040804,"Montville, NJ",58438
55079100800,"West Allis, WI",58438
39061020601,"Cincinnati, OH",58436
34019011100,"Hunterdon County, NJ",58436
17031808200,"Niles, IL",58435
6075030700,"Miraloma, San Francisco, CA",58435
6041103200,"Novato, CA",58433
12011010503,"Pompano Beach, FL",58433
36055014501,"Rochester, NY",58429
47037017702,"Green Hills, Nashville, TN",58428
12086006101,"Granada, Coral Gables, FL",58428
9005360200,"Watertown, CT",58428
6111007609,"Moorpark, CA",58425
27123042504,"Maplewood, MN",58424
5119004213,"Little Rock, AR",58421
6037134421,"West Hills, Los Angeles, CA",58420
42017106300,"Silverdale, PA",58420
42003490004,"South Park Township, PA",58420
6111005909,"Newbury Park, Thousand Oaks, CA",58420
48085031625,"High Place, Plano, TX",58420
38101010800,"Minot, ND",58419
48085031718,"Far North Dallas, Dallas, TX",58417
31055007438,"Northwest Omaha, Omaha, NE",58415
48439111409,"Southwest Arlington, Arlington, TX",58414
9009165802,"Hamden, CT",58413
34037372500,"Hamburg, NJ",58412
19153010409,"Urbandale, IA",58411
12095015601,"Maitland, FL",58411
42091206501,"Collegeville, PA",58408
53033006200,"Northeast Seattle, Seattle, WA",58408
6001451704,"Livermore, CA",58406
36005013800,"Bronx County, NY",58402
18089042801,"Dyer, IN",58402
36061003100,"Chinatown, New York, NY",58402
48201554102,"Spring, TX",58398
42003426300,"Glenshaw, PA",58398
6085512005,"Edenvale, San Jose, CA",58397
55009020204,"Green Bay, WI",58395
6001408000,"Woodminster, Oakland, CA",58393
26161426000,"Saline, MI",58392
6037194300,"Central LA, Los Angeles, CA",58390
36085018702,"Richmond County, NY",58390
26093744800,"South Lyon, MI",58389
6001441301,"Centerville, Fremont, CA",58388
20091053506,"Tomahawk Trails, Olathe, KS",58388
34005700501,"Moorestown-Lenola, Moorestown, NJ",58388
25017315200,"Tewksbury, MA",58386
6001435102,"Hayward Highland, Hayward, CA",58386
42091202201,"Montgomery County, PA",58385
55133203702,"Twin Oaks, Delafield, WI",58384
53033022500,"Moss Bay, Kirkland, WA",58383
53033006500,"Capitol Hill, Seattle, WA",58380
34003038200,"North Arlington, NJ",58380
9009343300,"Cheshire, CT",58380
8059009836,"Cameo Estates, Arvada, CO",58377
37183053522,"Cary, NC",58377
24031701316,"Sandy Spring, Ashton-Sandy Spring, MD",58375
41067031908,"Bull Mountain, Portland, OR",58372
20091053415,"Overland Park, KS",58369
53061050300,"Edmonds, WA",58367
51059430802,"West Springfield, VA",58365
36081013700,"Queens County, NY",58364
34037373000,"Ogdensburg, NJ",58364
39035186202,"Strongsville, OH",58363
17031824601,"Midlothian, IL",58361
56025001603,"Casper, WY",58360
53033032215,"Sammamish, WA",58360
34025800701,"Middletown, NJ",58357
27139080302,"Shakopee, MN",58354
36067013100,"Syracuse, NY",58354
6081606800,"Baywood Park, San Mateo, CA",58354
48339692002,"Spring, TX",58352
34013016300,"Upper Montclair, Montclair, NJ",58351
37183053715,"North Raleigh, Raleigh, NC",58349
34023003102,"Woodbridge Township, NJ",58348
25023522102,"Hanson, MA",58348
25027736500,"Auburn, MA",58346
17063000700,"Coal City, IL",58339
17089851909,"Elgin, IL",58338
36047017400,"Kings County, NY",58337
8123002203,"Windsor, CO",58335
6059032031,"Mission Viejo, CA",58334
6037430400,"Arcadia, CA",58330
17031806400,"Des Plaines, IL",58330
51013103700,"Arlington Ridge, Arlington, VA",58330
34021003004,"White Horse, Trenton, NJ",58330
47187050907,"Franklin, TN",58325
27163071400,"Cottage Grove, MN",58324
27139080700,"Shakopee, MN",58324
40037020103,"Tulsa, OK",58323
48439113907,"Southlake, TX",58320
36081147100,"Queens County, NY",58320
51041100902,"Richmond, VA",58318
24031703206,"Silver Spring, MD",58317
19077950200,"Guthrie Center, IA",58316
27163070104,"Forest Lake, MN",58314
51570830100,"Colonial Heights, VA",58312
36081048900,"Queens County, NY",58310
8059009842,"Golden, CO",58308
25027728400,"Holden, MA",58308
12099007616,"Boca Raton, FL",58307
49035110900,"Holladay, UT",58306
26081012605,"East Paris, Grand Rapids, MI",58305
56005000700,"Gillette, WY",58304
15003008918,"Mililani, HI",58303
26125193000,"Stratford Knolls, Rochester Hills, MI",58299
36047027000,"Kings County, NY",58296
6073017305,"Solana Beach, CA",58296
6059052526,"El Camino Real, Irvine, CA",58293
6013334200,"Walnut Creek, CA",58293
15003001400,"Kaimuki, Honolulu, HI",58291
36103158606,"Farmingville, NY",58290
27019090501,"Excelsior, MN",58289
6065030602,"Hawarden Hills, Riverside, CA",58288
4013217300,"South Scottsdale, Scottsdale, AZ",58287
39045033000,"Canal Winchester, OH",58287
36047058800,"Kings County, NY",58286
36047055600,"Kings County, NY",58286
34037372400,"Lafayette Township, NJ",58285
24027606604,"Columbia, MD",58285
51107610101,"Lovettsville, VA",58284
34003023301,"Hackensack, NJ",58281
34013007300,"Ironbound District, Newark, NJ",58281
34015501204,"Turnersville, Washington Township, NJ",58281
24013507703,"Westminster, MD",58280
36103145807,"Ronkonkoma, NY",58279
38101010302,"Minot, ND",58278
6075022704,"Potrero Hill, San Francisco, CA",58278
6059011715,"Placentia, CA",58277
26081011901,"Ada, MI",58274
34005703900,"Medford, NJ",58273
48439121609,"West Arlington, Arlington, TX",58271
6013345116,"San Ramon, CA",58269
53033031502,"Enumclaw, WA",58269
19153010406,"Urbandale, IA",58268
53061052006,"The Highlands at Mill Creek, Mill Creek, WA",58267
18097381201,"Perry Township, Indianapolis, IN",58267
42063960800,"Indiana, PA",58267
9003520501,"South Glastonbury, Glastonbury, CT",58266
33011200100,"Pelham, NH",58263
18163010201,"Evansville, IN",58262
34023006104,"North Brunswick Township, NJ",58261
9005306100,"New Hartford, CT",58260
13121000400,"Ansley Park, Atlanta, GA",58260
17043842603,"Wheaton, IL",58259
13057091008,"Woodstock, GA",58257
53033031800,"Kent, WA",58256
27123036400,"Macalester - Groveland, Saint Paul, MN",58255
36059413500,"Baldwin, NY",58255
39035156102,"Independence, OH",58254
12086007705,"Miami, FL",58252
18057110512,"Noblesville, IN",58251
6059062629,"Turtle Rock, Irvine, CA",58248
8005005631,"Centennial, CO",58248
34031256802,"Hewitt, West Milford, NJ",58248
34029713300,"Brick, NJ",58248
27003050217,"Andover, MN",58247
36081012301,"Queens County, NY",58247
31055007318,"Bennington, NE",58246
22033004401,"Baton Rouge, LA",58244
18089042802,"Dyer, IN",58234
34025802400,"Hazlet, NJ",58232
38017010306,"Southpointe, Fargo, ND",58232
48453001705,"Vista West, Austin, TX",58232
17031807100,"Evanston, IL",58231
17031821002,"Burbank, IL",58230
42029304600,"Glenmoore, PA",58228
55133200700,"Hickory Knoll, Brookfield, WI",58226
6075042602,"Central Richmond, San Francisco, CA",58226
18089040501,"Highland, IN",58224
49035112618,"Sandy, UT",58221
46099001106,"Sioux Falls, SD",58220
6037670602,"Rancho Palos Verdes, CA",58219
34023007907,"South Amboy, NJ",58218
40143007634,"Tulsa, OK",58217
24031701506,"Silver Spring, MD",58217
51087200107,"Henrico, VA",58212
6037403304,"Valle Lindo, Diamond Bar, CA",58211
26163579900,"Dearborn, MI",58205
6059063010,"Newport Beach, CA",58203
34013007000,"Ironbound District, Newark, NJ",58200
36081077902,"Queens County, NY",58197
17043845502,"Willowbrook, IL",58191
34023006601,"Milltown, NJ",58185
55039042100,"Mount Calvary, WI",58184
36103123101,"North Babylon, NY",58183
27163070105,"Forest Lake, MN",58181
39035175104,"North Royalton, OH",58181
34007603302,"Cherry Hill, NJ",58180
6085503329,"East San Jose, San Jose, CA",58180
4013815500,"Gilbert, AZ",58179
6037651002,"Southeast Torrance, Torrance, CA",58179
25017357700,"Belmont, MA",58179
48121021900,"Heritage Green, Frisco, TX",58178
36119001900,"Northwest Yonkers, Yonkers, NY",58178
53033023804,"West Bellevue, Bellevue, WA",58173
26125156500,"West Bloomfield Township, MI",58167
17031803610,"Palatine, IL",58162
8035014135,"Littleton, CO",58162
19153010803,"Pleasant Hill, IA",58160
48381021606,"Amarillo, TX",58160
36103122404,"West Babylon, NY",58159
48221160210,"Granbury, TX",58159
34021003903,"Pennington, NJ",58158
17043846311,"Bolingbrook, IL",58157
26125190500,"Oakland charter Township, MI",58157
27003050902,"Circle Pines, MN",58156
6059099231,"Fountain Valley, CA",58154
36103158507,"Selden, NY",58153
48439113611,"Hurst, TX",58150
36103124102,"Lindenhurst, NY",58148
6073017306,"Solana Beach, CA",58148
17031840000,"Bridgeport, Chicago, IL",58148
26163593300,"Woodhaven, MI",58144
48121021750,"Flower Mound, TX",58142
6071000105,"Chino Hills, CA",58142
27037060104,"West Saint Paul, MN",58141
48329000305,"Midland, TX",58140
27053025802,"West Bloomington, Bloomington, MN",58139
48439113625,"Bedford, TX",58137
17031100200,"Norwood Park, Chicago, IL",58136
6111006302,"Thousand Oaks, CA",58134
26125128200,"Orion charter Township, MI",58132
48491020109,"Georgetown, TX",58132
8123002007,"Erie, CO",58132
25017368902,"Waltham, MA",58129
37119003015,"Sardis Forest, Charlotte, NC",58127
42029300201,"Berwyn, PA",58127
42003473401,"Pittsburgh, PA",58126
42003459201,"Pittsburgh, PA",58125
19049050200,"Dallas Center, IA",58123
34023001505,"Edison, NJ",58122
39035186203,"Strongsville, OH",58121
39061020502,"Cincinnati, OH",58120
49049010219,"Highland, UT",58114
48201250702,"Kingwood Glen, Humble, TX",58114
36059517302,"Glen Cove, NY",58114
6067008703,"Gold River, CA",58108
40109108114,"Edmond, OK",58108
36029014603,"Buffalo, NY",58108
48113014206,"Las Colinas, Irving, TX",58108
34003032103,"Mahwah, NJ",58107
20091053418,"Overland Park, KS",58105
12086007805,"Kendall, FL",58104
36005033700,"Bronx County, NY",58097
25009252602,"Methuen, MA",58094
6037137302,"Woodland Hills, Los Angeles, CA",58092
25017317101,"Chelmsford, MA",58092
6059021802,"Yorba Linda, CA",58086
6059052423,"Lake Forest, CA",58084
36047018400,"Kings County, NY",58084
36081129104,"Queens County, NY",58083
36103145701,"Hauppauge, NY",58079
26163562400,"Plymouth, MI",58079
41067032001,"Sherwood - Tualatin North, Tualatin, OR",58075
15003008931,"Mililani Mauka - Launani Valley, Wahiawa, HI",58075
22033004016,"Baton Rouge, LA",58075
6037480500,"South Pasadena, CA",58074
4021001702,"Maricopa, AZ",58073
36085005000,"Richmond County, NY",58072
36059518900,"Hicksville, Hicksville, NY",58071
21039960100,"Cunningham, KY",58069
36103158707,"Yaphank, NY",58068
29047020202,"Kansas City, MO",58068
53033032311,"Woodinville, WA",58066
34023002402,"Colonia, Woodbridge Township, NJ",58065
36047024600,"Kings County, NY",58061
13121011418,"Roswell, GA",58060
40137001000,"Velma, OK",58058
19113010600,"Palo, IA",58058
36005032300,"Bronx County, NY",58055
24013504201,"Finksburg, MD",58054
29189215302,"Frontenac, MO",58053
17043844801,"Downers Grove, IL",58052
36103158506,"Lake Grove, NY",58052
36047031400,"Kings County, NY",58051
53033004600,"Wallingford, Seattle, WA",58050
29189215202,"St. Louis, MO",58050
34003019306,"Fort Lee, NJ",58049
48113003101,"Downtown, Dallas, TX",58049
27053105100,"Bryn Mawr, Minneapolis, MN",58048
17113000505,"Bloomington, IL",58047
6013349000,"Stanley, Lafayette, CA",58046
51600300500,"Fairfax, VA",58045
49035110600,"Salt Lake City, UT",58043
36081147900,"Queens County, NY",58040
51153901005,"Manassas, VA",58040
13117130404,"Cumming, GA",58037
8059009829,"West Westminster, Westminster, CO",58036
6001441924,"Cherry - Guardino, Fremont, CA",58035
51059452501,"Alexandria, VA",58034
36029010809,"Buffalo, NY",58033
44009050302,"North Kingstown, RI",58032
42003408002,"Gibsonia, PA",58032
49035111202,"Cottonwood Heights, UT",58032
39035130104,"Bay Village, OH",58031
34027045402,"Landing, Roxbury Township, NJ",58031
12099000407,"Jupiter, FL",58030
17197883304,"Wilmington, IL",58029
27003050609,"Coon Rapids, MN",58029
6037920110,"Santa Clarita, CA",58026
6059110010,"Cypress, CA",58025
34003013002,"Edgewater, NJ",58024
49011126101,"Kaysville, UT",58024
53035091302,"Silverdale, WA",58024
51059460502,"Vienna, VA",58021
31151960700,"Friend, NE",58019
6037262200,"Bel Air, Los Angeles, CA",58016
48201552302,"Cypress, TX",58015
34029727001,"Lavallette, NJ",58010
26125194300,"Rochester Hills, MI",58010
6075013500,"Pacific Heights, San Francisco, CA",58010
20091053101,"Indian Creek Estates, Overland Park, KS",58008
48439113612,"Colleyville, TX",58008
27053027001,"Rockford, MN",58006
36047059401,"Kings County, NY",58005
36029007904,"Marvin Gardens, Tonawanda, NY",58005
27163070601,"Stillwater, MN",58003
34003059100,"Westwood, NJ",58003
39035177505,"Parma, OH",58002
42101020600,"East Falls, Philadelphia, PA",58002
49035112921,"West Jordan, UT",58000
17097864511,"Vernon Hills, IL",58000
34017010500,"Bayonne, NJ",58000
51059422302,"Alexandria, VA",58000
8031006804,"Southeast, Denver, CO",57998
48439113912,"Southlake, TX",57998
24021751802,"Mount Airy, MD",57997
18059410800,"New Palestine, IN",57995
55101001802,"Union Grove, WI",57993
27123042402,"Maplewood, MN",57992
34003003200,"Bergenfield, NJ",57991
34017018701,"Hoboken, NJ",57988
17197884005,"Custer Park, IL",57985
30009000400,"Roberts, MT",57983
17073030400,"Geneseo, IL",57982
27163071011,"Woodbury, MN",57982
6085505304,"Santa Clara, CA",57979
28089030201,"Madison, MS",57976
34027041801,"Parsippany, Parsippany-Troy Hills, NJ",57976
51059452400,"Springfield, VA",57975
24013509002,"Mount Airy, MD",57975
34023007804,"Old Bridge, Old Bridge Township, NJ",57974
48085030407,"Starwood - Chamberlyne Place Village, Frisco, TX",57973
26125194100,"Cumberland Hills, Rochester Hills, MI",57972
6037297400,"San Pedro, Los Angeles, CA",57972
36047013200,"Kings County, NY",57972
6059042305,"Laguna Beach, CA",57969
36081015100,"Queens County, NY",57969
40143007612,"Tulsa, OK",57968
6059052424,"Lake Forest, CA",57967
42003473200,"Pittsburgh, PA",57965
34023000902,"South Plainfield, NJ",57964
36029009007,"Buffalo, NY",57963
17031821800,"Evergreen Park, IL",57963
37183053405,"Cary, NC",57961
6059052420,"Lower Peters Canyon, Irvine, CA",57960
26125137800,"Northville, MI",57960
49035112609,"Sandy, UT",57960
27139080905,"Prior Lake, MN",57959
17167003603,"Springfield, IL",57957
29510103100,"Lindenwood Park, St. Louis, MO",57956
24003702209,"Crofton, MD",57955
25009252102,"Methuen, MA",57951
26163556800,"Livonia, MI",57949
24031700500,"Poolesville, MD",57949
39049006500,"Columbus, OH",57949
27109001302,"Rochester, MN",57946
36119002300,"Dunwoodie, Yonkers, NY",57941
25009215102,"South Hamilton, Hamilton, MA",57939
18003011204,"New Haven, IN",57939
34017013300,"Kearny, NJ",57937
19099040900,"Sully, IA",57935
39035186107,"Strongsville, OH",57934
48201552002,"Crossroads Park, Houston, TX",57930
6001421400,"Berkeley Hills, Berkeley, CA",57928
36081077903,"Queens County, NY",57926
42017105505,"Yardley, PA",57926
24009860200,"Owings, MD",57926
36081006201,"Queens County, NY",57925
42003473300,"Mount Lebanon, PA",57919
27123041107,"New Brighton, MN",57918
26093742900,"Brighton, MI",57918
19153011028,"West Des Moines, IA",57917
27003050114,"Oak Grove, MN",57914
36047062800,"Kings County, NY",57912
12071001602,"Fort Myers, FL",57912
26125198000,"Troy, MI",57909
20173010115,"Wichita, KS",57908
29183311212,"St. Peters, MO",57907
24025304101,"Jarrettsville, MD",57907
42101000902,"Center City, Philadelphia, PA",57907
24003731103,"Arnold, MD",57904
42045407202,"Media, PA",57902
6013304002,"Byron, CA",57900
15003008908,"Mililani, HI",57900
1117030304,"Birmingham, AL",57898
25009261101,"Haverhill, MA",57898
17031110200,"Gladstone Park, Chicago, IL",57896
42029301402,"Pottstown, PA",57894
34031216702,"Ringwood, NJ",57893
22051023903,"River Ridge, LA",57893
24031701005,"Rockville, MD",57891
6081601100,"Daly City, CA",57890
24021752001,"Twin Ridge, Mount Airy, MD",57889
19023070400,"Parkersburg, IA",57889
6013355117,"San Ramon, CA",57888
34023001002,"South Plainfield, NJ",57887
27053026906,"Champlin, MN",57885
32007950701,"Elko, NV",57885
42071011902,"Lititz, PA",57884
13135050429,"Lilburn, GA",57884
13121011623,"Johns Creek, GA",57882
37183054203,"Wake Forest, NC",57882
42045401501,"Clifton Heights, PA",57881
55025010200,"Madison, WI",57881
39025040303,"Loveland, OH",57879
27167950100,"Rothsay, MN",57876
36119008200,"Port Chester, NY",57874
8005005632,"Centennial, CO",57874
36029009006,"Buffalo, NY",57873
25021422800,"Weymouth, MA",57872
21111010702,"Louisville, KY",57871
25009217202,"Beverly, MA",57870
6037106603,"Granada Hills, Los Angeles, CA",57869
36103159411,"Mastic, NY",57868
19181020300,"Norwalk, IA",57867
51059491401,"Centreville, VA",57867
25017337300,"Stoneham, MA",57867
26125190700,"Oakland charter Township, MI",57867
27139080800,"Jordan, MN",57866
55093960600,"Pierce County, WI",57864
8059011710,"Kendrick Lake, Lakewood, CO",57864
48201241400,"Lexington Woods North, Spring, TX",57860
6037262604,"Pacific Palisades, Los Angeles, CA",57860
38009952300,"Bottineau, ND",57859
34017013800,"Harrison, NJ",57858
22033004900,"Highlands/Perkins, Baton Rouge, LA",57853
48201555301,"Northampton Estates, Spring, TX",57852
27037061007,"Rosemount, MN",57848
39113020602,"Kettering, OH",57847
27045960200,"Chatfield, MN",57846
18097320301,"Washington Township, Indianapolis, IN",57845
39055312202,"Chardon, OH",57838
48085031507,"Twin Creeks, Allen, TX",57838
36059302200,"Roslyn Heights, NY",57836
39165030504,"Springboro, OH",57836
55133200300,"Menomonee Falls, WI",57834
6059099224,"Fountain Valley, CA",57831
48135001700,"Odessa, TX",57831
13121010106,"Sandy Springs, GA",57828
6001421500,"Berkeley Hills, Berkeley, CA",57828
55133203803,"North Prairie, WI",57827
25017339500,"Medford, MA",57822
48085031653,"Villages Of Preston Meadow, Plano, TX",57822
9009344200,"Middlebury, CT",57819
21185030702,"Crestwood, KY",57817
11001010700,"Downtown, Washington, DC",57817
51153901416,"Bristow, VA",57817
29189220702,"Concord, St. Louis, MO",57816
34017019900,"Secaucus, NJ",57815
6059075607,"Tustin, CA",57815
25017321600,"Marlborough, MA",57815
48201455300,"Katy, TX",57813
22089063100,"Luling, LA",57812
42129802301,"Trafford, PA",57811
34021004405,"Hightstown, NJ",57810
17031823200,"Alsip, IL",57810
42029306900,"Lincoln University, PA",57810
25017335301,"Wakefield, MA",57809
34019011301,"Flemington, NJ",57808
38063959000,"Michigan, ND",57807
36047016200,"Kings County, NY",57805
47157021342,"Cedar Lake, Memphis, TN",57804
15003000108,"Hawaii Kai, Honolulu, HI",57802
6001451505,"Livermore, CA",57802
13067030234,"Powder Springs, GA",57801
27123042302,"Maplewood, MN",57798
37183053720,"Bartons Creek Bluffs, Raleigh, NC",57798
42091205809,"King of Prussia, PA",57797
4013108000,"Camelback East Village, Phoenix, AZ",57797
53061042001,"Mukilteo, WA",57795
27003050712,"Minneapolis, MN",57794
9003460204,"Farmington, CT",57794
34027043700,"Morristown, NJ",57792
8059011725,"Green Mountain, Lakewood, CO",57791
47037017701,"Nashville, TN",57788
42045401600,"Lansdowne, PA",57783
21037052900,"Highland Heights, KY",57783
15003008928,"Mililani Mauka - Launani Valley, Mililani, HI",57782
53033025001,"Newport, Renton, WA",57777
39061021202,"Cincinnati, OH",57776
19061010600,"Sherrill, IA",57775
19061001204,"Dubuque, IA",57773
55133203402,"Eagles Ridge, Sussex, WI",57772
48201454900,"Westgreen Park, Katy, TX",57771
6081607600,"Central San Mateo, San Mateo, CA",57771
48157671501,"Lakeside Meadow At Brightwater, Missouri City, TX",57770
13135050427,"Lilburn, GA",57767
6085510802,"Greenmeadow, Palo Alto, CA",57767
25021402200,"Dedham, MA",57766
27053021504,"Minneapolis, MN",57766
25009223300,"Ipswich, MA",57765
40027201507,"Norman, OK",57762
24025303803,"Bel Air, MD",57761
55089650102,"Grafton, WI",57761
8059012043,"Westgold Meadows, Littleton, CO",57758
34023002604,"Iselin, Woodbridge Township, NJ",57757
48201253200,"Baytown, TX",57754
37183053711,"Kingsland, Raleigh, NC",57753
26099232000,"Sterling Heights, MI",57752
24005403701,"Owings Mills, MD",57751
24027606705,"Owen Brown, Columbia, MD",57749
44003020904,"East Greenwich, RI",57748
37183053007,"Eagle Creek, Raleigh, NC",57748
6037400207,"Bonita, La Verne, CA",57747
49035110103,"Salt Lake City, UT",57747
42003491200,"Jefferson Hills, PA",57744
34023001701,"Edison, NJ",57743
6073017030,"4S Ranch, San Diego, CA",57743
55131470100,"Germantown, WI",57739
51153901221,"Woodbridge, VA",57739
6075010800,"Nob Hill, San Francisco, CA",57737
19153010211,"Ankeny, IA",57736
6037530005,"South Montebello, Montebello, CA",57733
24005430600,"Relay, Halethorpe, MD",57732
24031701211,"Derwood, MD",57731
42017101503,"Southampton, PA",57728
53061051924,"Bothell, WA",57727
6059042106,"San Clemente, CA",57726
36103123900,"Lindenhurst, NY",57718
6017031800,"El Dorado Hills, CA",57717
39035160100,"Lakewood, OH",57716
36055011706,"Fairport, NY",57712
24005411102,"Kingsville, MD",57711
48491020326,"Cedar Park, TX",57706
34017012700,"Kearny, NJ",57705
36047019800,"Kings County, NY",57704
6037700802,"Beverly Hills, CA",57700
18089040300,"Munster, IN",57699
27171100202,"Monticello, MN",57698
49035111304,"Cottonwood Heights, UT",57697
29189221421,"Fenton, MO",57697
9003405800,"Bristol, CT",57697
42017104000,"Perkasie, PA",57697
53033031601,"Covington, WA",57696
48085030403,"Preston Estates, Frisco, TX",57695
34035052904,"Far Hills, NJ",57695
34039038601,"Scotch Plains, NJ",57695
42101013601,"Fairmount, Philadelphia, PA",57694
34035053603,"Somerville, NJ",57693
42029311403,"Coatesville, PA",57693
55087011600,"Kimberly, WI",57689
48201552602,"Cypress Forest, Houston, TX",57688
34023008800,"Piscataway Township, NJ",57688
27053026908,"Champlin, MN",57687
53033031703,"Kent, WA",57686
49049010208,"Alpine, UT",57685
36047030600,"Kings County, NY",57684
17031804805,"Schaumburg, IL",57683
34035050703,"Bridgewater, NJ",57682
24005411409,"Nottingham, MD",57682
6081607000,"South San Mateo, San Mateo, CA",57681
17031805401,"Niles, IL",57681
17043842604,"Wheaton, IL",57679
26145011300,"Frankenmuth, MI",57678
49011126306,"Centerville, UT",57678
17031807800,"Skokie, IL",57676
26099231500,"Sterling Heights, MI",57673
34019010200,"Glen Gardner, NJ",57672
47157021530,"Pembrook, Collierville, TN",57671
6059099504,"Seal Beach, CA",57671
55109120202,"Hudson, WI",57669
36103112001,"Huntington Station, NY",57668
48039660100,"Pearland, TX",57665
25017356601,"Arlington, MA",57661
36119001504,"Southeast Yonkers, Yonkers, NY",57660
19153011021,"West Des Moines, IA",57660
48039660400,"Pearland, TX",57659
6037920314,"Santa Clarita, CA",57658
6095252104,"Benicia, CA",57658
26163563500,"Canton, MI",57657
24005401503,"Catonsville, MD",57656
6085508001,"Cupertino, CA",57655
48439113633,"Grapevine, TX",57654
24017851301,"Charlotte Hall, MD",57654
42095016202,"Northampton, PA",57653
4001970502,"Greer, AZ",57651
55015020100,"Brillion, WI",57651
42129806700,"Mount Pleasant, PA",57651
55109120201,"Hudson, WI",57650
34007603400,"Barclay-Kingston, Cherry Hill, NJ",57649
26099260200,"Warren, MI",57649
36029013600,"Orchard Park, NY",57647
9003497500,"West Hartford, CT",57647
39055311500,"Novelty, OH",57646
17143003402,"Dunlap, IL",57644
18163010202,"Greater Oakhill, Evansville, IN",57642
6037910813,"Agua Dulce, CA",57638
34019011303,"Flemington, NJ",57637
31153010617,"Papillion, NE",57636
40143007633,"Tulsa, OK",57635
51600300200,"Fairfax, VA",57633
42017104203,"Doylestown, PA",57632
48439111530,"Southwest Arlington, Arlington, TX",57631
27037061102,"Hastings, MN",57630
8005006711,"Centennial, CO",57628
29189211333,"Florissant, MO",57627
6085504320,"North San Jose, San Jose, CA",57624
27053027503,"Excelsior, MN",57619
25017322400,"Hudson, Hudson, MA",57618
34003046200,"Ridgefield Park, NJ",57617
39035194500,"Gates Mills, OH",57617
33011010100,"Nashua, NH",57616
18029080201,"Guilford, IN",57615
36103147001,"West Islip, NY",57614
17013951200,"Michael, IL",57614
19061000802,"Dubuque, IA",57614
9013850100,"Coventry, CT",57613
39049006910,"Worthington Southwest, Worthington, OH",57613
36059301101,"Port Washington, NY",57612
55133204501,"Oconomowoc, WI",57608
36061017100,"Upper West Side, New York, NY",57606
33015003801,"Londonderry, NH",57602
38017000100,"Longfellow, Fargo, ND",57600
25023509101,"Kingston, MA",57599
55131460101,"Hubertus, WI",57598
41051006900,"Southwest Hills, Portland, OR",57596
51810043400,"Northeast Virginia Beach, Virginia Beach, VA",57595
47037018803,"Seven Springs, Brentwood, TN",57593
12011040102,"North Fort Lauderdale, Sea Ranch Lakes, FL",57593
19153004004,"Southwestern Hills, Des Moines, IA",57590
34005700200,"Riverton, NJ",57590
6041128100,"Mill Valley, CA",57590
13051011005,"The Landings, Savannah, GA",57588
47157021430,"Germantown, TN",57585
6037301300,"Glenwood, Glendale, CA",57583
17031810501,"Norridge, IL",57581
6059110006,"Rossmoor, CA",57579
42005950400,"Worthington, PA",57579
38077971400,"Hankinson, ND",57577
48453001781,"Balcones Village, Austin, TX",57575
42045401104,"Drexel Hill, Upper Darby, PA",57575
48201342500,"Erin Glen, Deer Park, TX",57571
25021418200,"Quincy, MA",57571
25027732801,"Broadmeadow Brook, Worcester, MA",57570
22103040304,"Mandeville, LA",57568
39153534100,"Hudson, OH",57567
53061041601,"Everett, WA",57567
21111011603,"Louisville, KY",57567
34005700304,"Cinnaminson, NJ",57566
51153901509,"Haymarket, VA",57565
6037141400,"Encino, Los Angeles, CA",57565
34017000100,"The Heights, Jersey City, NJ",57564
9001205100,"Brookfield, CT",57559
25027709100,"Leominster, MA",57558
27053024200,"Minneapolis, MN",57556
51153900801,"Woodbridge, VA",57555
6013359204,"Birds, Hercules, CA",57554
25009217100,"Beverly, MA",57552
6013360102,"El Sobrante Hills, Richmond, CA",57552
19075960200,"Holland, IA",57546
48139060801,"Midlothian, TX",57546
42091200704,"Hatfield, PA",57543
9001200302,"Bethel, Bethel, CT",57540
25017350500,"Tufts, Somerville, MA",57539
6059052528,"El Camino Real, Irvine, CA",57539
17031807500,"Skokie, IL",57537
42003429202,"Pittsburgh, PA",57537
17031081300,"Streeterville, Chicago, IL",57535
6075020500,"The Castro, San Francisco, CA",57532
55133201703,"Guernsey Meadows, Muskego, WI",57531
48029191412,"Inwood, San Antonio, TX",57529
6111005906,"Westlake Village, CA",57529
42017100807,"Langhorne, PA",57529
26005032600,"Holland, MI",57526
34025803100,"Matawan, NJ",57525
22093040200,"Lutcher, LA",57524
47157009600,"East Memphis, Memphis, TN",57523
36047035400,"Kings County, NY",57523
26163558800,"Livonia, MI",57520
41067032800,"Cornelius, OR",57519
48167720100,"Friendswood, TX",57519
6067005702,"Arden Park Vista, Sacramento, CA",57518
25017374600,"West Newton, Newton, MA",57517
48329010112,"Polo Park, Midland, TX",57517
48453001908,"Amarra Drive, Austin, TX",57517
47037018408,"Bellevue, Nashville, TN",57517
24031700104,"Montgomery Village, MD",57516
36047005400,"Kings County, NY",57515
4013619900,"Paradise Valley Village, Scottsdale, AZ",57515
6017030701,"El Dorado Hills, CA",57514
9001230502,"Sandy Hook, Newtown, CT",57513
6073013605,"La Mesa, CA",57511
53033022801,"Bridle Trails, Bellevue, WA",57509
6085505900,"Santa Clara, CA",57506
4013216833,"Scottsdale Ranch, Scottsdale, AZ",57505
6059021912,"Orange, CA",57505
9005253500,"New Milford, CT",57505
42011013701,"Fleetwood, PA",57504
1073014412,"Birmingham, AL",57504
27003050225,"Ramsey, MN",57504
27123041105,"New Brighton, MN",57504
27151960300,"Benson, MN",57503
53061052114,"Snohomish, WA",57503
6075021300,"Noe Valley, San Francisco, CA",57503
39061021304,"Cincinnati, OH",57503
51107611020,"Ashburn, VA",57502
6037620400,"Manhattan Beach, CA",57501
6059021820,"Yorba Linda, CA",57501
49011126204,"Centerville, UT",57498
26125166400,"Farmington Hills, MI",57498
39035135104,"Brecksville, OH",57497
46083010300,"Lennox, SD",57497
18001030400,"Decatur, IN",57496
36059416701,"Long Beach, NY",57495
17031040300,"Budlong Woods, Chicago, IL",57495
42077005402,"New Tripoli, PA",57493
36081060100,"Queens County, NY",57492
49035110500,"Salt Lake City, UT",57490
37183053606,"Morrisville, NC",57490
26163550300,"Grosse Pointe Park, MI",57489
42101034100,"Fox Chase/ Burholme, Philadelphia, PA",57488
34023002603,"Iselin, Woodbridge Township, NJ",57488
26099244000,"Clinton Township, MI",57486
53053070314,"Lake Tapps, WA",57486
6081610304,"Redwood Shores, Redwood City, CA",57486
6037700300,"Central LA, West Hollywood, CA",57483
9013526101,"Amston, Hebron, CT",57483
39049006950,"Indian Hills, Columbus, OH",57483
55015020400,"Chilton, WI",57482
55109120502,"New Richmond, WI",57482
26125196900,"Troy, MI",57482
37183053805,"Swans Mill, Raleigh, NC",57481
42129803302,"Irwin, PA",57479
24021751904,"Frederick, MD",57477
6037430200,"Bradbury, CA",57477
9005300400,"Litchfield, CT",57477
24021751301,"Frederick, MD",57472
34031175601,"Passaic, NJ",57471
6037430803,"Arcadia, CA",57470
42011012105,"Reading, PA",57469
17063000800,"Coal City, IL",57469
27039950100,"Mantorville, MN",57466
39035175202,"North Royalton, OH",57466
17031822400,"Oak Lawn, IL",57466
42101035800,"Northeast Philadelphia, Philadelphia, PA",57465
36065022701,"Rome, NY",57465
6001441522,"Lakes and Birds, Fremont, CA",57463
39061025103,"Forestville, Cincinnati, OH",57462
55133200202,"Market Square, Menomonee Falls, WI",57461
42095017702,"Bethlehem, PA",57461
6085507807,"Cupertino, CA",57460
29189215105,"Chesterfield, MO",57459
34005700504,"Moorestown-Lenola, Moorestown, NJ",57458
36103145805,"Lake Ronkonkoma, NY",57457
26081011804,"Grand Rapids, MI",57455
27123041602,"Roseville, MN",57454
25023530902,"Plymouth, MA",57452
39049007193,"The Pines, Westerville, OH",57452
9003494100,"Newington, CT",57451
36047059200,"Kings County, NY",57449
6059032032,"Mission Viejo, CA",57448
42003475200,"Bethel Park, PA",57448
36119000803,"Northwest Yonkers, Yonkers, NY",57445
26081013200,"Grandville Lakes, Grandville, MI",57445
17031828505,"Lansing, IL",57443
6001404102,"Piedmont Avenue, Oakland, CA",57443
24025301108,"Abingdon, MD",57443
36085002002,"Richmond County, NY",57442
6085503326,"Evergreen, San Jose, CA",57441
28049000200,"Jackson, MS",57440
6111007506,"Simi Valley, CA",57438
34023007102,"Sayreville, NJ",57437
31055006906,"South Central Omaha, Omaha, NE",57437
48201350100,"Southbelt/ Ellington, Houston, TX",57434
19153010706,"Altoona, IA",57433
33011013100,"Litchfield, NH",57431
18003010308,"Fort Wayne, IN",57430
18089040403,"Fairmeadow, Munster, IN",57427
6037554519,"Cerritos, CA",57426
25001014300,"North Falmouth, Falmouth, MA",57426
34035053804,"Somerset County, NJ",57424
8019014900,"Georgetown, CO",57421
9009348125,"Heritage Village, Southbury, CT",57421
48201455102,"Katy, TX",57420
34015500203,"West Deptford, NJ",57418
36103147701,"Sayville, NY",57416
17089852808,"Batavia, IL",57416
25017317302,"North Chelmsford, Chelmsford, MA",57412
36001013802,"Schenectady, NY",57412
17093890102,"Oswego, IL",57412
6085510100,"Woodland Acres - The Highlands, Los Altos, CA",57412
53053073121,"South Hill, WA",57412
36119008700,"West Harrison, Harrison, NY",57411
49035113008,"South Jordan, UT",57411
39153532302,"Akron, OH",57407
6037800506,"Eastern Malibu, Malibu, CA",57407
6065030601,"Alessandro Heights, Riverside, CA",57407
13067030341,"Marietta, GA",57407
36081137700,"Queens County, NY",57406
12011020321,"Cypress Glen, Coral Springs, FL",57406
6037403500,"Covina, CA",57404
25017356100,"Arlington, MA",57402
45019004800,"Sullivan's Island, SC",57402
36103158604,"Holbrook, NY",57401
42003408001,"Gibsonia, PA",57400
32003003262,"Sun City, Las Vegas, NV",57399
39153533501,"Akron, OH",57398
42095016902,"Bethlehem, PA",57396
26125150800,"Bloomfield Hills, MI",57396
4013116714,"Ahwatukee Foothills Village, Phoenix, AZ",57395
31095963600,"Jansen, NE",57395
17111871304,"Cary, IL",57395
36091062404,"Waterford, NY",57393
19153011206,"Clive, IA",57393
41067031512,"Bethany, Beaverton, OR",57391
36047056000,"Kings County, NY",57390
30111000704,"Heights, Billings, MT",57388
48257050201,"Forney, TX",57385
13215010301,"Columbus, GA",57384
30111001801,"Rimrock, Billings, MT",57383
36047035000,"Kings County, NY",57382
6071000111,"Chino Hills, CA",57379
9009167202,"North Haven, CT",57378
34039033900,"Roselle Park, NJ",57378
29189219200,"Webster Park, Webster Groves, MO",57378
20091052801,"Estates Of Forest View, Olathe, KS",57378
48357950100,"Perryton, TX",57373
36085020100,"Richmond County, NY",57373
24031700810,"Gaithersburg, MD",57368
22005030103,"Saint Amant, LA",57368
27025110401,"Wyoming, MN",57366
36027050103,"Wappingers Falls, NY",57364
17031823803,"Palos Hills, IL",57362
22019001901,"Lake Charles, LA",57361
42129803301,"North Huntingdon, PA",57359
12099007011,"Boca Raton, FL",57358
33015003902,"Londonderry, Londonderry, NH",57357
6059042327,"Laguna Hills, CA",57355
25023524101,"West Bridgewater, MA",57355
4013420107,"Mesa, AZ",57354
25001013002,"Osterville, Barnstable, MA",57350
17043843301,"Lombard, IL",57349
6061020710,"Maidu, Roseville, CA",57349
27129790200,"Bird Island, MN",57348
31055007450,"West Omaha, Omaha, NE",57345
24017850801,"Waldorf, MD",57344
6017030710,"El Dorado Hills, CA",57344
5119003706,"Sherwood, AR",57340
25017382500,"Natick, MA",57340
41005020504,"Hidden Springs, West Linn, OR",57339
20091050700,"Prairie Village, KS",57339
1073014410,"Birmingham, AL",57335
6081603200,"Linda Mar, Pacifica, CA",57335
9013860100,"Columbia, CT",57331
24025301102,"Bel Air, MD",57330
39043040600,"Cedar Point, Sandusky, OH",57327
20091052700,"De Soto, KS",57327
36081049900,"Queens County, NY",57326
31055007002,"South Central Omaha, Omaha, NE",57325
17031071200,"Lincoln Park, Chicago, IL",57324
27163071208,"Cottage Grove, MN",57324
41005022207,"Happy Valley, OR",57324
42007603202,"Aliquippa, PA",57323
6073008365,"Rancho Peñasquitos, San Diego, CA",57323
6037701601,"Northeast, Santa Monica, CA",57322
18087970402,"Topeka, IN",57317
36081051300,"Queens County, NY",57316
27145010200,"Saint Joseph, MN",57316
29165030102,"Parkdale - Walden, Kansas City, MO",57316
34025803201,"Holmdel, NJ",57313
48029121905,"Far North Central, San Antonio, TX",57313
20091053403,"Meadowridge, Olathe, KS",57311
6081601400,"St. Francis, Daly City, CA",57310
39041011900,"Powell, OH",57308
48453001773,"Flintrock Falls, Austin, TX",57308
26099251100,"Saint Clair Shores, MI",57305
38015010500,"Bismarck, ND",57305
19153010705,"Altoona, IA",57304
42071013303,"Willow Street, PA",57300
42101036000,"Northeast Philadelphia, Philadelphia, PA",57300
13133950301,"Greensboro, GA",57300
17031804714,"Hoffman Estates, IL",57299
36081071306,"Queens County, NY",57297
49049010411,"Salem, UT",57296
6081601700,"Serra Highlands, South San Francisco, CA",57294
34035053403,"Franklin Park, Franklin Township, NJ",57293
42003413500,"Allison Park, McCandless, PA",57292
6037431600,"Arcadia, CA",57292
38017040600,"Kindred, ND",57291
27037060905,"Farmington, MN",57291
34013019500,"Maplewood, NJ",57289
25009217201,"Beverly, MA",57287
29189215141,"St. Louis, MO",57284
35001003729,"North Albuquerque Acres, Albuquerque, NM",57284
42003413202,"Pittsburgh, PA",57283
49011127100,"Kaysville, UT",57282
12099007418,"Boca Raton, FL",57282
6111006301,"Thousand Oaks, CA",57281
27053025803,"West Bloomington, Bloomington, MN",57279
17119403603,"Highland, IL",57278
20091051600,"Leawood Hills, Leawood, KS",57278
6037482001,"Monterey Park, CA",57278
6037554522,"Cerritos, CA",57277
8059009850,"Mount Vernon, Golden, CO",57274
36047025600,"Kings County, NY",57274
25017368200,"Highlands, Waltham, MA",57272
39035189111,"Westlake, OH",57271
37119005517,"Highland Creek, Charlotte, NC",57271
6037431700,"Arcadia, CA",57271
12057011407,"Carrollwood Village Phase II, Tampa, FL",57270
17031808400,"Morton Grove, IL",57270
9001061000,"Fairfield, CT",57268
24005411306,"Nottingham, MD",57267
39035136103,"Broadview Heights, OH",57267
4013116710,"Ahwatukee, Phoenix, AZ",57264
6081607900,"East San Mateo, San Mateo, CA",57261
25017337101,"Stoneham, MA",57259
44007011401,"Cumberland, RI",57258
42003460001,"Coraopolis, PA",57255
6067005404,"Sacramento, CA",57255
34023002805,"Woodbridge, Woodbridge Township, NJ",57255
6029005104,"Tuscany, Bakersfield, CA",57248
17031740400,"Mount Greenwood, Chicago, IL",57247
34023001803,"Edison, NJ",57247
19167070500,"Alton, IA",57245
51059431001,"Burke, VA",57244
34017010400,"Bayonne, NJ",57244
29183311146,"Saint Charles, MO",57243
6067004011,"Pocket, Sacramento, CA",57243
36103147601,"Oakdale, NY",57239
37025041501,"Harrisburg, NC",57239
12071050305,"Bonita Bay, Bonita Springs, FL",57238
6111005802,"Newbury Park, Thousand Oaks, CA",57236
17043846409,"Aurora, IL",57236
25027726100,"Spencer, Spencer, MA",57235
6073017044,"Miramar Ranch North, San Diego, CA",57234
8123002008,"Erie, CO",57234
34021003706,"Ewing Township, NJ",57234
29189220601,"St. Louis, MO",57234
29095018200,"Lee's Summit, MO",57233
34015500703,"Gloucester County, NJ",57233
42091208702,"Pottstown, PA",57231
34035050100,"Somerville, NJ",57230
36081079900,"Queens County, NY",57227
34025803900,"Rumson, NJ",57227
12031014406,"Deerwood, Jacksonville, FL",57226
19181020200,"Norwalk, IA",57223
39049006721,"Worthington Estates, Worthington, OH",57223
4013105004,"Mummy Mountain Park, Paradise Valley, AZ",57223
34027045100,"Wharton, NJ",57222
51683910100,"Manassas, VA",57220
34007606000,"Haddon Heights, NJ",57218
26081014803,"Caledonia, MI",57218
48029121906,"Far North Central, San Antonio, TX",57217
26163560200,"Northville, MI",57213
36047029600,"Kings County, NY",57212
6013385100,"El Cerrito, CA",57212
39035135105,"Brecksville, OH",57211
36061013200,"Upper East Side, New York, NY",57211
25027750300,"Northbridge, MA",57211
4013103605,"Moon Mountain Vistas, Phoenix, AZ",57207
51059460701,"Vienna, VA",57204
34023001804,"Edison, NJ",57203
17043845810,"Darien, IL",57202
26125167000,"Farmington Hills, MI",57200
31079000500,"Grand Island, NE",57198
46099010401,"Sioux Falls, SD",57198
29189217941,"Manchester, MO",57195
48157672200,"Sugar Land, TX",57194
34003047400,"Ridgewood, NJ",57188
26163560400,"Northville, MI",57188
6037408629,"Hacienda Heights, CA",57186
6001421800,"North Berkeley, Berkeley, CA",57184
34037373500,"Newton, NJ",57184
6073009507,"Tierrasanta, San Diego, CA",57184
36029014204,"Lancaster, NY",57182
38017000300,"Fargo, ND",57182
17167002000,"Springfield, IL",57180
25017373800,"Newton Centre, Newton, MA",57178
36059405900,"West Hempstead, NY",57176
20091052410,"Stoneridge Manor, Lenexa, KS",57175
6085508508,"Ponderosa Park, Sunnyvale, CA",57172
19049050902,"Van Meter, IA",57172
6059021922,"Anaheim Hills, Anaheim, CA",57171
29183311909,"Lake Saint Louis, MO",57170
25005610202,"Mansfield, MA",57169
6075035100,"Sunset District, San Francisco, CA",57168
42101031600,"Northeast Philadelphia, Philadelphia, PA",57165
25023560100,"Mattapoisett Center, Mattapoisett, MA",57160
15003003102,"Mānoa, Honolulu, HI",57157
53033022203,"Inglewood-Finn Hill, Kirkland, WA",57157
27163070906,"Saint Paul, MN",57156
53061051927,"Bothell, WA",57155
19181020700,"Indianola, IA",57152
27037060733,"Eagan, MN",57145
25021416200,"Milton, MA",57145
36079011100,"Mahopac, NY",57143
36091062509,"Saratoga County, NY",57140
39061020501,"Cincinnati, OH",57140
27049080400,"Red Wing, MN",57139
25005630200,"North Attleborough, MA",57137
53033032010,"Maple Valley, WA",57136
13121011424,"Alpharetta, GA",57132
31177050101,"Blair, NE",57131
48085031655,"Preston Ridge, Plano, TX",57131
36005029700,"Bronx County, NY",57131
34029717002,"Jackson, NJ",57130
29183310301,"Saint Charles, MO",57129
36103124101,"Lindenhurst, NY",57124
17093890302,"Montgomery, IL",57123
36005029302,"Bronx County, NY",57123
18089042605,"Schererville, IN",57121
42095017604,"Bethlehem, PA",57120
12086016300,"Miami, FL",57120
8031004004,"Southeast, Denver, CO",57120
37097061406,"Mooresville, NC",57120
18089042702,"Schererville, IN",57119
53033022703,"Bridle Trails, Kirkland, WA",57119
31055006805,"South Central Omaha, Omaha, NE",57118
34033022202,"Salem, NJ",57118
34025811401,"Howell, NJ",57116
9001245600,"Ridgefield, CT",57116
20091052304,"Goode Estates, Shawnee, KS",57115
36081121500,"Queens County, NY",57114
29189217944,"Ballwin, MO",57114
48329010114,"Midland, TX",57111
18043071103,"Floyds Knobs, IN",57110
9001110301,"Shelton, CT",57110
32031002207,"Reno, NV",57109
34029722702,"Toms River, NJ",57109
13089021809,"Tucker, GA",57108
42045400802,"Drexel Hill, Upper Darby, PA",57106
6041113000,"San Geronimo, CA",57106
42129804502,"Greensburg, PA",57104
6041103100,"Novato, CA",57103
34041031402,"Hackettstown, NJ",57101
24025301202,"Bel Air, MD",57101
51059431600,"Springfield, VA",57101
34007607502,"Echelon, Voorhees Township, NJ",57100
6061020605,"Granite Bay, CA",57097
36081117500,"Queens County, NY",57097
48469000800,"Inez, TX",57095
27003050233,"Circle Pines, MN",57094
34007610600,"Pennsauken Township, NJ",57093
34029723100,"Toms River, NJ",57093
36081140901,"Queens County, NY",57092
6037800324,"Agoura Hills, CA",57092
29189220703,"Sappington, MO",57092
39049007210,"The New Albany Country Club, New Albany, OH",57089
41051007000,"Northwest Heights, Portland, OR",57089
42091208703,"Pottstown, PA",57088
34003011400,"Elmwood Park, NJ",57088
42091210700,"Collegeville, PA",57087
42091205904,"Conshohocken, PA",57083
17031062900,"Lake View, Chicago, IL",57083
9001211400,"Danbury, CT",57082
26125157800,"West Bloomfield Township, MI",57082
6037463900,"Northeast Los Angeles, Pasadena, CA",57082
25009268200,"Newburyport, MA",57082
6081613502,"Half Moon Bay, CA",57081
26093740300,"Brighton, MI",57079
36103158102,"Selden, NY",57079
42041011101,"Mechanicsburg, PA",57079
36047040600,"Kings County, NY",57077
8005085000,"Aurora, CO",57075
26125156400,"West Bloomfield Township, MI",57072
42075003200,"Lebanon, PA",57071
17097863902,"Vernon Hills, IL",57069
27019091202,"Cologne, MN",57067
6037276400,"Westchester, Los Angeles, CA",57066
36061006300,"Lower Manhattan, New York, NY",57063
17097861610,"Gurnee, IL",57063
8069001607,"Harvest Park, Fort Collins, CO",57060
10003011205,"Wilmington, DE",57058
6029000909,"Bakersfield Country Club, Bakersfield, CA",57056
13089021703,"Atlanta, GA",57051
42003413400,"Pittsburgh, PA",57051
49011125102,"Kaysville, UT",57050
6037910809,"Santa Clarita, CA",57050
36047007000,"Kings County, NY",57049
24013508200,"Hampstead, MD",57047
9009130200,"Seymour, CT",57047
6075015700,"Inner Richmond, San Francisco, CA",57047
17043846105,"Naperville, IL",57045
42125741300,"Lawrence, PA",57044
25025180200,"Winthrop, MA",57044
46099010101,"Garretson, SD",57043
48201340201,"Clear Lake, Houston, TX",57043
55133203804,"Waukesha, WI",57040
48157674602,"Sugar Land, TX",57040
6085508101,"Cupertino, CA",57038
40003956000,"Helena, OK",57037
42003455000,"Oakdale, PA",57035
42017100212,"Bensalem, PA",57029
39049006220,"Dublin, OH",57028
36087013003,"Orangeburg, NY",57028
27037060201,"South Saint Paul, MN",57027
36087011902,"Suffern, NY",57026
34005704006,"Greentree, Cherry Hill, NJ",57025
26081011600,"Walker Center, Grand Rapids, MI",57025
48071710100,"Mont Belvieu, TX",57023
49049010113,"Saratoga Springs, UT",57022
6061023900,"Lincoln, CA",57021
42003526201,"Pittsburgh, PA",57018
34039032901,"Union, NJ",57017
8059012051,"Columbine Knolls, Littleton, CO",57015
25023520100,"Abington, MA",57011
17097860806,"Antioch, IL",57010
47157021613,"Collierville, TN",57008
27145010600,"Melrose, MN",57003
17031829800,"Flossmoor, IL",57001
22051022002,"Metairie, LA",57000
17111870807,"Crystal Lake, IL",56999
26099224500,"Macomb, MI",56998
8059012042,"Foothill Green, Littleton, CO",56997
34035051000,"Bridgewater, NJ",56997
41005020404,"Palisades, Lake Oswego, OR",56995
36103146402,"Islip Terrace, NY",56994
1073014406,"Birmingham, AL",56994
29183310201,"Saint Charles, MO",56993
27053024801,"Richfield, MN",56991
51153901223,"Woodbridge, VA",56991
36119010804,"Hartsdale, NY",56990
25017327101,"Pepperell, MA",56989
19163012902,"Davenport, IA",56987
26125138302,"New Hudson, Lyon Charter Township, MI",56987
36093032101,"Schenectady County, NY",56986
12086003803,"Bal Harbour, FL",56985
13135050212,"Suwanee, GA",56984
17063000200,"Morris, IL",56984
9001020900,"Springdale, Stamford, CT",56982
34009020302,"Cape May County, NJ",56981
42029300109,"Wayne, PA",56981
9009167300,"North Haven, CT",56980
42077005401,"Lehigh County, PA",56978
4013816300,"Trilogy, Gilbert, AZ",56978
36055012305,"Pittsford, NY",56978
34037371503,"Sussex County, NJ",56978
39159050700,"Plain City, OH",56973
12086008305,"Miami, FL",56972
53033006000,"North Queen Anne, Seattle, WA",56971
33011014300,"Merrimack, NH",56968
19027960100,"Carroll, IA",56966
53033001600,"North Beach/ Blue Ridge, Seattle, WA",56964
56025000501,"Casper, WY",56962
48201540502,"Bear Creek Village, Houston, TX",56961
26099240700,"Clinton Township, MI",56955
6085504421,"Milpitas, CA",56954
6037265201,"Westwood, Los Angeles, CA",56953
6037400206,"Claremont, CA",56953
17097861007,"Lindenhurst, IL",56951
6075015200,"Lower Pacific Heights, San Francisco, CA",56950
31067964700,"Beatrice, NE",56950
6059021809,"Yorba Linda, CA",56950
6013356002,"Hercules, CA",56947
48201430200,"Memorial, Houston, TX",56945
6075011100,"Nob Hill, San Francisco, CA",56944
42017101803,"Warrington, PA",56944
46045962100,"Ipswich, SD",56942
36081143500,"Queens County, NY",56942
17197880306,"Bolingbrook, IL",56940
29095014203,"Lee's Summit, MO",56939
38015011002,"Bismarck, ND",56939
27123036600,"Highland, Saint Paul, MN",56939
19169010600,"Roland, IA",56936
6037650603,"Torrance, CA",56936
9003520201,"Glastonbury, CT",56935
21117064800,"Fort Mitchell, KY",56932
38017040100,"Buffalo, ND",56931
26163557300,"Livonia, MI",56929
34003030100,"Lodi, NJ",56929
19153010702,"Mitchellville, IA",56928
19011960600,"Blairstown, IA",56927
22055001407,"Lafayette, LA",56927
48245010901,"Port Neches, TX",56924
13121010110,"Sandy Springs, GA",56922
6037137504,"Woodland Hills, Los Angeles, CA",56922
42091207600,"Pennsburg, PA",56919
19013002800,"Waterloo, IA",56919
18097390403,"Franklin Township, Indianapolis, IN",56917
42077005506,"Lehigh County, PA",56915
25009252603,"Methuen, MA",56912
9001257100,"Sherman, CT",56912
13135050428,"Lilburn, GA",56910
18097381101,"Perry Township, Indianapolis, IN",56909
36055011301,"Webster, NY",56908
29151490100,"Bonnots Mill, MO",56907
39055310800,"Chardon, OH",56907
19153010208,"Ankeny, IA",56901
42091203403,"Eagleville, PA",56900
6037920119,"Castaic, CA",56900
6001421600,"Berkeley Hills, Berkeley, CA",56899
6037920303,"Los Angeles County, CA",56897
48461950200,"McCamey, TX",56894
19125030200,"Pella, IA",56894
53021020501,"Pasco, WA",56893
36081071304,"Queens County, NY",56892
46099010200,"Colton, SD",56891
6041104200,"Novato, CA",56890
49035112613,"Sandy, UT",56889
6059063907,"South Coast Metro, Costa Mesa, CA",56886
26139021604,"Jenison, Georgetown Township, MI",56884
53061042004,"Lynnwood, WA",56882
42003451104,"Moon, PA",56879
6061021122,"Whitney Oaks, Rocklin, CA",56877
48339691800,"Oak Ridge North, TX",56876
31109003720,"Lincoln, NE",56875
42101036201,"Morrell Park, Philadelphia, PA",56874
48157675600,"Richmond, TX",56874
44007011701,"Lincoln, RI",56872
8059012030,"Hangen Ranch And M&B, Evergreen, CO",56871
27037060709,"Burnsville, MN",56871
19015020700,"Ogden, IA",56870
24017851302,"Hughesville, MD",56869
39061021303,"Cincinnati, OH",56868
48029191811,"Far North Central, San Antonio, TX",56867
42091200106,"Montgomery County, PA",56866
8005081500,"Heather Gardens, Aurora, CO",56865
36047045400,"Kings County, NY",56864
17043846314,"Woodridge, IL",56862
9003420400,"Plainville, CT",56861
42003428200,"Pittsburgh, PA",56861
17163503906,"Freeburg, IL",56860
6085503003,"South San Jose, San Jose, CA",56859
34023007910,"Matawan, NJ",56858
18127051005,"Valparaiso, IN",56858
29189221422,"Fenton, MO",56855
47037018804,"Brownstone, Brentwood, TN",56855
32031001011,"Reno, NV",56854
11001000100,"Georgetown, Washington, DC",56853
42091200200,"Huntingdon Valley, Bryn Athyn, PA",56853
6001428100,"Alameda, CA",56852
25017333600,"Woburn, MA",56852
17031823102,"Worth, IL",56852
6083002013,"Orcutt, CA",56851
39153530700,"Silver Lake, OH",56850
24013509001,"Westminster, MD",56850
29183312204,"Defiance, MO",56849
39017011125,"Butler County, OH",56848
6081601603,"Serramonte, Daly City, CA",56846
34023008208,"Monroe Township, NJ",56844
55133203404,"Sussex, WI",56842
27149480200,"Morris, MN",56842
42101036301,"Northeast Philadelphia, Philadelphia, PA",56841
25025060301,"South Boston, Boston, MA",56839
51059481102,"Oak Hill, VA",56836
39037530100,"Versailles, OH",56835
40131050603,"Claremore, OK",56835
55079187300,"Franklin, WI",56835
48157671001,"Quail Valley, Missouri City, TX",56834
42017102700,"Sellersville, PA",56834
6083002907,"Goleta, CA",56833
53033021400,"Lake Forest Park, WA",56832
17031839100,"Chicago Loop, Chicago, IL",56829
53061051926,"Bothell, WA",56829
6055200703,"Napa, CA",56829
39041012400,"Polaris, Columbus, OH",56825
27163070602,"Stillwater, MN",56823
44007012701,"Greenville, Smithfield, RI",56822
17043841801,"Wheaton, IL",56821
6085504202,"Alum Rock, San Jose, CA",56820
25027715100,"Bolton, MA",56820
8031003402,"South, Denver, CO",56818
19109950600,"Algona, IA",56818
27067781200,"Prinsburg, MN",56817
5119004215,"Pleasant Valley, Little Rock, AR",56815
31185969900,"York, NE",56815
36079010600,"Cold Spring, NY",56814
55131440103,"Hartford, WI",56813
35025000800,"Eunice, NM",56813
9003468102,"Salmon Brook, Granby, CT",56812
53067012221,"Olympia, WA",56810
6085504319,"Alum Rock, San Jose, CA",56809
34003002100,"Alpine, NJ",56807
15003003000,"Mānoa, Honolulu, HI",56807
9013533101,"Tolland, CT",56806
17043846305,"Woodridge, IL",56804
21111010315,"Louisville, KY",56802
6037481714,"Monterey Park, CA",56802
49035112816,"Draper, UT",56801
39165031903,"Mason, OH",56800
18091041100,"Michigan City, IN",56800
49049010218,"Highland, UT",56799
27123041302,"Roseville, MN",56799
53011040608,"Camas, WA",56799
4013420207,"Red Mountain Ranch, Mesa, AZ",56799
10003011201,"Wilmington, DE",56796
31055007462,"Millard, Omaha, NE",56795
39137030600,"Columbus Grove, OH",56791
34025809100,"Spring Lake, NJ",56790
27039950200,"Dodge Center, MN",56789
6081605500,"Downtown, Burlingame, CA",56789
9003494400,"Newington, CT",56787
6085512305,"Morgan Hill, CA",56786
18003011609,"Fort Wayne, IN",56784
42091200907,"Lansdale, PA",56784
49057202000,"Ogden, UT",56779
15003000600,"Waialae - Kahala, Honolulu, HI",56779
55133201102,"Kinseys Garvendale, Brookfield, WI",56775
27123041601,"Roseville, MN",56775
51153901304,"Manassas, VA",56775
6037651401,"Hillside, Torrance, CA",56775
31055007505,"Elkhorn, Omaha, NE",56773
19167070700,"Sioux Center, IA",56773
13067030327,"Marietta, GA",56768
48135002400,"Odessa, TX",56766
25017330200,"North Reading, MA",56763
42125774700,"Monongahela, PA",56762
42017105801,"Morrisville, PA",56761
55097960100,"Rosholt, WI",56761
46057955200,"Hayti, SD",56759
29189221628,"Chesterfield, MO",56759
24003731303,"Pasadena, MD",56758
17089852002,"St. Charles, IL",56758
29095014120,"Blue Springs, MO",56757
9011716102,"East Lyme, CT",56755
4013103214,"Paradise Valley Village, Scottsdale, AZ",56755
34031143400,"Hawthorne, NJ",56754
30021000200,"Glendive, MT",56754
24005404800,"Reisterstown, MD",56754
9001080700,"Stratford, CT",56753
24027606706,"Kendall Ridge, Columbia, MD",56752
48029121907,"San Antonio, TX",56752
31055007506,"Elkhorn, Omaha, NE",56747
8001009326,"North Central Westminster, Westminster, CO",56747
49057211201,"Ogden, UT",56744
42091206704,"Collegeville, PA",56742
19027960200,"Arcadia, IA",56742
26099232200,"Sterling Heights, MI",56742
6071002017,"Rancho Cucamonga, CA",56739
19155021501,"Minden, IA",56736
34023007801,"Old Bridge, Old Bridge Township, NJ",56734
49035112813,"Sandy, UT",56733
31109003707,"Lincoln, NE",56733
12057005401,"Davis Islands, Tampa, FL",56732
10003010900,"Wilmington, DE",56732
55133201403,"New Berlin, WI",56730
42069103100,"Minooka, Scranton, PA",56729
8103951200,"Rangely, CO",56728
39017011130,"Butler County, OH",56728
55133203802,"Mukwonago, WI",56727
44005041300,"Jamestown, RI",56727
21117065400,"Crestview Hills, KY",56724
48439113001,"Grand Prairie, TX",56724
25013812401,"West Springfield, MA",56724
36059416802,"Long Beach, NY",56724
51059440202,"Annandale, VA",56721
6095253201,"Vacaville, CA",56720
55079021500,"Castle Manor, Milwaukee, WI",56720
27037060817,"Rosemount, MN",56719
9001230100,"Sandy Hook, Newtown, CT",56719
34023009100,"Port Reading, Woodbridge Township, NJ",56718
37119005823,"Providence Estates East, Charlotte, NC",56718
21111010001,"Louisville, KY",56717
17031804711,"Streamwood, IL",56717
34029720001,"Manchester Township, NJ",56717
53033020200,"Hillwood, Shoreline, WA",56716
19153010212,"Ankeny, IA",56715
36085016901,"Richmond County, NY",56715
29165030306,"Parkville, MO",56713
38017010305,"Bluemont Lakes, Fargo, ND",56712
8031006812,"Southeast, Denver, CO",56711
36047026200,"Kings County, NY",56711
6037554516,"Cerritos, CA",56711
25009260302,"Haverhill, MA",56709
39017011127,"Butler County, OH",56708
36103146605,"Ronkonkoma, NY",56707
25009260401,"Haverhill, MA",56707
36103122706,"Deer Park, NY",56707
6067005803,"Sacramento, CA",56706
6029000503,"Bakersfield, CA",56705
6097150702,"Petaluma, CA",56701
36061007000,"Kips Bay, New York, NY",56701
12099007008,"Boca Raton, FL",56700
34003036100,"South Hackensack, NJ",56699
36029015001,"Marilla, NY",56698
27145011400,"Saint Augusta, MN",56696
36081083700,"Queens County, NY",56696
4013103217,"Paradise Park Vista, Scottsdale, AZ",56695
39035184108,"Solon, OH",56693
42029301000,"Phoenixville, PA",56691
19153003200,"Greenwood, Des Moines, IA",56689
9009165200,"Hamden, CT",56689
17097864206,"Wauconda, IL",56686
8037000703,"Vail, CO",56686
34009020800,"Sea Isle City, NJ",56685
6073021303,"Spring Valley, CA",56685
4013216850,"Desert Sage, Scottsdale, AZ",56684
4013216834,"South Scottsdale, Scottsdale, AZ",56684
36079011500,"Carmel Hamlet, NY",56681
6095252903,"Vacaville, CA",56681
8005085500,"Centennial, CO",56681
15003008920,"Waipahu, HI",56680
48491020510,"Austin, TX",56680
25027758101,"Sturbridge, MA",56680
48085031626,"Cloisters, Plano, TX",56677
29183311151,"O'Fallon, MO",56675
17043841109,"Bloomingdale, IL",56671
42091203304,"Norristown, PA",56671
17031822701,"Oak Lawn, IL",56671
6037403323,"Valle Lindo, Diamond Bar, CA",56671
42045403001,"Briarcliffe, Glenolden, PA",56671
36081051700,"Queens County, NY",56665
20209044804,"I-435 West KC-KS, Kansas City, KS",56664
6059032042,"Trabuco Canyon, CA",56663
32031001014,"Reno, NV",56663
55133203303,"Pewaukee, WI",56663
51153901412,"Linton Hall, Gainesville, VA",56662
6001428500,"Alameda, CA",56661
36047006700,"Kings County, NY",56660
36119010901,"White Plains, NY",56660
17031825400,"Tinley Park, IL",56660
42003526101,"New Kensington, PA",56658
51059450900,"Falls Church, VA",56657
27053026711,"Maple Grove, MN",56656
6085502902,"Doerr - Steindorf, San Jose, CA",56654
1073010703,"Homewood, AL",56653
6037480702,"South Pasadena, CA",56650
27163070205,"Scandia, MN",56649
22033002601,"Highlands/Perkins, Baton Rouge, LA",56647
13113140306,"Peachtree City, GA",56646
6067000100,"Central Sacramento, Sacramento, CA",56645
8059012036,"Littleton, CO",56645
27123040402,"White Bear Lake, MN",56642
25021413200,"Norwood, MA",56642
24005490200,"Lutherville-Timonium, MD",56641
48491020115,"Georgetown, TX",56639
51810044600,"Northeast Virginia Beach, Virginia Beach, VA",56639
42077006402,"Zionsville, PA",56636
48201421900,"Southwest Houston, Houston, TX",56636
6085504317,"North San Jose, San Jose, CA",56635
39085205001,"Creekview Park, Mentor, OH",56635
46125965100,"Parker, SD",56633
6085508004,"Rancho Rinconada, Cupertino, CA",56633
25021419800,"Braintree, MA",56633
29183311152,"O'Fallon, MO",56631
31055007434,"North Central Omaha, Omaha, NE",56628
21111009600,"Hayfield Dundee, Louisville, KY",56625
25001013300,"Sandwich, Sandwich, MA",56624
53033032500,"Carnation, WA",56624
12099000211,"The Shores, Jupiter, FL",56623
19017004400,"Tripoli, IA",56623
22057021602,"Lockport, LA",56622
36047058400,"Kings County, NY",56621
40139951000,"Texhoma, OK",56620
36061014900,"Lincoln Square, New York, NY",56617
17197883904,"Peotone, IL",56617
48367140703,"Aledo, TX",56617
25009252202,"Methuen, MA",56616
53033022603,"North Rose Hill, Kirkland, WA",56615
26005030200,"Holland, MI",56615
48491020112,"Georgetown, TX",56615
34029730000,"Pine Beach, NJ",56614
55079120101,"Greenfield, WI",56613
55025013302,"DeForest, DeForest, WI",56612
51059471100,"Falls Church, VA",56611
24027604001,"Woodbine, MD",56609
29047021206,"Ridgefield, Kansas City, MO",56608
40109108511,"Northwest Oklahoma City, Edmond, OK",56606
55059002700,"Bristol, WI",56606
51760050200,"Near West End, Richmond, VA",56604
56011950300,"Sundance, WY",56602
36103190601,"East Quogue, NY",56602
53033022101,"Kenmore, WA",56601
48303001904,"Lubbock, TX",56599
34005700306,"Cinnaminson, NJ",56597
25017354500,"Neighborhood Nine, Cambridge, MA",56596
39165032004,"Mason, OH",56595
26163557400,"Livonia, MI",56594
6037111302,"Northridge, Los Angeles, CA",56594
9009190302,"Guilford, CT",56594
12021010215,"Pelican Bay, Naples, FL",56589
34007602901,"Pennsauken Township, NJ",56589
9001090500,"Trumbull, CT",56587
26099242500,"Clinton Township, MI",56586
36093032404,"Schenectady, NY",56586
20173010106,"Wichita, KS",56586
48201551702,"Willowbridge, Houston, TX",56585
26099230400,"Sterling Heights, MI",56585
34013007200,"Ironbound District, Newark, NJ",56585
6001421200,"Berkeley Hills, Berkeley, CA",56584
27145010401,"Avon, MN",56584
6037401201,"Glendora, CA",56584
6041128200,"Mill Valley, CA",56583
47157021612,"Collierville, TN",56583
19153010804,"Pleasant Hill, IA",56581
20121100300,"Louisburg, KS",56580
51059422201,"Lorton, VA",56580
48201342700,"Deer Park, TX",56578
24003731201,"Severna Park, MD",56575
51059471202,"McLean, VA",56575
17111871500,"Union, IL",56575
48439113910,"Keller, TX",56574
48121021746,"Double Oak, TX",56574
56039967600,"Jackson, WY",56573
24031703100,"Silver Spring, MD",56573
6013304004,"Discovery Bay, CA",56571
9003511400,"East Hartford, CT",56571
8059010000,"Kinney Runn, Golden, CO",56570
25021419300,"Braintree, MA",56570
19153010703,"Altoona, IA",56570
19113000205,"Cedar Rapids, IA",56565
22051020517,"Kenner, LA",56564
42045407903,"Media, PA",56564
27053021900,"Golden Valley, MN",56563
36001013706,"Loudonville, NY",56563
34031133702,"Haledon, NJ",56561
34023008207,"Whittingham, Monroe Township, NJ",56561
24013513001,"Summit Ridge, Mount Airy, MD",56561
36119002104,"Colonial Heights, Yonkers, NY",56560
9001043500,"Norwalk, CT",56559
55079070200,"Whitefish Bay, WI",56559
6059052525,"Lower Peters Canyon, Irvine, CA",56558
49049000505,"Pleasant Grove, UT",56556
25027736300,"Auburn, MA",56555
49035112616,"Sandy, UT",56554
48201251100,"Kingwood, Humble, TX",56554
20173010002,"Wichita, KS",56553
36005031600,"Bronx County, NY",56553
13135050713,"Lawrenceville, GA",56553
26139021801,"Hudsonville, MI",56552
24027605502,"Harper's Choice, Columbia, MD",56550
17197883511,"Frankfort, IL",56549
49035111002,"Cottonwood Heights, UT",56549
9013533102,"Tolland, CT",56549
4013105003,"Paradise Valley Village, Paradise Valley, AZ",56548
18163010404,"Westside, Evansville, IN",56546
39035184105,"Solon, OH",56545
27141030300,"St. Cloud, MN",56545
51107611205,"Sterling, VA",56544
6059099238,"Huntington Beach, CA",56544
32031001013,"Reno, NV",56543
36091062506,"Saratoga County, NY",56542
9009171200,"Meriden, CT",56542
53035091000,"Bainbridge Island, WA",56540
34039038000,"Summit, NJ",56539
9013530302,"Vernon, CT",56538
6037408628,"Hacienda Heights, CA",56538
29189217802,"Ballwin, MO",56536
32007950800,"Elko, NV",56536
56025000901,"Casper, WY",56535
34039037800,"Summit, NJ",56535
6075011700,"San Francisco, CA",56534
27079950100,"New Prague, MN",56533
6095252912,"Vacaville, CA",56533
6037403403,"Valle Lindo, Walnut, CA",56533
25009254200,"Andover, Andover, MA",56531
36103159108,"Medford, NY",56531
6059052523,"Westpark, Irvine, CA",56530
9009171700,"Meriden, CT",56530
48121021747,"Flower Mound, TX",56530
36081145101,"Queens County, NY",56528
24031700613,"Germantown, MD",56526
34023000802,"South Plainfield, NJ",56526
55079030100,"Bayside, WI",56524
24031703201,"Rockville, MD",56524
36081124100,"Queens County, NY",56524
53011040408,"Battle Ground, WA",56524
13121011423,"Roswell, GA",56523
19103001200,"Longfellow, Iowa City, IA",56521
6001443104,"Mission San Jose, Fremont, CA",56521
37183053803,"Roseington, Raleigh, NC",56520
38019951100,"Langdon, ND",56520
8001008540,"Thornton, CO",56517
6037650702,"Southwood, Torrance, CA",56517
27003050218,"Andover, MN",56516
6037554517,"Cerritos, CA",56515
24025303204,"Forest Hill, MD",56511
36071013900,"Highland Mills, Woodbury, NY",56509
42003496101,"Elizabeth, PA",56509
49035113019,"Ivory Crossing, South Jordan, UT",56508
30021000300,"Glendive, MT",56508
25017300100,"Ashby, MA",56508
17043845508,"Darien, IL",56504
53061040900,"View Ridge Madison, Everett, WA",56503
17031150401,"Portage Park, Chicago, IL",56502
12099007723,"Wellington, FL",56502
46099010502,"Brandon, SD",56497
9001050200,"Westport, CT",56495
26099243500,"Clinton Township, MI",56495
48439111406,"Mansfield, TX",56493
36047027400,"Kings County, NY",56493
42045403901,"Ridley Park, PA",56491
36093032504,"Schenectady, NY",56490
36061005200,"Midtown, New York, NY",56489
6037267100,"West Los Angeles, Los Angeles, CA",56488
36063022803,"North Tonawanda, NY",56488
17089850105,"Algonquin, IL",56487
42091208301,"Perkiomenville, PA",56486
6059075813,"Orange, CA",56486
6071000104,"Chino Hills, CA",56485
36103158111,"Selden, NY",56482
17111870605,"McHenry, IL",56482
6037700902,"Beverly Hills, CA",56481
24510271400,"Evergreen, Baltimore, MD",56479
17031828202,"Lansing, IL",56478
36047074600,"Kings County, NY",56477
22009030800,"Plaucheville, LA",56474
48453001918,"Stonehedge Estates, West Lake Hills, TX",56474
9003430400,"Milldale, Southington, CT",56471
4013615900,"Arrowhead Phase III, Glendale, AZ",56469
55131400104,"West Bend, WI",56469
27027030104,"Moorhead, MN",56468
6037124000,"Valley Village, Los Angeles, CA",56467
36119001403,"Lincoln Park, Yonkers, NY",56464
8059012055,"Columbine Knolls, Littleton, CO",56464
53033032324,"Education Hill, Redmond, WA",56464
24025303700,"Bel Air, MD",56464
19113010200,"Center Point, IA",56463
47037018405,"Bellevue, Nashville, TN",56462
53061051602,"Lynnwood, WA",56462
8005085100,"The Farm at Arapahoe County, Aurora, CO",56461
38077970700,"Walcott, ND",56459
6111007510,"Thousand Oaks, CA",56459
17031020301,"West Ridge, Chicago, IL",56459
4013116725,"Ahwatukee Foothills Village, Phoenix, AZ",56459
17063000400,"Morris, IL",56457
56025000502,"Casper, WY",56455
34031124200,"Clifton, NJ",56454
34003046300,"Ridgefield Park, NJ",56452
36103146607,"Bohemia, NY",56452
6041104300,"Novato, CA",56452
4013422638,"Stonegate Estates, Mesa, AZ",56451
29151490300,"Freeburg, MO",56451
18089043405,"Lowell, IN",56448
13121011620,"Alpharetta, GA",56447
34015501206,"Blackwood, Washington Township, NJ",56447
48201540902,"Easton Commons, Houston, TX",56445
27123042001,"Falcon Heights, MN",56445
17197880418,"Plainfield, IL",56444
36059300700,"Great Neck Plaza, NY",56443
34005703802,"Medford, NJ",56443
26163562300,"Plymouth, MI",56440
42091206104,"Collegeville, PA",56438
27123040200,"White Bear Lake, MN",56437
42107001800,"Yorkville, Pottsville, PA",56437
17031740100,"South Side, Chicago, IL",56435
19113000203,"Marion, IA",56433
42003480300,"Pittsburgh, PA",56433
27145010101,"Sartell, MN",56433
36119013500,"Ossining, NY",56432
38019950900,"Langdon, ND",56432
13117130604,"Alpharetta, GA",56431
55089630201,"Port Washington, WI",56431
29165030401,"Platte City, MO",56431
42003473100,"Pittsburgh, PA",56431
22017022600,"Caddo Heights, South Highlands, Shreveport, LA",56430
53033000900,"Lake City, Seattle, WA",56429
25017333400,"Woburn, MA",56429
27123041001,"Mounds View, MN",56429
44007011302,"Valley Falls, Cumberland, RI",56428
26125135100,"Commerce Charter Township, MI",56426
36081071100,"Queens County, NY",56426
17089852803,"Batavia, IL",56425
42019912301,"Cranberry Township, PA",56425
6001441302,"Centerville, Fremont, CA",56424
25027736200,"Auburn, MA",56422
17031770700,"Rosemont, IL",56422
10003013612,"Hockessin, DE",56421
42003414102,"Allison Park, Hampton Township, PA",56421
6071008500,"South Redlands, Redlands, CA",56414
36005013000,"Bronx County, NY",56414
25021410300,"Foxborough, MA",56413
21111010007,"Louisville, KY",56412
13135050718,"Snellville, GA",56411
24021752102,"Ijamsville, MD",56410
36001014501,"Voorheesville, NY",56410
36005026400,"Bronx County, NY",56408
40143004500,"Maple Ridge, Tulsa, OK",56407
42017102002,"Doylestown, PA",56406
6073008303,"La Jolla, San Diego, CA",56405
24013514100,"Eldersburg, MD",56404
36047042600,"Kings County, NY",56402
34005701303,"Bordentown, NJ",56400
25017341101,"Malden, MA",56400
12086007300,"Coconut Grove, Miami, FL",56399
40109108520,"Northwest Oklahoma City, Oklahoma City, OK",56399
48201554802,"Gleannloch Farms, Spring, TX",56399
36103146206,"Islip, NY",56398
26125133002,"Wixom, MI",56398
42071013800,"Washington Boro, PA",56398
42017101611,"Warminster, PA",56397
10003013610,"Newark, DE",56397
25027737100,"Millbury, MA",56396
6037296401,"San Pedro, Los Angeles, CA",56395
9009175500,"Wallingford, CT",56392
48167723400,"Santa Fe, TX",56391
53033023700,"Bridle Trails, Bellevue, WA",56391
17157950800,"Red Bud, IL",56390
6085508202,"Birdland Neighbors, Sunnyvale, CA",56389
48201551200,"Greenwood Forest, Houston, TX",56388
19153000802,"Beaverdale, Des Moines, IA",56388
26125156100,"West Bloomfield Township, MI",56386
55087012000,"Appleton, WI",56386
49011126500,"Bountiful, UT",56385
17031809400,"Evanston, IL",56385
48085031622,"Briarmeade, Plano, TX",56383
34025805100,"Eatontown, NJ",56383
36081113900,"Queens County, NY",56382
36119012802,"Bedford Hills, NY",56376
51059480505,"Reston, VA",56374
4013103220,"Paradise Valley Village, Scottsdale, AZ",56372
17031828401,"Homewood, IL",56371
36103158512,"Lake Ronkonkoma, NY",56368
13117130610,"Suwanee, GA",56367
26093740600,"Brighton, MI",56367
6085506603,"San Tomas Aquinos, Campbell, CA",56365
36081088901,"Queens County, NY",56362
6037651221,"Southwood Riviera, Torrance, CA",56360
13121011414,"Alpharetta, GA",56358
17197880310,"Plainfield, IL",56357
12095014808,"Windermere, FL",56352
26163563600,"Canton, MI",56351
18003010201,"Fort Wayne, IN",56345
48029182103,"San Antonio, TX",56345
55015020200,"Hilbert, WI",56345
48491020603,"Behrens Ranch, Round Rock, TX",56345
6111005306,"Camarillo, CA",56344
20091053508,"Stagecoach Meadows, Olathe, KS",56343
17031818401,"Hillside, IL",56341
25027738202,"Grafton, MA",56341
55039042000,"Fond du Lac, WI",56341
6085506803,"Cambrian, San Jose, CA",56340
21037053302,"Wilder, KY",56340
34023001411,"Edison, NJ",56337
36047059600,"Kings County, NY",56337
6037300200,"La Crescenta, La Crescenta-Montrose, CA",56337
25027738201,"Grafton, MA",56335
6001444100,"Newark, CA",56335
6013302008,"Oakley, CA",56333
6059001708,"La Habra, CA",56331
6037464000,"Pasadena, CA",56330
26139023002,"Zeeland, MI",56329
53033004000,"Northeast Seattle, Seattle, WA",56329
12057013208,"River Hills Masters, Valrico, FL",56328
6085511200,"Crescent Park, Palo Alto, CA",56327
31055007303,"Omaha, NE",56327
26125190200,"Rochester, MI",56326
6085504316,"Berryessa, San Jose, CA",56326
8035014128,"Westridge, Littleton, CO",56326
48121021731,"Lewisville, TX",56322
34027045603,"Randolph, NJ",56321
9001050400,"Westport, CT",56321
1089001901,"Huntsville, AL",56320
17031807300,"Skokie, IL",56316
51041100932,"Midlothian, VA",56313
24005490601,"Baltimore, MD",56311
6111005907,"Westlake Village, CA",56311
27123040604,"Vadnais Heights, MN",56310
49035104000,"Bonneville Hills, Salt Lake City, UT",56310
51179010103,"Stafford, VA",56309
39061026001,"Harrison, OH",56309
18011810605,"Zionsville, IN",56309
35001003726,"Tanoan East, Albuquerque, NM",56309
36103124500,"Babylon, NY",56307
53035080101,"Bremerton, WA",56307
55015020306,"Menasha, WI",56304
29183311294,"St. Peters, MO",56300
27123041400,"Roseville, MN",56298
53011040609,"Camas, WA",56297
36103123102,"North Babylon, NY",56296
27053025603,"West Bloomington, Minneapolis, MN",56296
27163070203,"Hugo, MN",56294
53005010100,"Richland, WA",56294
27053020902,"Brownwood, Minneapolis, MN",56293
26139024600,"Hudsonville, MI",56293
36085004700,"Richmond County, NY",56287
48201552102,"Tower Oaks Meadows, Houston, TX",56285
6001440336,"Union City, CA",56283
17203030300,"Roanoke, IL",56283
55131450104,"Jackson, WI",56281
25021422200,"Weymouth, MA",56281
49035112301,"Murray, UT",56281
20091051400,"Prairie Ridge, Prairie Village, KS",56281
36103158710,"Ridge, NY",56280
6037701302,"Wilshire Montana, Santa Monica, CA",56279
12031002400,"Ortega, Jacksonville, FL",56278
53061051913,"Brier, WA",56277
11001000502,"Northwest Washington, Washington, DC",56277
37183053521,"Medfield Estates, Raleigh, NC",56276
41051006801,"Southwest Portland, Portland, OR",56276
8005015100,"Southeast, Denver, CO",56275
34041031900,"Washington, NJ",56274
41051009903,"Southwest, Gresham, OR",56274
39049009100,"Ardmore, Columbus, OH",56271
33011017100,"Hollis, NH",56270
17043841605,"Warrenville, IL",56267
42101021200,"Northwest Philadelphia, Philadelphia, PA",56264
27145011304,"Saint Joseph, MN",56259
38017010108,"West Fargo, ND",56259
37179021010,"Weddington, NC",56259
6085511916,"Almaden Winery, San Jose, CA",56256
26081012500,"Breton Center, Grand Rapids, MI",56254
49035112619,"Sandy, UT",56253
26125153100,"Birmingham, MI",56252
17031071000,"Lincoln Park, Chicago, IL",56252
42003480400,"Pittsburgh, PA",56250
31011960200,"Albion, NE",56249
26125136600,"Novi, MI",56249
26099222102,"New Baltimore, MI",56248
36047000700,"Kings County, NY",56246
34023002000,"Metuchen, NJ",56244
6029003803,"Rosedale, Bakersfield, CA",56242
36103159601,"Center Moriches, NY",56241
17043845000,"Westmont, IL",56240
42071014101,"Intercourse, PA",56239
31159960100,"Seward, NE",56239
29189220701,"St. Louis, MO",56239
25009202101,"Swampscott, MA",56238
36083052501,"Castleton-on-Hudson, NY",56237
6067009326,"Sacramento, CA",56236
17197883806,"Crete, IL",56234
9001050600,"Westport, CT",56232
39061024321,"Commerce Park, Loveland, OH",56231
6085508404,"Sunnyvale West, Sunnyvale, CA",56229
11001000802,"Northwest Washington, Washington, DC",56228
36103159105,"East Patchogue, NY",56227
9009154800,"West Haven, CT",56227
34013013600,"Nutley, NJ",56226
6001441800,"Centerville, Fremont, CA",56224
34005701401,"Columbus, Mansfield, NJ",56224
38017010204,"West Fargo, ND",56221
34029711200,"Point Pleasant, NJ",56220
27121970300,"Starbuck, MN",56219
55133202101,"Overlook Farms, Waukesha, WI",56219
48453001756,"Oak Forest, Austin, TX",56219
8059011720,"Lakewood, CO",56217
36081024500,"Queens County, NY",56217
8035014139,"Littleton, CO",56216
26099225100,"Shelby charter Township, MI",56214
51059440600,"Fairfax, VA",56213
25017373300,"Nonantum, Newton, MA",56212
27053021700,"Golden Valley, MN",56211
9003480400,"Sherwood Manor, Enfield, CT",56211
6059099229,"Fountain Valley, CA",56209
36059408700,"Levittown, NY",56208
9003417400,"New Britain, CT",56208
6085506101,"Santa Clara, CA",56206
6059099243,"Huntington Beach, CA",56205
48121020111,"Country Club Ridge At The Trails, Frisco, TX",56205
6073002001,"Mid-City, San Diego, CA",56201
17043841323,"Bartlett, IL",56200
13067030230,"Kennesaw, GA",56200
6037143400,"Studio City, Los Angeles, CA",56199
42129802303,"Harrison City, PA",56199
48113014205,"Las Colinas, Irving, TX",56198
42003474101,"Upper Saint Clair, PA",56196
24031702800,"Silver Spring, MD",56196
6037480012,"San Gabriel, CA",56195
26081014806,"Alto, MI",56194
39041011413,"Powell, OH",56192
26125132600,"Milford, Milford Charter Township, MI",56192
24021750802,"Wormans Mill, Frederick, MD",56191
6055200803,"Napa, CA",56191
6075021400,"Noe Valley, San Francisco, CA",56191
42101035701,"Bustleton, Philadelphia, PA",56189
42077006304,"Allentown, PA",56187
6085506204,"Strawberry Park, San Jose, CA",56187
31153010103,"Bellevue, NE",56186
36085024800,"Richmond County, NY",56186
6059052522,"Westpark, Irvine, CA",56182
34027041000,"Boonton, NJ",56181
25005600204,"South Easton, Easton, MA",56181
8059010303,"Northwest Arvada, Arvada, CO",56180
48361021000,"Orange, TX",56178
22051023002,"Metairie, LA",56175
6075010300,"Russian Hill, San Francisco, CA",56174
6085502702,"Cambrian, San Jose, CA",56173
47187050909,"Franklin, TN",56173
1101005607,"Montgomery, AL",56172
34027046103,"Flanders, Mount Olive Township, NJ",56170
55131400102,"West Bend, WI",56169
27003051203,"Fridley, MN",56168
34013007600,"North Ironbound, Newark, NJ",56167
53033030100,"Federal Way, WA",56165
31053963700,"North Bend, NE",56165
26125153200,"Birmingham, MI",56164
22039950200,"Ville Platte, LA",56164
24005411410,"Parkville, MD",56163
29189221301,"Concord, St. Louis, MO",56156
6073017107,"Encinitas, CA",56156
39165032003,"Maineville, OH",56155
12086007901,"Riviera, Coral Gables, FL",56152
31129960000,"Nelson, NE",56152
51061930204,"Marshall, VA",56151
29183311331,"St. Peters, MO",56151
40109108506,"Northwest Oklahoma City, Oklahoma City, OK",56151
6037137402,"Woodland Hills, Los Angeles, CA",56150
48113008000,"Lakewood, Dallas, TX",56150
6037265202,"Westwood, Los Angeles, CA",56150
36027050104,"Hopewell Junction, NY",56149
25017301102,"Townsend, MA",56149
24005490602,"Baltimore, MD",56144
6001442301,"Irvington, Fremont, CA",56144
42017101403,"Feasterville-Trevose, PA",56142
53061050500,"The Bowl of Edmonds, Edmonds, WA",56141
8031006809,"Southeast, Denver, CO",56139
39061021101,"Mack North, Cincinnati, OH",56138
27123040302,"White Bear Lake, MN",56138
18087970401,"Topeka, IN",56134
6037554511,"Cerritos, CA",56132
26125183700,"Royal Oak, MI",56129
51107611801,"Stone Ridge, VA",56129
46099010404,"Renner, SD",56128
56009956500,"Douglas, WY",56127
17167003201,"Chatham, IL",56126
25027730200,"Burncoat, Worcester, MA",56125
27051070200,"Barrett, MN",56124
42007602602,"Beaver, PA",56119
39149971500,"Anna, OH",56118
6059099232,"Fountain Valley, CA",56118
37183051502,"North Hills, Raleigh, NC",56117
9009150500,"Milford, CT",56117
9011703000,"West Mystic, Groton, CT",56116
19153010207,"Ankeny, IA",56116
36081052100,"Queens County, NY",56115
51107611502,"Sterling, VA",56113
41067031813,"Neighbors Southwest, Beaverton, OR",56112
18089040502,"Highland, IN",56112
37183052601,"North Hills, Raleigh, NC",56110
9003460301,"Unionville, Farmington, CT",56107
34037372200,"Branchville, NJ",56105
25017339801,"Medford, MA",56105
25027718100,"Boylston, MA",56104
6001400200,"Rockridge, Oakland, CA",56103
36103158310,"Middle Island, NY",56102
17133600401,"Waterloo, IL",56100
31055006701,"Central Omaha, Omaha, NE",56099
13121011419,"Roswell, GA",56098
48085031408,"Lucas, TX",56097
26099230200,"Sterling Heights, MI",56097
29095007400,"Plaza Area, Kansas City, MO",56095
48201431202,"Westside, Houston, TX",56094
27053026507,"Plymouth, MN",56094
25027749100,"Uxbridge, MA",56092
48381021602,"Puckett, Amarillo, TX",56089
36027050205,"Stormville, NY",56088
18089043300,"Crown Point, IN",56087
18003011802,"Monroeville, IN",56087
26161453000,"Ann Arbor, MI",56087
8123001410,"Greeley, CO",56086
27053111300,"Fulton, Minneapolis, MN",56086
9001021900,"Cove - East Side - Shippan, Stamford, CT",56083
12095017109,"Orlando, FL",56083
53053071209,"Puyallup, WA",56082
42077006101,"Allentown, PA",56080
21185030802,"Goshen, KY",56079
12086004106,"Bayshore, Miami Beach, FL",56078
36069050101,"Victor, NY",56075
27015960700,"Sleepy Eye, MN",56074
42129804501,"Greensburg, PA",56074
9009120100,"Derby, CT",56073
4019004640,"Oro Valley, AZ",56073
53061051914,"Brier, WA",56073
37183053416,"Haddon Hall, Apex, NC",56073
25025110607,"Roslindale, Boston, MA",56072
36103158401,"Miller Place, NY",56070
21067004207,"Keene/Military Road, Lexington, KY",56068
24005411404,"Parkville, MD",56068
36103158510,"Farmingville, NY",56068
17031700302,"Ashburn, Chicago, IL",56066
24037875000,"Mechanicsville, MD",56065
4013010102,"Scottsdale, AZ",56065
49035113011,"South Jordan, UT",56065
34021004407,"East Windsor, NJ",56062
25027709501,"Leominster, MA",56061
55079090300,"Wauwatosa, WI",56061
9003464101,"Canton Center, Canton, CT",56060
18063210608,"Plainfield, IN",56060
6019005517,"Fresno, CA",56059
36081093800,"Queens County, NY",56059
25017370400,"Watertown, MA",56057
39035175105,"North Royalton, OH",56055
24013508101,"Hampstead, MD",56055
42003490003,"Pittsburgh, PA",56055
47165021201,"Hendersonville, TN",56055
36027050102,"Hopewell Junction, NY",56052
6037620001,"El Segundo, CA",56052
6085503002,"Willow Glen South - Lincoln Glen, San Jose, CA",56048
53033031301,"Enumclaw, WA",56048
42091201411,"Fort Washington, PA",56045
55131400103,"Kewaskum, WI",56044
34017013400,"East Newark, NJ",56043
36001001801,"Buckingham Lake - Crestwood, Albany, NY",56042
48029191815,"Far North Central, San Antonio, TX",56039
6065041804,"Corona, CA",56039
25021400300,"North Brookline, Brookline, MA",56038
34007603303,"Erlton-Ellisburg, Cherry Hill, NJ",56037
6085512036,"South San Jose, San Jose, CA",56037
38015010300,"Bismarck, ND",56035
6037430502,"Sierra Madre, CA",56033
39035177609,"Parma, OH",56032
42029307100,"Cochranville, PA",56032
38045972200,"Edgeley, ND",56031
34023002605,"Colonia, Woodbridge Township, NJ",56031
36055014001,"Rochester, NY",56031
6059110007,"Rossmoor, CA",56029
36059416202,"Island Park, NY",56028
6111007610,"Moorpark, CA",56028
24013502000,"Westminster, MD",56028
42045403200,"Aldan, PA",56027
24031703208,"Silver Spring, MD",56026
19017004500,"Tripoli, IA",56024
34013016900,"Montclair, NJ",56024
36081120500,"Queens County, NY",56023
48029190800,"Uptown, San Antonio, TX",56022
48339693200,"Conroe, TX",56021
6019005520,"Clovis, CA",56020
48201324000,"Pasadena, TX",56019
42045410800,"Wallingford, Nether Providence Township, PA",56019
36119003900,"North Side, Mount Vernon, NY",56019
6013304003,"Discovery Bay, CA",56016
31155968100,"Fremont, NE",56015
29189216300,"Clayton, MO",56013
53033029405,"Kent, WA",56013
8013013006,"Louisville, CO",56013
36087011404,"Nanuet, NY",56013
48085031641,"Estates At Wooded Cove, Plano, TX",56012
6001442200,"Mission Valley, Fremont, CA",56010
36047053800,"Kings County, NY",56008
19049050805,"Urbandale, IA",56005
51059450400,"Falls Church, VA",56004
6087100100,"Santa Cruz, CA",56004
51059481104,"Herndon, VA",56004
8035014202,"Sedalia, CO",56003
24031700400,"Dickerson, MD",56002
18043071003,"Floyds Knobs, IN",55999
17031810502,"Norridge, IL",55997
48135002501,"Odessa, TX",55996
27003050806,"Blaine, MN",55996
24031704200,"Kensington, MD",55996
34035050500,"Raritan, NJ",55995
34005703600,"Tabernacle, NJ",55995
30043962202,"Boulder, MT",55995
34033020900,"Salem County, NJ",55995
48339691302,"Panther Creek, Spring, TX",55993
48113013200,"North Dallas, Dallas, TX",55992
36081071701,"Queens County, NY",55991
47157021312,"Memphis, TN",55991
30095966400,"Columbus, MT",55989
48439113626,"Bedford, TX",55988
36103158607,"Holtsville, NY",55988
48157672302,"Ragus Lake Estates, Sugar Land, TX",55988
36027140400,"Poughkeepsie, NY",55987
17097861108,"Grayslake, IL",55986
39049007194,"Elmbrook Village, Westerville, OH",55985
34013014300,"Belleville, NJ",55985
6037577603,"Marina, Long Beach, CA",55985
21111010314,"Louisville, KY",55984
6037271600,"Mar Vista, Los Angeles, CA",55982
38017001001,"Brunsdale, Fargo, ND",55981
21015070307,"Florence, KY",55980
17097861604,"Gurnee, IL",55980
27145011302,"Cold Spring, MN",55980
27053024700,"Minneapolis, MN",55980
8031012010,"Grant Ranch, Denver, CO",55979
24005491100,"Baltimore, MD",55977
6037670405,"Rancho Palos Verdes, CA",55976
6029000507,"South San Lauren, Bakersfield, CA",55976
26163593200,"Trenton, MI",55976
45019000200,"Charleston, SC",55975
17163503905,"Freeburg, IL",55975
12011070312,"Weston, FL",55975
22005030102,"Gonzales, LA",55973
27123042700,"North Saint Paul, MN",55973
53053071902,"Tacoma, WA",55970
20091053510,"Brougham Village, Olathe, KS",55969
8013012603,"East Boulder, Boulder, CO",55968
9003494300,"Newington, CT",55967
33011002701,"Goffstown, NH",55966
51085321402,"Mechanicsville, VA",55965
51059452102,"Annandale, VA",55964
24003701400,"Harwood, MD",55964
53061050101,"Edmonds, WA",55964
17043840102,"Wood Dale, IL",55963
36083052602,"Nassau, NY",55963
9003466400,"Simsbury, CT",55960
48491020809,"Hutto, TX",55960
34015500900,"Woodbury Heights, NJ",55958
29183311150,"Saint Charles, MO",55958
37183053506,"Cary, NC",55958
38035011800,"Northwood, ND",55958
36061005000,"Gramercy Park, New York, NY",55958
18089042607,"Crown Point, IN",55957
6041104101,"Novato, CA",55956
46099010300,"Hartford, SD",55956
48201552700,"Houston, TX",55955
17043840103,"Wood Dale, IL",55954
6037920116,"Castaic, CA",55952
4013216846,"North Scottsdale, Scottsdale, AZ",55951
6111007511,"Bell Canyon, CA",55950
17113005202,"Danvers, IL",55950
34007608202,"Clementon, NJ",55949
42007603801,"Freedom, PA",55948
55027961400,"Iron Ridge, WI",55947
42019912800,"Valencia, PA",55946
6085502400,"Central San Jose, San Jose, CA",55946
55039041700,"Brandon, WI",55945
42077006204,"Allentown, PA",55941
42101030800,"Oxford Circle/ Castor, Philadelphia, PA",55938
39049006351,"Sycamore Hills, Columbus, OH",55935
34025800400,"Leonardo, Middletown, NJ",55934
19193003300,"Sioux City, IA",55933
6029003813,"Villages of Brimhall/Brimhall Classics, Bakersfield, CA",55930
4013420108,"Thunder Mountain, Mesa, AZ",55930
34017012900,"Kearny, NJ",55929
36061006400,"Gramercy Park, New York, NY",55928
39085203500,"Mentor, OH",55925
33015003602,"Derry, NH",55924
24021752502,"Jefferson, MD",55922
37119005840,"Ballantyne East, Charlotte, NC",55922
33011011300,"Nashua, NH",55921
36029014701,"Clarence Center, NY",55921
42029302102,"Malvern, PA",55919
36005025200,"Bronx County, NY",55916
36029000700,"South Abbott, Buffalo, NY",55916
22089062301,"Destrehan, LA",55915
27137012700,"Mountain Iron, MN",55914
6037574400,"Plaza, Long Beach, CA",55913
19103010200,"Swisher, IA",55912
42101036202,"Millbrook, Philadelphia, PA",55912
27013171300,"Mankato, MN",55912
49043964307,"Park City, UT",55912
31055007465,"Brookhaven, Omaha, NE",55909
6081601604,"Serramonte, Daly City, CA",55908
17043846702,"Addison, IL",55905
17031815400,"Berwyn, IL",55904
51059452101,"Annandale, VA",55903
6059032011,"Silverado, CA",55903
36081003000,"Queens County, NY",55903
29047022302,"Liberty, MO",55900
24009860701,"Prince Frederick, MD",55900
48201451100,"Briarforest, Houston, TX",55899
55039042200,"Kewaskum, WI",55899
25021417200,"Quincy, MA",55898
46115000100,"Ashton, SD",55895
9003477102,"Suffield, CT",55894
6061021043,"Pleasant Grove, Roseville, CA",55892
9003406002,"Bristol, CT",55890
42017100406,"Fairless Hills, PA",55890
36081071305,"Queens County, NY",55889
20091052802,"Cedar Brooke, Olathe, KS",55889
6059032039,"Mission Viejo, CA",55888
6085504307,"Alum Rock, San Jose, CA",55888
38049955900,"Voltaire, ND",55887
48397040506,"Rockwall, TX",55887
39035175106,"North Royalton, OH",55885
51153901208,"Lake Ridge, VA",55885
13117130510,"Cumming, GA",55884
37183053604,"Preston, Cary, NC",55882
31153010702,"Springfield, NE",55882
1073012802,"Vestavia Hills, AL",55881
9001043000,"Norwalk, CT",55880
6037920108,"Santa Clarita, CA",55880
8035014130,"Westridge, Littleton, CO",55879
25005644101,"Somerset, MA",55877
22103040602,"Covington, LA",55877
36091062501,"Ballston Lake, NY",55877
27079950300,"Montgomery, MN",55877
36119014607,"Cortlandt, NY",55876
17027900602,"New Baden, IL",55873
6113011203,"Woodland, CA",55873
51059432702,"Springfield, VA",55872
36029013202,"Hamburg, NY",55871
6001432700,"Estudillo Estates - Glen, San Leandro, CA",55871
19061010201,"Peosta, IA",55871
27037060302,"South Saint Paul, MN",55870
13089021912,"Stone Mountain, GA",55869
42011010303,"Leesport, PA",55869
21111007502,"Prospect, KY",55868
36055011503,"Rochester, NY",55867
8059060500,"West Westminster, Westminster, CO",55865
55133204100,"Oconomowoc, WI",55865
42129802001,"Export, PA",55864
27003050116,"Anoka, MN",55864
34007605400,"Mount Ephraim, NJ",55864
37119006304,"Huntersville, NC",55863
48029191411,"North Central, San Antonio, TX",55863
4013816900,"Langley Gateway Estates, Queen Creek, AZ",55862
32003005314,"Green Valley North, Henderson, NV",55862
17031825000,"Oak Forest, IL",55862
34007608904,"Waterford Works, Waterford, NJ",55861
34003011200,"Elmwood Park, NJ",55861
26163596300,"Grosse Ile Township, MI",55860
34023000702,"Piscataway Township, NJ",55858
48085031804,"Richardson, TX",55857
17031802300,"Glenview, IL",55857
53033021904,"Kingsgate, Kirkland, WA",55856
36081090700,"Queens County, NY",55856
53033029306,"Kent, WA",55855
26099262000,"Warren, MI",55854
17097861107,"Grayslake, IL",55852
6013359202,"Pinole, CA",55851
55109120700,"Glenwood City, WI",55848
49027974100,"Delta, UT",55846
27003051103,"Fridley, MN",55846
24025301105,"Abingdon, MD",55845
48339694202,"Willis, TX",55843
6071008403,"South Redlands, Redlands, CA",55843
6037670701,"Rancho Palos Verdes, CA",55841
13245001100,"Summerville, Augusta, GA",55838
26161461000,"Dexter, MI",55838
49049000206,"American Fork, UT",55836
31153010634,"Omaha, NE",55836
31109010201,"Lincoln, NE",55831
8001008526,"Thornton, CO",55830
55079120501,"Greenfield, WI",55830
12073002416,"Tallahassee, FL",55828
6037141202,"Sherman Oaks, Los Angeles, CA",55828
39041011750,"Westerville, OH",55827
27003050229,"Lino Lakes, MN",55826
34023003101,"Metuchen, NJ",55825
44007014300,"Cranston, RI",55824
42091201902,"Elkins Park, PA",55823
40073958200,"Dover, OK",55822
27053020102,"Saint Anthony, MN",55822
37119002702,"Myers Park, Charlotte, NC",55819
55133200804,"Brookfield, WI",55818
6059052408,"Lake Forest, CA",55818
6081603100,"Vallemar, Pacifica, CA",55817
6085506103,"Santa Clara, CA",55816
46099010501,"Brandon, SD",55815
27025110100,"Rush City, MN",55814
25013813204,"Feeding Hills, Agawam, MA",55814
17043846604,"Addison, IL",55813
6111006200,"Thousand Oaks, CA",55813
24031700304,"Germantown, MD",55812
48201411501,"Greenway/Upper Kirby, Houston, TX",55810
17031804610,"Schaumburg, IL",55810
24005440100,"Baltimore, MD",55809
4013216816,"North Scottsdale, Scottsdale, AZ",55805
17163504353,"O'Fallon, IL",55803
6037264301,"Brentwood, Los Angeles, CA",55802
17089852202,"St. Charles, IL",55801
6029003809,"Rosedale, Bakersfield, CA",55801
48201341501,"El Lago, TX",55801
53033023801,"West Bellevue, Bellevue, WA",55799
34005702915,"Mount Laurel, NJ",55798
27039950400,"Hayfield, MN",55798
25021456200,"Stoughton, MA",55793
9007541401,"Middletown, CT",55792
42101021700,"Northwest Philadelphia, Philadelphia, PA",55792
6111005700,"Camarillo, CA",55791
26163560100,"Northville, MI",55791
55133202901,"Waukesha, WI",55790
34039032500,"Hillside, NJ",55790
26125197900,"Troy, MI",55789
47037018801,"Crieve Hall, Nashville, TN",55786
48085031716,"Far North Dallas, Dallas, TX",55785
36071013201,"Washingtonville, NY",55784
27109002200,"Rochester, MN",55784
17043846514,"Aurora, IL",55782
53033004301,"Northeast Seattle, Seattle, WA",55782
36103159602,"East Moriches, NY",55777
25027758102,"Sturbridge, MA",55774
9009165300,"Hamden, CT",55774
9009347100,"Prospect, CT",55772
29183312206,"Wentzville, MO",55772
6037300800,"Verdugo Woodlands, Glendale, CA",55768
49057210403,"Ogden, UT",55768
9009348122,"Southbury, CT",55768
4013319910,"Raintree, Tempe, AZ",55765
13135050712,"Lawrenceville, GA",55764
1073014413,"Hoover, AL",55762
27171101200,"Howard Lake, MN",55762
19061010202,"Epworth, IA",55761
8001008541,"Brighton, CO",55761
26139021902,"Zeeland, MI",55760
6037137501,"Woodland Hills, Los Angeles, CA",55760
24005406000,"Freeland, MD",55760
6059099239,"Huntington Beach, CA",55760
25027730902,"Tatnuck, Worcester, MA",55759
6013326000,"Pleasant Hill, CA",55759
31139979200,"Osmond, NE",55758
27171100900,"Buffalo, MN",55758
53033004400,"Northeast Seattle, Seattle, WA",55756
12085381900,,55756
6037143602,"Studio City, Los Angeles, CA",55754
6081613700,"Half Moon Bay, CA",55753
6041121100,"Corte Madera, CA",55752
53061051912,"Woodinville, WA",55749
42003475303,"Bethel Park, PA",55749
26093730102,"Howell, MI",55749
25025000803,"Allston, Boston, MA",55746
42029302203,"West Chester, PA",55745
36085011201,"Richmond County, NY",55745
29037060400,"Lee's Summit, MO",55744
17043846522,"Naperville, IL",55744
48029182105,"Far West Side, San Antonio, TX",55744
33001966401,"Gilford, NH",55743
6037920104,"Castaic, CA",55743
42003470400,"Pittsburgh, PA",55742
42091206703,"Schwenksville, PA",55737
6059052524,"Tustin, CA",55735
42101035302,"Morrell Park, Philadelphia, PA",55732
48085031411,"Parker, TX",55732
6085510900,"Midtown, Palo Alto, CA",55731
29189218402,"Kirkwood, MO",55730
15003007506,"Aliamanu - Salt Lakes - Foster Village, Honolulu, HI",55730
42043022501,"Harrisburg, PA",55729
42017100211,"Bensalem, PA",55729
34037374500,"Hopatcong, NJ",55726
33011010301,"Nashua, NH",55726
4013216851,"North Scottsdale, Scottsdale, AZ",55725
38015011500,"Wilton, ND",55725
26099231900,"Sterling Heights, MI",55725
4013116721,"Ahwatukee Foothills Village, Phoenix, AZ",55723
39035170101,"Lyndhurst, OH",55721
27029000300,"Clearbrook, MN",55721
6085508401,"Sunnyvale West, Sunnyvale, CA",55721
4013614200,"Arrowhead Ranch, Glendale, AZ",55720
55109120800,"Baldwin, WI",55720
10003013501,"Hockessin, DE",55718
42053530100,"Marienville, PA",55716
42003460002,"McKees Rocks, PA",55716
47149041301,"Murfreesboro, TN",55712
36047055800,"Kings County, NY",55712
6075035202,"Outer Sunset, San Francisco, CA",55711
24031703302,"Rockville, MD",55709
36001014615,"Guilderland, NY",55709
20091053804,"Bucyrus, KS",55707
42003140400,"Point Breeze, Pittsburgh, PA",55706
29189216400,"Moorlands, Clayton, MO",55706
31055007445,"Central Omaha, Omaha, NE",55705
17111871004,"Marengo, IL",55704
55133204004,"Dousman, WI",55704
26099225300,"Shelby charter Township, MI",55703
8035014403,"Castle Rock, CO",55700
20091052305,"Shawnee, KS",55699
27037060737,"Burnsville, MN",55697
39133600302,"Aurora, OH",55697
19049050809,"Waukee, IA",55696
53033031903,"Renton, WA",55696
55131410100,"Kewaskum, WI",55694
34025803000,"Matawan, NJ",55693
4013610200,"Anthem, New River, AZ",55692
24031700715,"Montgomery Village, MD",55692
27123035700,"Summit Hill, Saint Paul, MN",55692
6111007202,"Thousand Oaks, CA",55691
6037214902,"Central LA, Los Angeles, CA",55691
25009218100,"Manchester-by-the-Sea, MA",55691
34029712000,"Avon, Bay Head, NJ",55691
39049000220,"Central Clintonville, Columbus, OH",55690
34013016400,"Montclair, NJ",55690
9009184300,"Branford, CT",55690
6071008301,"South Redlands, Redlands, CA",55689
44007011402,"Cumberland, RI",55688
26147640100,"Saint Clair, MI",55687
27003050809,"Blaine, MN",55685
55079150100,"Franklin, WI",55679
12099006912,"Delray Beach, FL",55677
6077005003,"Ripon, CA",55676
25021401000,"High Street Hill, Brookline, MA",55675
36055010300,"West Irondequoit, Rochester, NY",55674
18089043102,"Crown Point, IN",55672
48121021629,"Castle Hills, The Colony, TX",55672
34023009400,"East Brunswick, NJ",55671
17111870606,"McHenry, IL",55669
31109003608,"Far South, Lincoln, NE",55669
39103400100,"Hinckley, OH",55669
51061930207,"Warrenton, VA",55669
26163550100,"Grosse Pointe Park, MI",55669
42091206004,"Eagleville, PA",55667
36029010805,"Cheektowaga, NY",55666
42091204101,"Conshohocken, PA",55666
42003415001,"Indianola, PA",55665
48029191809,"Far North Central, San Antonio, TX",55665
36047044000,"Kings County, NY",55664
19049050500,"Minburn, IA",55662
25023523202,"East Bridgewater, MA",55660
34007603501,"Greentree, Cherry Hill, NJ",55656
34023008504,"Monmouth Junction, South Brunswick Township, NJ",55653
48085031410,"Allen, TX",55653
27139080203,"Savage, MN",55651
12011040401,"Coral Ridge Country Club, Fort Lauderdale, FL",55651
21185030602,"Crestwood, KY",55649
18127051008,"Valparaiso, IN",55649
27053109800,"Southwest Minneapolis, Minneapolis, MN",55648
41005022800,"Aurora, OR",55646
48003950200,"Andrews, TX",55646
55139001804,"Oshkosh, WI",55645
6059021924,"Anaheim Hills, Anaheim, CA",55644
16001000805,"Southeast Boise, Boise, ID",55643
36047076000,"Kings County, NY",55640
9003497000,"West Hartford, CT",55638
42071012104,"Lititz, PA",55637
21111011518,"Saratoga Woods, Jeffersontown, KY",55637
27037060505,"Inver Grove Heights, MN",55636
55079170400,"South Milwaukee, WI",55636
34013007800,"Ironbound District, Newark, NJ",55636
26139020503,"Spring Lake, MI",55634
34015501209,"Sewell, Washington Township, NJ",55634
31109010202,"Raymond, NE",55633
21037051903,"Alexandria, KY",55631
6037577300,"Belmont Shore, Long Beach, CA",55629
48473680100,"Katy, TX",55628
55087012601,"Greenville, WI",55628
18147952700,"Santa Claus, IN",55626
42003470300,"Pittsburgh, PA",55625
4013116729,"Ahwatukee Foothills Village, Phoenix, AZ",55624
37071032702,"Gastonia, NC",55623
41067032109,"Sherwood - Tualatin South, Tualatin, OR",55623
34013019800,"Maplewood, NJ",55621
47093007100,"Knoxville, TN",55618
42071011704,"Lancaster, PA",55617
31153010630,"Omaha, NE",55616
6059099230,"Fountain Valley, CA",55614
34025808900,"Spring Lake, NJ",55614
6085512035,"South San Jose, San Jose, CA",55613
55133201701,"River Heights, Muskego, WI",55612
39061025101,"Cincinnati, OH",55611
24003701200,"Edgewater, MD",55611
42003451300,"Coraopolis, PA",55611
36103158315,"Coram, NY",55610
55079101800,"West Allis, WI",55610
11001001301,"Northwest Washington, Washington, DC",55609
36067015500,"East Syracuse, NY",55609
48201411800,"Greenway/Upper Kirby, Houston, TX",55608
34037372000,"Newton, NJ",55607
55087012800,"Shiocton, WI",55607
48039663600,"Lake Jackson, TX",55605
25025180400,"Winthrop, MA",55605
12117021306,"Winter Springs, FL",55602
31109003802,"Maple Village/ Wedgewood, Lincoln, NE",55601
27053025605,"West Bloomington, Minneapolis, MN",55601
55079187200,"Franklin, WI",55600
55009020600,"Denmark, WI",55600
26099240600,"Clinton Township, MI",55600
39041011421,"Powell, OH",55597
17031823702,"Palos Hills, IL",55597
6111007405,"Oak Park, CA",55595
34023001903,"Edison, NJ",55595
25027716100,"Clinton, Clinton, MA",55592
51061930401,"Nokesville, VA",55590
6001404101,"Piedmont Avenue, Oakland, CA",55590
6037920114,"Santa Clarita, CA",55589
48029121903,"Far North Central, San Antonio, TX",55586
36061011000,"Lenox Hill, New York, NY",55586
6073017022,"Scripps Ranch, San Diego, CA",55586
6071008302,"Live Oak Canyon, Redlands, CA",55585
6085504415,"Milpitas, CA",55584
40109103601,"Central Oklahoma City, Oklahoma City, OK",55583
39035123100,"Kamm's Corners, Cleveland, OH",55583
53033032401,"Duvall, WA",55583
53053060500,"North End, Tacoma, WA",55583
22051023001,"Metairie, LA",55581
22095070100,"LaPlace, LA",55581
36103122902,"West Babylon, NY",55577
12109020801,"Jacksonville, FL",55574
56009956400,"Douglas, WY",55573
6073008331,"Carmel Valley, San Diego, CA",55571
26125166500,"Farmington Hills, MI",55569
20113788100,"Galva, KS",55568
9013538201,"Somers, CT",55566
13121000100,"Morningside-Lenox Park, Atlanta, GA",55566
42071012900,"New Holland, PA",55565
48167723501,"Santa Fe, TX",55563
13067030239,"Kennesaw, GA",55562
51059431801,"Burke, VA",55559
34041031101,"Blairstown, NJ",55559
42019903100,"Butler, PA",55558
6059052511,"Woodbridge, Irvine, CA",55558
6085512503,"Gilroy, CA",55558
55025012400,"Brooklyn, WI",55557
24025303201,"Forest Hill, MD",55555
32031001103,"Reno, NV",55553
34025806300,"Monmouth County, NJ",55551
6001427100,"Alameda, CA",55551
55079130100,"Hales Corners, WI",55550
55093960100,"Spring Valley, WI",55548
51153901303,"Manassas, VA",55547
48121021721,"Flower Mound, TX",55547
26099252200,"Saint Clair Shores, MI",55542
48201454800,"Memorial Parkway, Katy, TX",55540
6013355301,"Concord, CA",55539
36005025400,"Bronx County, NY",55537
37067002502,"Winston-Salem, NC",55536
33011015100,"Amherst, NH",55536
36081073900,"Queens County, NY",55535
42129803901,"Greensburg, PA",55534
34017015801,"West New York, NJ",55533
48245000302,"Beaumont, TX",55533
48085031633,"Hunters Ridge, Plano, TX",55531
8005005628,"Centennial, CO",55530
55087012503,"Appleton, WI",55529
36039080501,"Freehold, NY",55529
24031701415,"Silver Spring, MD",55528
25023525204,"Bridgewater, MA",55527
47113001610,"Jackson, TN",55525
13067030314,"Marietta, GA",55524
36119001301,"Park Hill, Yonkers, NY",55523
8035014133,"Westridge, Littleton, CO",55522
31055007407,"West Omaha, Omaha, NE",55521
29183311904,"O'Fallon, MO",55518
17031770902,"Chicago, IL",55518
17043845506,"Westmont, IL",55518
42011012002,"Reading, PA",55516
6059042315,"Laguna Niguel, CA",55515
18063210605,"Avon, IN",55515
24031704804,"Bethesda, MD",55514
18097330109,"Indianapolis, IN",55513
17097861505,"Gurnee, IL",55513
6037403325,"Valle Lindo, Diamond Bar, CA",55512
36083052003,"Troy, NY",55511
6037408627,"Rowland Heights, CA",55510
36047030200,"Kings County, NY",55508
19153003002,"Waterbury, Des Moines, IA",55507
29165030103,"Parkville, MO",55505
13121011416,"Roswell, GA",55505
51059482203,"Reston, VA",55503
42003414200,"Allison Park, Hampton Township, PA",55503
27123042202,"Saint Paul, MN",55502
4013611600,"Deer Valley, Phoenix, AZ",55502
26139022108,"Waukazoo Woods, Holland, MI",55501
46099001803,"Sioux Falls, SD",55500
36081115700,"Queens County, NY",55499
36029013102,"Lake View, NY",55499
25009208400,"Saugus, MA",55493
6059062633,"Aliso Viejo, CA",55493
46089963100,"Eureka, SD",55493
17031805002,"Mount Prospect, IL",55491
42007605002,"Georgetown, PA",55489
6013354001,"El Toyonal, Orinda, CA",55487
49035110402,"Salt Lake City, UT",55486
22055001904,"Lafayette, LA",55486
53033021600,"Kenmore, WA",55486
36067014800,"Fayetteville, NY",55485
36047005602,"Kings County, NY",55485
25017341102,"Malden, MA",55483
36029009010,"East Amherst, NY",55482
6069000801,"Hollister, CA",55481
36047039800,"Kings County, NY",55481
6059011716,"Placentia, CA",55480
29183311908,"Lake Saint Louis, MO",55480
19097950400,"Bellevue, IA",55478
17163504351,"O'Fallon, IL",55478
34017018600,"Hoboken, NJ",55477
25017316300,"Billerica, MA",55476
17031801603,"Northbrook, IL",55474
42017106000,"Penndel, PA",55474
6071002013,"Rancho Cucamonga, CA",55473
36047026800,"Kings County, NY",55473
17031823101,"Worth, IL",55471
53061052112,"Snohomish, WA",55471
13067030329,"Marietta, GA",55470
17089852300,"St. Charles, IL",55469
6037301205,"Glenwood, Glendale, CA",55468
25021422302,"Weymouth, MA",55464
48029191810,"Summerglen, San Antonio, TX",55464
8059012053,"Columbine Hills, Littleton, CO",55462
36047029800,"Kings County, NY",55462
42091207201,"Souderton, PA",55461
6075011800,"Chinatown, San Francisco, CA",55461
36083052304,"Wynantskill, NY",55459
42045403602,"Norwood, PA",55457
34025811102,"Marlboro Township, NJ",55457
34023006203,"North Brunswick Township, NJ",55456
22057020704,"Thibodaux, LA",55455
17089852500,"Geneva, IL",55455
26125150400,"Bloomfield Township, MI",55454
6013303203,"Brentwood, CA",55454
19111490400,"West Point, IA",55453
19061001101,"Dubuque, IA",55453
40143007631,"Park Friends, Tulsa, OK",55453
17185957300,"Mount Carmel, IL",55451
36047062200,"Kings County, NY",55449
31167962100,"Stanton, NE",55448
24027601103,"West Elkridge, Elkridge, MD",55448
55131440105,"Hartford, WI",55447
24021751203,"Frederick, MD",55447
17031130100,"Pulaski Park, Chicago, IL",55447
12011010902,"Lighthouse Point, FL",55446
26099225900,"Shelby charter Township, MI",55446
15003007400,"Naval Station Pearl Harbor, Honolulu, HI",55445
47157021540,"Collierville, TN",55445
19031450400,"Wilton, IA",55443
39049006430,"Brandon Heights, Columbus, OH",55442
36103158407,"Rocky Point, NY",55442
34021003008,"Mercerville-Hamilton Square, Hamilton Township, NJ",55441
6073021204,"Alpine, CA",55441
17031081201,"Streeterville, Chicago, IL",55441
34037374200,"Stanhope, NJ",55440
26163558000,"Livonia, MI",55439
36055011705,"Fairport, NY",55439
26139023001,"Grandville, MI",55439
36103122601,"Deer Park, NY",55439
9001044600,"Rowayton, Norwalk, CT",55438
34037374600,"Stanhope, NJ",55438
48201532002,"North Houston, Houston, TX",55437
19013002603,"Cedar Falls, IA",55437
38091968700,"Finley, ND",55435
17031804713,"Schaumburg, IL",55434
36029015301,"Eden, NY",55433
19163010201,"Eldridge, IA",55432
6037403318,"Westmont, Pomona, CA",55432
8035014012,"Castle Rock, CO",55431
34007608700,"Berlin, NJ",55429
6111005303,"Camarillo, CA",55428
34015501104,"Deptford Township, NJ",55427
56037971600,"Sweetwater County, WY",55427
6067005804,"Briarwood Del Dayo, Carmichael, CA",55425
34021003007,"Mercerville-Hamilton Square, Hamilton Township, NJ",55424
44009050102,"North Kingstown, RI",55424
36079010300,"Carmel Hamlet, NY",55421
6037920013,"Saugus, Santa Clarita, CA",55420
49057201500,"Ogden, UT",55420
46129965100,"Selby, SD",55420
48113020000,"Coppell, TX",55419
39061024301,"Cincinnati, OH",55418
6085502908,"South San Jose, San Jose, CA",55418
27079950500,"Le Center, MN",55417
17031050500,"North Center, Chicago, IL",55417
24025302100,"Havre de Grace, MD",55417
15003000401,"Waialae - Kahala, Honolulu, HI",55416
6061021131,"Rocklin, CA",55413
6001442700,"Centerville, Fremont, CA",55413
53033003900,"Northeast Seattle, Seattle, WA",55411
6073008346,"Sorrento Valley, San Diego, CA",55411
4013815300,"Allen Ranch, Gilbert, AZ",55410
6059063400,"Newport Beach, CA",55408
42045403103,"Collingdale, PA",55407
42071010501,"Manheim, PA",55406
55089610101,"Fredonia, WI",55404
17031815800,"Hollywood, Brookfield, IL",55404
6037137104,"Woodland Hills, Los Angeles, CA",55403
25027721102,"Rutland, MA",55403
20173002200,"College Hill, Wichita, KS",55402
38081974200,"Forman, ND",55401
6081603300,"Linda Mar, Pacifica, CA",55401
17031806003,"Des Plaines, IL",55400
48201411502,"Greenway/Upper Kirby, Houston, TX",55400
39107967700,"Coldwater, OH",55398
34013017500,"West Orange, NJ",55398
17097861508,"Gurnee, IL",55397
6001405100,"Trestle Glen, Oakland, CA",55395
6059011718,"Placentia, CA",55395
36047067000,"Kings County, NY",55394
31055007454,"Millard, Omaha, NE",55393
10003011300,"Wilmington, DE",55393
27003050606,"Minneapolis, MN",55393
51041101013,"Midlothian, VA",55391
36103124200,"Lindenhurst, NY",55391
9003515000,"Highland Park, Manchester, CT",55390
48439113210,"North Richland Hills, TX",55387
48453000604,"Central Austin, Austin, TX",55387
37183053505,"Hillsdale Forest, Cary, NC",55386
26161404400,"Lawton, Ann Arbor, MI",55386
8059012032,"Doubleheader, Conifer, CO",55385
27053027501,"Excelsior, MN",55384
39137030300,"Ottawa, OH",55384
4013615800,"Arrowhead Phase I, Glendale, AZ",55379
19113000206,"Robins, IA",55378
13135050538,"Chadwick Lake, Lawrenceville, GA",55376
42045401900,"Lansdowne, PA",55376
26125197701,"Troy, MI",55374
17031804804,"Hanover Park, IL",55374
45045001203,"Greenville, SC",55373
42045401302,"Drexel Hill, Upper Darby, PA",55372
27003050234,"Ham Lake, MN",55371
6067004012,"Southwestern Sacramento, Sacramento, CA",55370
17167003100,"Springfield, IL",55369
6073008328,"Pacific Highlands Ranch, San Diego, CA",55369
25009253201,"North Andover, MA",55368
34041031401,"Hackettstown, NJ",55368
17031802403,"Wheeling, IL",55367
19113010300,"Central City, IA",55366
25009220101,"Rockport, Rockport, MA",55365
36085027702,"Richmond County, NY",55365
6061022011,"Truckee, CA",55364
6017030706,"El Dorado Hills, CA",55363
6071002014,"Rancho Cucamonga, CA",55361
34029732001,"Lanoka Harbor, Lacey Township, NJ",55360
36027110003,"Pawling, NY",55359
6071008703,"Yucaipa, CA",55359
34025800900,"Navesink, Atlantic Highlands, NJ",55358
19017004600,"Denver, IA",55357
26139021700,"Hudsonville, MI",55356
46013951900,"Groton, SD",55356
47093005812,"Knoxville, TN",55355
17089851910,"Elgin, IL",55355
17031770300,"Elk Grove Village, IL",55354
48491020503,"Round Rock West, Round Rock, TX",55353
48201252700,"Crosby, TX",55350
53053940009,"Edgewood, WA",55349
6081613900,"Menlo Park, CA",55349
34005700602,"Riverside, NJ",55347
25017313101,"Tyngsborough, MA",55346
42001031102,"Hanover, PA",55346
36103190502,"Westhampton Beach, NY",55344
25009208300,"Saugus, MA",55344
36081056600,"Queens County, NY",55343
48259970402,"Boerne, TX",55342
49035103600,"Yalecrest, Salt Lake City, UT",55341
17133600101,"Columbia, IL",55341
25005642300,"Fall River, MA",55339
49049010217,"Draper, UT",55335
36119012301,"White Plains, NY",55335
13121010001,"Buckhead, Atlanta, GA",55334
24013505206,"Marriottsville, MD",55334
34023008202,"Monroe Township, NJ",55334
45063021205,"Chapin, SC",55334
6085508507,"Santa Clara, CA",55327
6037143901,"Studio City, Los Angeles, CA",55326
25017340100,"Medford, MA",55326
34029713202,"Brick, NJ",55325
24031700904,"Rockville, MD",55325
37067003908,"Winston-Salem, NC",55324
17031750400,"Kennedy Park, Chicago, IL",55322
17031804310,"Streamwood, IL",55320
27053024100,"Richfield, MN",55320
42003473500,"Pittsburgh, PA",55319
9003514101,"Buckley, Manchester, CT",55319
9003466201,"Simsbury, CT",55319
39137030700,"Fort Jennings, OH",55318
36027020005,"Poughquag, NY",55317
44007012702,"Greenville, Smithfield, RI",55317
9003494500,"Newington, CT",55316
29189215103,"St. Louis, MO",55316
11001000701,"Cathedral Heights, Washington, DC",55316
6037139402,"Tarzana, Los Angeles, CA",55315
17031561100,"South Side, Chicago, IL",55314
42003429400,"Pittsburgh, PA",55313
45045002813,"Simpsonville, SC",55312
48439113709,"Grapevine, TX",55311
6081600300,"Southern Hills, Daly City, CA",55311
53033021300,"Lake Forest Park, WA",55309
34023006205,"North Brunswick Township, NJ",55309
38077970900,"Wahpeton, ND",55308
6037310701,"Burbank, CA",55307
10003013611,"Newark, DE",55305
6059052514,"Woodbridge, Irvine, CA",55304
29047021600,"Liberty, MO",55303
36087012502,"Chestnut Ridge, NY",55300
42011011102,"Wyomissing, PA",55297
42077006307,"Macungie, PA",55296
25001015200,"Mashpee, MA",55294
36071014302,"Chester, NY",55293
49035113533,"Salt Lake City, UT",55292
27037061008,"Rosemount, MN",55292
24021751902,"Spring Ridge, Frederick, MD",55291
36029014702,"Clarence, NY",55291
49035114200,"West Jordan, UT",55288
8123001408,"Greeley, CO",55288
39061023300,"Amberley, OH",55285
6073002002,"Mid-City, San Diego, CA",55283
9011705400,"Stonington, CT",55282
29183311801,"O'Fallon, MO",55281
33011011401,"Nashua, NH",55281
36119013900,"Croton-on-Hudson, NY",55280
6081607400,"Beresford Park, San Mateo, CA",55279
18129040100,"Poseyville, IN",55278
26125150900,"Bloomfield Hills, MI",55277
13067031209,"Smyrna, GA",55277
22033003906,"Baton Rouge, LA",55276
42007603400,"Monaca, PA",55276
8069001114,"Clarendon Hills, Fort Collins, CO",55275
26163551800,"Grosse Pointe Woods, MI",55274
17031824116,"Orland Park, IL",55272
44003022202,"Warwick, RI",55270
6111006400,"Thousand Oaks, CA",55269
55131420104,"West Bend, WI",55269
42019912402,"Mars, PA",55266
36059410300,"Valley Stream, NY",55266
36079011800,"Brewster, NY",55264
29510101200,"Boulevard Heights, St. Louis, MO",55263
8005006707,"Centennial, CO",55263
53057951900,"Burlington, WA",55262
6085512200,"Gilroy, CA",55261
21111013100,"Louisville, KY",55261
26163594500,"Trenton, MI",55261
26081012702,"East Kentwood, Kentwood, MI",55258
34025808001,"Shark River Hills, Neptune City, NJ",55258
27157490400,"Zumbro Falls, MN",55257
1073014409,"Hoover, AL",55257
36119000900,"Nepera Park, Yonkers, NY",55255
6073020811,"San Diego Country Estates, Ramona, CA",55254
55133201402,"Lincoln Hills Estates, New Berlin, WI",55253
53053071310,"Puyallup, WA",55251
17105961000,"Forrest, IL",55250
36047063200,"Kings County, NY",55248
6001451300,"Livermore, CA",55247
6037482600,"Garvey, Monterey Park, CA",55242
24005401000,"Catonsville, MD",55240
46011958700,"Volga, SD",55239
21067003915,"Lexington, KY",55239
26147637100,"Marysville, MI",55234
27053021505,"Minneapolis, MN",55232
27053022200,"Westwood Hills, Minneapolis, MN",55232
48121021730,"Lewisville, TX",55230
44007010102,"Rumford, East Providence, RI",55229
8059012044,"Summit Ridge at West Meadows, Littleton, CO",55229
27163070704,"Bayport, MN",55229
55025013301,"DeForest, DeForest, WI",55229
17089852700,"Batavia, IL",55228
36061001001,"Lower Manhattan, New York, NY",55227
34027041701,"Lake Hiawatha, Parsippany-Troy Hills, NJ",55226
6073016201,"El Cajon, CA",55225
37119006204,"Cornelius, NC",55225
17195000400,"Fulton, IL",55225
6013323000,"Pleasant Hill, CA",55224
39153534000,"Hudson, OH",55224
42075003500,"Lebanon, PA",55223
45091061005,"Fort Mill, SC",55222
36081120300,"Queens County, NY",55221
49049010303,"Mapleton, UT",55220
53033000800,"Lake City, Seattle, WA",55219
15003002800,"Diamond Head - Kapahulu - St. Louis, Honolulu, HI",55218
45019002004,"Folly Beach, SC",55218
39017010910,"Fairfield, OH",55216
24033800409,"Bowie, MD",55216
24031700312,"Clarksburg, MD",55216
48397040200,"Rockwall, TX",55215
42017102401,"Perkasie, PA",55214
48245011101,"Nederland, TX",55214
6037189903,"Central LA, Los Angeles, CA",55214
34019010500,"Milford, NJ",55212
36029015302,"Eden, NY",55211
40027201509,"Norman, OK",55211
6075030102,"Inner Sunset, San Francisco, CA",55210
51059430600,"Springfield, VA",55210
34023000901,"South Plainfield, NJ",55209
34035050701,"Bridgewater, NJ",55208
55133202002,"Big Bend, WI",55208
4013817300,"Sun Lakes, AZ",55204
8013012511,"East Boulder, Boulder, CO",55204
26081011702,"Grand Rapids, MI",55203
24033807200,"College Park, MD",55199
22087030208,"Meraux, LA",55199
36061031704,"Lower Manhattan, New York, NY",55197
6037408503,"Hacienda Heights, CA",55196
6001430600,"Castro Valley, CA",55196
41005020501,"Tanner Basin, West Linn, OR",55195
51059422202,"Lorton, VA",55195
22007050200,"Pierre Part, LA",55194
25021422400,"Weymouth, MA",55193
1073012703,"Vestavia Hills, AL",55193
6013322000,"Pleasant Hill, CA",55192
27025110700,"Shafer, MN",55191
49011125908,"Layton, UT",55189
55049950500,"Barneveld, WI",55188
39025041406,"Cincinnati, OH",55187
36059519300,"Hicksville, Hicksville, NY",55186
6037670413,"Rancho Palos Verdes, CA",55186
22033004302,"Pride, Central, LA",55184
1089002722,"Huntsville, AL",55183
27011950200,"Graceville, MN",55181
34003048100,"River Edge, NJ",55180
6075026302,"Crocker-Amazon, San Francisco, CA",55180
9013526102,"Hebron, CT",55180
39035181203,"Rocky River, OH",55179
27135970300,"Roseau, MN",55178
6085510803,"Fairmeadow, Palo Alto, CA",55175
12061050501,"Indian River Shores, FL",55175
6059099906,"Westminster, CA",55175
17163503323,"Belleville, IL",55175
39153533200,"Hudson, OH",55174
18097321200,"Meridian-Kessler, Indianapolis, IN",55174
49043964308,"Park City, UT",55172
17031807000,"Skokie, IL",55172
13121010208,"Sandy Springs, GA",55170
48201554402,"Cypress Point Lake Estates, Cypress, TX",55170
25001013500,"Sandwich, MA",55169
39035131103,"Beachwood, OH",55169
41067031611,"Five Oaks, Beaverton, OR",55168
13067030233,"Marietta, GA",55168
6075035201,"Sunset District, San Francisco, CA",55167
26099223900,"Macomb, MI",55165
26081001800,"Westside Connection, Grand Rapids, MI",55163
6059110011,"Cypress, CA",55162
53063005000,"Moran Prairie, Spokane, WA",55162
36103158608,"Lake Ronkonkoma, NY",55162
36103158409,"Ridge, NY",55161
6037403404,"Valle Lindo, Walnut, CA",55161
40139950600,"Hooker, OK",55157
36119007300,"Mamaroneck, NY",55157
38009952400,"Bottineau, ND",55156
20091052504,"Lenexa, KS",55156
42101034000,"Fox Chase/ Burholme, Philadelphia, PA",55155
8013061300,"Louisville, CO",55153
6019005802,"Clovis, CA",55153
53073010303,"Lynden, WA",55152
36027190204,"Wappingers Falls, NY",55150
6037650502,"West Torrance, Torrance, CA",55149
17043845811,"Willowbrook, IL",55149
48139060208,"Waxahachie, TX",55148
26125138100,"South Lyon, MI",55146
6001404600,"Piedmont Pines, Oakland, CA",55145
26093743400,"Pinckney, MI",55143
34015501203,"Turnersville, Washington Township, NJ",55142
48029191807,"Far North Central, San Antonio, TX",55140
39011040900,"New Bremen, OH",55140
29189217942,"Ballwin, MO",55138
34003015100,"Englewood, NJ",55138
36029013300,"Hamburg, NY",55137
41067031910,"Bull Mountain, Tigard, OR",55137
12031016801,"Mandarin, Jacksonville, FL",55135
36047066200,"Kings County, NY",55134
53061041607,"Silver Lake, Everett, WA",55134
6013392300,"Victoria by the Bay, Hercules, CA",55133
42077005705,"Fullerton, PA",55131
6073017032,"4S Ranch, San Diego, CA",55131
6037111204,"Northridge, Los Angeles, CA",55130
34003006201,"Cliffside Park, NJ",55129
36081029700,"Queens County, NY",55128
48201553002,"Northgate Country Club Nine, Houston, TX",55128
34017011300,"Constable Hook, Bayonne, NJ",55127
6019005507,"Fresno, CA",55124
19013003001,"Waterloo, IA",55123
4013103215,"Greenbrier East, Phoenix, AZ",55123
55139000700,"Oshkosh, WI",55120
8035013911,"Parker, CO",55120
36001013601,"Albany, NY",55119
6067008505,"Los Cerros, Folsom, CA",55118
6037113101,"Chatsworth, Los Angeles, CA",55118
6059052422,"Lake Forest, CA",55117
36005031200,"Bronx County, NY",55116
6029003204,"Terra Vista, Bakersfield, CA",55114
53033023100,"Northeast Bellevue, Bellevue, WA",55113
55009020703,"Green Bay, WI",55112
48085030509,"Hillcrest Meadows, Frisco, TX",55110
36027080201,"Poughkeepsie, NY",55110
42003489002,"Pittsburgh, PA",55109
6019005524,"Clovis, CA",55108
55079090600,"Wauwatosa, WI",55108
38099957800,"Minto, ND",55107
34013016500,"Montclair, NJ",55107
49035100200,"Capitol Hill, Salt Lake City, UT",55107
42003477300,"Pittsburgh, PA",55106
6071000117,"Chino Hills, CA",55104
27003050810,"Blaine, MN",55102
36091061702,"Burnt Hills, Ballston, NY",55101
36087011102,"West Nyack, NY",55098
36027020004,"Poughquag, NY",55098
18173030705,"Newburgh, IN",55095
9007590100,"Higganum, Haddam, CT",55094
27053026903,"Champlin, MN",55094
21059001502,"Philpot, KY",55094
48453001761,"Austin, TX",55093
6037113231,"Canoga Park, Los Angeles, CA",55093
51760050100,"Near West End, Richmond, VA",55092
9001010400,"Greenwich, CT",55092
36047028200,"Kings County, NY",55091
20117040701,"Frankfort, KS",55090
17031822301,"Oak Lawn, IL",55089
36103190707,"Sag Harbor, NY",55088
36029008102,"Kenmore NE, Buffalo, NY",55086
8035013907,"Parker, CO",55086
48201411000,"Southwest Houston, Houston, TX",55086
29183310903,"Saint Charles, MO",55085
12081001909,"Parrish, FL",55085
8059012031,"Shadow Mountain, Evergreen, CO",55084
53033029406,"Kent, WA",55084
4013103216,"Paradise Valley Village, Scottsdale, AZ",55084
26125194000,"Hampton On The Green, Rochester Hills, MI",55083
17031100100,"Norwood Park, Chicago, IL",55081
32031002408,"Northwest Reno, Reno, NV",55081
34005700405,"Maple Shade Township, NJ",55081
46099001107,"Sioux Falls, SD",55081
56009956600,"Douglas, WY",55080
27009020300,"Sauk Rapids, MN",55080
36081079701,"Queens County, NY",55080
36103123002,"West Babylon, NY",55080
21185030402,"La Grange, KY",55078
48201554302,"Cypress, TX",55077
6059052415,"Lake Forest, CA",55077
6037920112,"Valencia, Santa Clarita, CA",55077
12011040206,"Imperial Point, Fort Lauderdale, FL",55076
51087200406,"Glen Allen, VA",55075
48121020303,"Argyle, TX",55074
27053026811,"Minneapolis, MN",55073
36103123801,"Copiague, NY",55071
25023523100,"East Bridgewater, MA",55069
36047041200,"Kings County, NY",55068
9001021000,"Springdale, Stamford, CT",55068
36119005800,"New Rochelle, NY",55067
39061024100,"Cincinnati, OH",55066
26163561200,"Northville, MI",55065
42051262000,"Uniontown, PA",55065
17107953500,"Logan County, IL",55064
48113001704,"Oak Lawn, Dallas, TX",55064
53033032011,"Maple Valley, WA",55064
13067030330,"Marietta, GA",55063
36081115500,"Queens County, NY",55061
19011960500,"Atkins, IA",55061
25005630300,"North Attleborough, MA",55061
29183311211,"St. Peters, MO",55060
19169001100,"Ames, IA",55060
51087200112,"Richmond, VA",55059
18073100902,"De Motte, IN",55057
17161023000,"Rock Island, IL",55057
42091201703,"Glenside, PA",55057
37119003011,"Beverly Woods, Charlotte, NC",55056
42133022700,"Tyler Run-Queens Gate, York, PA",55054
6081613600,"Moss Beach, CA",55053
21037053301,"Cold Spring, KY",55052
22017024000,"Ellerbee Woods, Shreveport, LA",55051
6037602302,"HollyGlen, Hawthorne, CA",55050
34003046100,"Ridgefield Park, NJ",55050
6113010401,"Davis, CA",55049
38035010801,"Grand Forks, ND",55048
36059416600,"Long Beach, NY",55048
20043020200,"Troy, KS",55047
17143004000,"Elmwood, IL",55046
36065021301,"Utica, NY",55046
12011060504,"Plantation, FL",55040
37021002101,"Biltmore Forest, NC",55038
25009202102,"Swampscott, MA",55037
48209010806,"Hays County, TX",55036
27163070502,"Stillwater, MN",55036
26125133001,"Wixom, MI",55036
48167720501,"League City, TX",55035
36029013800,"East Aurora, NY",55034
51059432800,"Springfield, VA",55033
34023000701,"Piscataway Township, NJ",55031
48003950400,"Andrews, TX",55030
25027748100,"Millville, MA",55029
27123041002,"Mounds View, MN",55028
9003476300,"Windsor Locks, CT",55026
12085000502,"Sewall's Point, FL",55025
48085031659,"Plano, TX",55025
47189030303,"Mount Juliet, TN",55022
55027960400,"Beaver Dam, WI",55020
42029302702,"West Chester, PA",55020
6037194102,"Central LA, Los Angeles, CA",55020
20091052603,"Grey Oaks, Shawnee, KS",55018
25021443101,"Bellingham, Bellingham, MA",55018
55133203602,"Hartridge, Hartland, WI",55016
48121021726,"Flower Mound, TX",55016
31177050201,"Blair, NE",55016
4013071513,"Peoria, AZ",55015
42107003500,"Schuylkill Haven, PA",55015
55025010701,"Fitchburg, WI",55014
26139022600,"Holland, MI",55014
17031804000,"Rolling Meadows, IL",55013
6013333102,"Concord, CA",55012
36047038600,"Kings County, NY",55011
55017011200,"Bloomer, WI",55009
49035114600,"Riverton, UT",55007
6111007508,"Thousand Oaks, CA",55007
36027170000,"Stanfordville, NY",55006
53067011710,"Olympia, WA",55005
17143004101,"Edwards, IL",55003
4013810800,"Chandler, AZ",55002
34037374800,"Stanhope, NJ",55000
42095017606,"Bethlehem, PA",55000
48167723300,"Santa Fe, TX",55000
6059099406,"Huntington Beach, CA",55000
26081012201,"Grand Rapids, MI",54998
17097861507,"Gurnee, IL",54997
48201412800,"Southwest Houston, Bellaire, TX",54997
55025013000,"Cross Plains, WI",54995
42003472200,"Pittsburgh, PA",54995
22033004507,"Baton Rouge, LA",54992
26139025500,"Zeeland, MI",54987
36047065000,"Kings County, NY",54986
26139022900,"Zeeland, MI",54986
6059110116,"La Palma, CA",54985
42017100803,"Levittown, PA",54984
9011712100,"North Franklin, Franklin, CT",54983
17141960700,"Leaf River, IL",54983
6081601501,"St. Francis, Daly City, CA",54977
17043844201,"Lombard, IL",54976
34029722500,"Dover Beaches North, Lavallette, NJ",54975
40109108524,"Blueridge, Oklahoma City, OK",54975
55027961500,"Neosho, WI",54974
37183053712,"Northwest Raleigh, Raleigh, NC",54972
48321730202,"Sweeny, TX",54972
42045404101,"Swarthmore, PA",54971
42071011703,"Lancaster, PA",54971
55025010502,"McFarland, WI",54969
6059099605,"Huntington Beach, CA",54969
34023002901,"Woodbridge, Woodbridge Township, NJ",54968
36047003400,"Kings County, NY",54967
22033004006,"South Baton Rouge, Baton Rouge, LA",54967
42077006001,"Allentown, PA",54964
49049010109,"Harvest Hills, Saratoga Springs, UT",54963
48491020806,"Round Rock, TX",54963
34037371502,"Sussex County, NJ",54963
29095009200,"South Kansas City, Kansas City, MO",54962
36119002402,"Southeast Yonkers, Yonkers, NY",54958
27053021200,"Minneapolis, MN",54958
6059099222,"Westminster, CA",54957
6077005502,"Tracy, CA",54956
48285000100,"Hallettsville, TX",54955
48157673200,"Brookshire, TX",54954
55025011302,"Waunakee, WI",54954
36081072100,"Queens County, NY",54952
19153010205,"Ankeny, IA",54952
48015760501,"Bellville, TX",54949
21015070607,"Walton, KY",54948
18057110812,"Sunblest, Fishers, IN",54945
36119008901,"White Plains, NY",54944
6059110102,"La Palma, CA",54943
9005253200,"New Milford, CT",54943
18163003803,"Evansville, IN",54942
17031100600,"Norwood Park, Chicago, IL",54942
49011127003,"West Bountiful, UT",54941
36047003600,"Kings County, NY",54940
36081080302,"Queens County, NY",54940
34031143300,"Hawthorne, NJ",54940
25027730700,"West Tatnuck, Worcester, MA",54938
34023008403,"Heathcote, Princeton, NJ",54934
18037953400,"Jasper, IN",54933
42017103300,"Quakertown, PA",54933
6059042325,"Laguna Niguel, CA",54932
33015050000,"Candia, NH",54932
15003010306,"Kaneohe, HI",54932
42091205600,"Narberth, PA",54931
42129801200,"Leechburg, PA",54928
8005007106,"Aurora, CO",54928
24003702602,"Annapolis, MD",54926
42003413300,"Pittsburgh, PA",54925
25017310601,"Pawtucketville, Lowell, MA",54924
24031700716,"Gaithersburg, MD",54923
51810043800,"Northeast Virginia Beach, Virginia Beach, VA",54923
24025303203,"Forest Hill, MD",54921
8059011727,"Carmody, Lakewood, CO",54920
18163010500,"Westside, Evansville, IN",54919
12103027310,"Palm Harbor, FL",54919
41067031508,"Cedar Mill, Portland, OR",54919
27053022901,"Wolfe Park, Minneapolis, MN",54918
20055960401,"Garden City, KS",54916
4013612400,"Desert View Village, Phoenix, AZ",54916
6001442602,"Glenmoor, Fremont, CA",54915
18057110809,"Fishers, IN",54912
6041132200,"Inverness, CA",54912
48201554403,"Villages Of Cypress Lakes, Cypress, TX",54912
36001013505,"Latham, NY",54911
6001433000,"Upper Bal, San Leandro, CA",54911
25017314302,"Dracut, MA",54909
26161400100,"Ann Arbor, MI",54909
36047013800,"Kings County, NY",54909
8005005611,"Centennial, CO",54909
51059491704,"Fairfax, VA",54908
34023000404,"Piscataway Township, NJ",54908
42091208201,"Barto, PA",54908
12103027309,"Crescent Oaks, Tarpon Springs, FL",54907
6067009406,"Herald, CA",54905
48453001740,"Circle C Ranch, Austin, TX",54904
22051020400,"Metairie, LA",54903
17031170700,"Belmont Heights, Chicago, IL",54902
22071011900,"Uptown/Carrollton, New Orleans, LA",54901
42003456004,"Bridgeville, PA",54899
42075003000,"Newmanstown, PA",54899
34015502002,"Gloucester County, NJ",54899
41067030102,"Cedar Mill, Portland, OR",54896
36047043800,"Kings County, NY",54896
18037953600,"Celestine, IN",54895
13117130605,"Cumming, GA",54894
49049010209,"Alpine, UT",54893
16049960300,"Cottonwood, ID",54892
17043841003,"Roselle, IL",54892
36085007000,"Richmond County, NY",54892
34027044601,"Oak Ridge, Jefferson, NJ",54891
24003702206,"Crofton, MD",54891
35049000400,"Santa Fe, NM",54891
40093955200,"Fairview, OK",54890
55073001700,"Hatley, WI",54890
26099261300,"Warren Woods, Warren, MI",54889
34015501301,"Pitman, NJ",54889
48439105406,"Fort Worth, TX",54887
53061042003,"Edmonds, WA",54887
18003010304,"Fort Wayne, IN",54887
48091310701,"New Braunfels, TX",54884
42101034701,"Northeast Philadelphia, Philadelphia, PA",54883
6073017033,"Rancho Peñasquitos, San Diego, CA",54880
51041100208,"Richmond, VA",54880
6037408505,"Hacienda Heights, CA",54879
12086019100,"Miami, FL",54878
17089853900,"Aurora, IL",54877
6065042207,"Canyon Crest, Riverside, CA",54872
8005005635,"Centennial, CO",54871
56005000300,"Gillette, WY",54870
55133202400,"Seitz Estates, Waukesha, WI",54870
53061051925,"Canyon Park, Bothell, WA",54867
27053025801,"West Bloomington, Bloomington, MN",54867
21067002400,"Southern Heights, Lexington, KY",54865
15003008909,"Mililani, HI",54864
6075011902,"Lower Nob Hill, San Francisco, CA",54864
36001013703,"Albany, NY",54863
6073017200,"Del Mar, CA",54862
40027201610,"South Oklahoma City, Oklahoma City, OK",54861
6073017109,"Carlsbad, CA",54861
6001440304,"Union City, CA",54859
26081014602,"Byron Center, MI",54859
18051050200,"Fort Branch, IN",54858
25009201100,"Nahant, MA",54858
17031110100,"Jefferson Park, Chicago, IL",54857
25027737300,"Millbury, MA",54857
39025040401,"Camp Dennison, OH",54856
6059110109,"Cypress, CA",54854
53033025602,"Renton, WA",54853
35001003731,"North Albuquerque Acres, Albuquerque, NM",54851
19121060100,"Winterset, IA",54850
19153010405,"Urbandale, IA",54850
9009346102,"Oxford, CT",54849
6001433400,"Heron Bay, San Leandro, CA",54848
48113019020,"Holford, Garland, TX",54847
9001081300,"Stratford, CT",54845
34007604400,"Collingswood, NJ",54843
36001013506,"Latham, NY",54843
8059011728,"Carmody, Lakewood, CO",54840
29047021401,"Liberty, MO",54840
36081062900,"Queens County, NY",54838
6111007613,"Moorpark, CA",54836
26163556300,"Livonia, MI",54834
6037403407,"Valle Lindo, Walnut, CA",54832
17115002901,"Forsyth, IL",54831
44001030400,"Barrington, RI",54831
25027712102,"Lunenburg, MA",54831
17031812900,"Oak Park, IL",54830
6001440333,"Union City, CA",54830
34031264101,"Woodland Park, NJ",54830
34017001201,"The Heights, Jersey City, NJ",54828
36103159412,"Manorville, NY",54826
45019004902,"Isle of Palms, SC",54826
48201340700,"Clear Lake, Houston, TX",54823
49035112817,"Draper, UT",54820
12011042301,"Lauderdale Harbours, Fort Lauderdale, FL",54819
24005492002,"Parkville, MD",54818
36081013000,"Queens County, NY",54817
19139050600,"Muscatine, IA",54815
19153010102,"Bondurant, IA",54814
48149970100,"Round Top, TX",54814
21037051901,"Alexandria, KY",54814
13067030238,"Powder Springs, GA",54812
27163071001,"Woodbury, MN",54811
55025012001,"Cottage Grove, WI",54808
42011011703,"Morgantown, PA",54806
17119403532,"Troy, IL",54805
21037052002,"California, KY",54804
39085205100,"Painesville, OH",54803
6037651302,"Riviera, Torrance, CA",54803
31055006703,"West Omaha, Omaha, NE",54802
48085031317,"Murphy, TX",54802
42125771200,"Finleyville, PA",54801
34041031601,"Belvidere, NJ",54800
34019011600,"Stockton, NJ",54799
39035170102,"Lyndhurst, OH",54799
12057011303,"Tampa, FL",54798
42071012700,"East Earl, PA",54796
33015100400,"Salem, NH",54796
26163556900,"Livonia, MI",54795
8087000200,"Wiggins, CO",54793
53033003500,"Northwest Seattle, Seattle, WA",54793
31055007409,"West Omaha, Omaha, NE",54791
9005303100,"Morris, CT",54791
49035112820,"Draper, UT",54791
12011040504,"East Fort Lauderdale, Fort Lauderdale, FL",54791
36081077904,"Queens County, NY",54790
42003429100,"Pittsburgh, PA",54789
51600300400,"Fairfax, VA",54788
9009194201,"Madison, CT",54785
40143007515,"Broken Arrow, OK",54784
40073958400,"Okarche, OK",54783
47165021006,"Hendersonville, TN",54780
25009210600,"South Peabody, Peabody, MA",54779
48453001778,"Lakeway, TX",54778
9001042800,"Norwalk, CT",54778
53033023500,"Woodridge, Bellevue, WA",54778
27053010600,"Fulton, Minneapolis, MN",54778
33013031001,"Bow, NH",54777
6113010509,"Covell Park, Davis, CA",54777
13051011004,"Savannah, GA",54776
55073001900,"Marathon City, WI",54776
55009020900,"Green Bay, WI",54776
19015020600,"Woodward, IA",54774
36061031703,"Lower Manhattan, New York, NY",54773
31153010615,"La Vista, NE",54773
13067030218,"Kennesaw, GA",54772
42017104703,"Doylestown, PA",54772
18163010600,"Westside, Evansville, IN",54772
17143003800,"Princeville, IL",54771
39085202700,"Blackbrook Golfview Estates, Mentor, OH",54770
27037060811,"Apple Valley, MN",54770
42017104800,"Doylestown, PA",54769
32031003508,"Sparks, NV",54768
6071004503,"San Bernardino, CA",54767
53005010810,"South Richland, Richland, WA",54764
24009860703,"Prince Frederick, MD",54763
9009166002,"Hamden, CT",54762
21117064600,"Lakeside Park, KY",54762
48201421000,"Southwest Houston, Bellaire, TX",54762
48201251501,"Kingwood, Houston, TX",54761
19103010100,"Solon, IA",54759
6037137301,"Woodland Hills, Los Angeles, CA",54758
48085031508,"Allen, TX",54758
1117030303,"Birmingham, AL",54757
18057110810,"Fishers, IN",54756
27053111500,"Tangletown, Minneapolis, MN",54755
34007606300,"Haddonfield, NJ",54755
36103159203,"East Patchogue, NY",54755
40109108316,"Northwest Oklahoma City, Edmond, OK",54755
6071001903,"Chino, CA",54754
6029002818,"Laurel Glen, Bakersfield, CA",54754
42029306700,"Landenberg, PA",54754
17031804308,"Schaumburg, IL",54752
26125132100,"Milford, Milford Charter Township, MI",54751
6085502909,"Hammer, San Jose, CA",54751
39035182104,"Seven Hills, OH",54751
9003497600,"West Hartford, CT",54750
18097321800,"Meridian-Kessler, Indianapolis, IN",54749
26163558100,"Livonia, MI",54748
34003030400,"Lodi, NJ",54748
26139022106,"Holland, MI",54748
34039033100,"Union, NJ",54746
6037920043,"Los Angeles County, CA",54746
26163558400,"Livonia, MI",54746
49029970200,"Morgan, UT",54744
33015107500,"Greenland, NH",54740
27041450702,"Alexandria, MN",54740
8013013207,"Longmont, CO",54739
38097970300,"Hillsboro, ND",54739
41067031509,"Bethany, Portland, OR",54738
15003000112,"Hawaii Kai, Honolulu, HI",54738
40043959200,"Vici, OK",54738
39017011128,"Beckett Ridge, OH",54737
26099224000,"Macomb, MI",54737
27171101100,"Montrose, MN",54736
55039041800,"Waupun, WI",54733
18089040401,"Munster, IN",54730
34025808401,"Belmar, NJ",54728
36047028000,"Kings County, NY",54727
25005633100,"Rehoboth, MA",54727
26161425000,"Lawton, Ann Arbor, MI",54727
42017104902,"Jamison, PA",54724
39165031902,"Mason, OH",54723
36081059300,"Queens County, NY",54721
18003011205,"New Haven, IN",54720
42029301600,"Elverson, PA",54720
34003019104,"Fort Lee, NJ",54719
18057111102,"Carmel, IN",54717
6075031100,"Outer Mission, San Francisco, CA",54716
31109002400,"Country Club, Lincoln, NE",54714
27109001202,"Rochester, MN",54713
33013044200,"Hooksett, NH",54713
39061022400,"Cincinnati, OH",54712
34003041100,"Palisades Park, NJ",54711
6085505302,"Santa Clara, CA",54710
6037264103,"Brentwood, Los Angeles, CA",54710
38073969100,"Lisbon, ND",54709
26125157400,"West Bloomfield Township, MI",54709
13117130304,"Cumming, GA",54708
12011090502,"Emerald Hills, Hollywood, FL",54707
8035013910,"Parker, CO",54707
20091053509,"Southdowns, Olathe, KS",54706
36071014201,"Monroe, NY",54706
31151960900,"Wilber, NE",54703
42017102300,"Perkasie, PA",54702
54033032102,"Bridgeport, WV",54702
53053073500,"Edgewood, WA",54701
6037269300,"Cheviot Hills, Los Angeles, CA",54701
24021751801,"New Market, MD",54701
48113019037,"Richardson, TX",54701
17203030400,"Metamora, IL",54700
36029007304,"Grand Island, NY",54700
36119014704,"Mohegan Lake, NY",54700
12071001802,"Fort Myers, FL",54699
19153010101,"Elkhart, IA",54696
42017101401,"Feasterville-Trevose, PA",54696
48135002503,"Esmond Estates, Odessa, TX",54695
26099230602,"Sterling Heights, MI",54694
36119000701,"Northwest Yonkers, Yonkers, NY",54694
17075950700,"Buckley, IL",54693
24003731202,"Pasadena, MD",54692
37183053525,"Trappers Run, Cary, NC",54692
26163563900,"Canton, MI",54691
55073002000,"Stratford, WI",54689
19049050807,"Waukee, IA",54689
34023008503,"Dayton, South Brunswick Township, NJ",54689
17027900100,"Trenton, IL",54689
48201455200,"West Memorial, Katy, TX",54688
8035014506,"Castle Rock, CO",54687
18097380902,"Perry Township, Indianapolis, IN",54686
6029003806,"Bakersfield, CA",54683
18097320106,"Washington Township, Indianapolis, IN",54683
48453001846,"Northwood, Austin, TX",54682
4013107900,"Camelback East Village, Phoenix, AZ",54682
8069001806,"Loveland, CO",54682
30059000100,"White Sulphur Springs, MT",54679
42071010300,"Manheim, PA",54676
6037800331,"Westlake Village, CA",54676
9009352000,"Waterbury, CT",54674
48157675700,"Needville, TX",54673
48085031316,"Richardson, TX",54673
6075040100,"Inner Richmond, San Francisco, CA",54673
37119005842,"Provincetowne, Charlotte, NC",54672
6037101300,"Tujunga, Los Angeles, CA",54672
34021003001,"Robbinsville, NJ",54672
25017321400,"Marlborough, MA",54671
34023007202,"Parlin, Sayreville, NJ",54671
6073017055,"Carmel Mountain Ranch, San Diego, CA",54671
6071010901,"Lake Arrowhead, CA",54669
36061007900,"Lower Manhattan, New York, NY",54668
49057210505,"Ogden, UT",54666
27123042601,"North Saint Paul, MN",54665
21067004005,"Lexington, KY",54663
36047043400,"Kings County, NY",54660
48085031407,"Lucas, TX",54659
26125127000,"Clarkston, MI",54658
51085320500,"Ashland, VA",54656
37119005838,"Ballantyne West, Charlotte, NC",54656
19155021400,"Honey Creek, IA",54654
48085030303,"Lakes of La Cima, Prosper, TX",54654
34041032102,"Stewartsville, NJ",54654
48085031807,"Dallas North Estates, Plano, TX",54653
6055200706,"Napa, CA",54652
36061012400,"Lenox Hill, New York, NY",54652
34023007203,"Parlin, Sayreville, NJ",54651
34023001100,"Highland Park, NJ",54650
31025965800,"Ashland, NE",54650
36047024800,"Kings County, NY",54649
15003000110,"Hawaii Kai, Honolulu, HI",54649
13089021215,"Perimeter Center, Dunwoody, GA",54648
17031031400,"Uptown, Chicago, IL",54647
6019005503,"Fresno, CA",54646
4013216848,"North Scottsdale, Scottsdale, AZ",54645
48201421800,"Southwest Houston, Houston, TX",54645
36011040700,"Auburn, NY",54644
6037194500,"Central LA, Los Angeles, CA",54643
6085504411,"North San Jose, San Jose, CA",54643
9009175700,"Wallingford, CT",54643
18089043403,"Lowell, IN",54641
6037920334,"Santa Clarita, CA",54641
34039035700,"Rahway, NJ",54640
27003050610,"Coon Rapids, MN",54639
53061052504,"Lake Stevens, WA",54639
39061021002,"Cincinnati, OH",54639
24025303101,"Bel Air, MD",54638
34003057200,"Wallington, NJ",54635
48329000302,"Midland, TX",54635
6073017052,"Rancho Bernardo, San Diego, CA",54635
34037374700,"Hopatcong, NJ",54633
36081062100,"Queens County, NY",54633
37067003906,"Winston-Salem, NC",54633
12086007902,"Miami, FL",54633
19049050803,"Waukee, IA",54633
6001404900,"Glenview, Oakland, CA",54630
25023561200,"Bridgewater, Bridgewater, MA",54630
48121021718,"Lantana, TX",54628
17031770400,"Elk Grove Village, IL",54627
29189217400,"Brentwood, MO",54626
18011810603,"Zionsville, IN",54624
6001451602,"Livermore, CA",54622
25021400500,"Aspinwall Hill, Brookline, MA",54622
36047018200,"Kings County, NY",54622
21111010309,"Louisville, KY",54621
12095015602,"Maitland, FL",54620
4013116715,"Ahwatukee Foothills Village, Phoenix, AZ",54620
36029010901,"Buffalo, NY",54620
17043843302,"Lombard, IL",54620
39055311800,"Chagrin Falls, OH",54620
26125120300,"Leonard, MI",54619
9009125100,"Ansonia, CT",54617
25017301101,"Townsend, Townsend, MA",54617
42091202302,"Elkins Park, PA",54615
49057210201,"Ogden, UT",54614
31027977100,"Hartington, NE",54613
22051020201,"Metairie, LA",54613
48199030501,"Lumberton, TX",54610
20121100400,"Louisburg, KS",54609
42017105510,"Yardley, PA",54608
42045401101,"Drexel Hill, Upper Darby, PA",54607
25009205400,"Lynn, MA",54606
51059420201,"Alexandria, VA",54606
48361022300,"Bridge City, TX",54604
9003511000,"East Hartford, CT",54604
55025011600,"Sun Prairie, WI",54603
55087012602,"Hortonville, WI",54603
25009252601,"Methuen, MA",54603
55133203200,"Lakeside Conservancy, Pewaukee, WI",54603
17163501605,"Belleville, IL",54603
26163558700,"Livonia, MI",54602
17031804505,"Bartlett, IL",54601
24005407002,"Parkton, MD",54600
27003051001,"Spring Lake Park, MN",54600
48453001757,"Cherry Hill Park, Austin, TX",54598
49043964201,"Kamas, UT",54598
17197880414,"Joliet, IL",54597
36055011902,"Fairport, NY",54596
53033022202,"Inglewood-Finn Hill, Kirkland, WA",54596
27123034900,"Merriam Park, Saint Paul, MN",54596
8005005624,"Littleton, CO",54594
32003003312,"Las Vegas, NV",54594
6097151100,"Petaluma, CA",54592
24017850712,"White Plains, MD",54592
26099225500,"Shelby charter Township, MI",54592
47065012000,"Lookout Mountain, TN",54590
17111871301,"Crystal Lake, IL",54589
9009170500,"Meriden, CT",54589
6041101200,"Novato, CA",54588
19009070200,"Audubon, IA",54587
42101033600,"Northeast Philadelphia, Philadelphia, PA",54583
6041127000,"Mill Valley, CA",54583
19085290500,"Logan, IA",54583
27119020300,"East Grand Forks, MN",54582
6059063009,"East Bluff, Newport Beach, CA",54580
24005408900,"Cockeysville, MD",54578
6019004302,"Fresno, CA",54578
20091053011,"Eastbrooke, Olathe, KS",54578
36087011405,"New City, NY",54578
51085320701,"Ashland, VA",54577
6073019809,"Ocean Hills, Oceanside, CA",54577
5119003712,"Indian Hills, North Little Rock, AR",54577
55079185300,"Wauwatosa, WI",54577
42007600602,"Beaver Falls, PA",54576
39095008902,"Waterville, OH",54576
42129807000,"Mount Pleasant, PA",54576
27037061502,"Northfield, MN",54576
31055007439,"Northwest Omaha, Omaha, NE",54574
36047076800,"Kings County, NY",54573
27053105201,"Central Minneapolis, Minneapolis, MN",54571
49035111103,"Murray, UT",54571
26163557100,"Livonia, MI",54570
26145011200,"Reese, MI",54570
37179021011,"Wesley Chapel Village Commons, Wesley Chapel, NC",54569
36061007500,"Lower Manhattan, New York, NY",54567
49057210303,"Ogden, UT",54567
36091062405,"Saratoga County, NY",54565
53033025702,"Renton, WA",54563
39037500100,"Rossburg, OH",54563
48121020310,"Denton, TX",54562
27053026910,"Dayton, MN",54561
42125746200,"McMurray, PA",54560
17031824507,"Tinley Park, IL",54556
51153901228,"Dale City, VA",54556
48381021802,"Canyon, TX",54553
53061052003,"Bothell, WA",54550
42129806400,"Scottdale, PA",54549
34025811600,"Farmingdale, NJ",54546
22005030500,"Saint Amant, LA",54545
8059009815,"Cameo Estates, Arvada, CO",54544
24009860600,"Huntingtown, MD",54544
41067031814,"Sexton Mountain, Beaverton, OR",54543
36061001501,"Lower Manhattan, New York, NY",54543
20091052303,"Shawnee, KS",54543
9001010900,"Riverside, Greenwich, CT",54542
24033800800,"Upper Marlboro, MD",54542
51059452801,"Alexandria, VA",54542
17043840904,"Glendale Heights, IL",54539
36047043600,"Kings County, NY",54537
53033022802,"Grass Lawn, Redmond, WA",54536
51087200129,"Glen Allen, VA",54535
39035153106,"Fairview Park, OH",54534
53053073110,"Puyallup, WA",54533
18039001300,"Goshen, IN",54533
42075002800,"Myerstown, PA",54533
8123002018,"Frederick, CO",54532
42043021901,"Harrisburg, PA",54532
17197880901,"Lockport, IL",54531
6067009622,"Elk Grove, CA",54530
42041011601,"Mechanicsburg, PA",54530
49049000601,"Lindon, UT",54528
17043846002,"Downers Grove, IL",54527
22019001904,"Lake Charles, LA",54526
17031110300,"Jefferson Park, Chicago, IL",54525
55009010100,"De Pere, WI",54525
34023008406,"Kendall Park, South Brunswick Township, NJ",54525
25009210400,"Peabody, MA",54524
24031704806,"Bethesda, MD",54524
42107001100,"Pitman, PA",54524
42071012404,"Ephrata, PA",54523
6085510600,"Barron Park, Palo Alto, CA",54523
48245011500,"Beaumont, TX",54523
42017102500,"Sellersville, PA",54521
6111005910,"Newbury Park, Thousand Oaks, CA",54521
26163564300,"Canton, MI",54521
39137030200,"Continental, OH",54520
25017373100,"Newton Corner, Newton, MA",54519
8019014700,"Clear Creek County, CO",54518
17067953700,"La Harpe, IL",54517
36029009116,"Buffalo, NY",54515
48453001771,"Lakeway, TX",54514
27125010200,"Red Lake Falls, MN",54512
53061052108,"Snohomish, WA",54512
41005020200,"Country Club - North Shore, Lake Oswego, OR",54511
36103122707,"Deer Park, NY",54510
39035182105,"Seven Hills, OH",54510
25005632200,"Seekonk, MA",54510
38071957700,"Devils Lake, ND",54510
25017316400,"North Billerica, Billerica, MA",54509
6001444601,"Newark, CA",54508
10003011000,"Wilmington, DE",54507
19169000100,"Ames, IA",54505
36055011703,"Fairport, NY",54504
48201554001,"Spring, TX",54503
36061014602,"Upper East Side, New York, NY",54502
51683910201,"Manassas, VA",54501
26161404300,"Dicken, Ann Arbor, MI",54500
51107611015,"Ashburn, VA",54498
6067009617,"Elk Grove, CA",54498
18003010306,"Huntertown, IN",54497
27109001800,"Byron, MN",54496
28089030206,"Ridgeland, MS",54495
6083003007,"Goleta, CA",54491
25009253100,"North Andover, MA",54490
42101031502,"Mayfair, Philadelphia, PA",54490
34019010600,"Alexandria, NJ",54486
17073030201,"Orion, IL",54485
42101033102,"Holmesburg, Philadelphia, PA",54482
48097000900,"Valley View, TX",54482
48201350300,"Southbelt/ Ellington, Houston, TX",54481
6073016609,"Santee, CA",54480
36029010807,"Buffalo, NY",54480
6071000108,"Chino Hills, CA",54479
39035155102,"Highland Heights, OH",54479
39165032006,"Loveland, OH",54478
36047027800,"Kings County, NY",54478
47187050102,"Nolensville, TN",54477
25017317301,"North Chelmsford, Chelmsford, MA",54476
4013813200,"Chandler, AZ",54474
51153901012,"Montclair, VA",54473
8035014005,"Parker, CO",54471
27037060828,"Apple Valley, MN",54471
20131480100,"Sabetha, KS",54471
48201420300,"Southwest Houston, Houston, TX",54470
40143007636,"Bixby, OK",54464
29165030208,"Weatherby Lake, MO",54463
9007542200,"Middletown, CT",54462
55101002702,"Waterford, WI",54462
6085510801,"Palo Verde, Palo Alto, CA",54461
25017316500,"North Billerica, Billerica, MA",54460
27037060906,"Farmington, MN",54459
38015010400,"Bismarck, ND",54458
25025020200,"Beacon Hill, Boston, MA",54457
6059099246,"Huntington Beach, CA",54457
17097861509,"Gurnee, IL",54456
8059009806,"Applewood West, Golden, CO",54455
49057210100,"Eden, UT",54455
36103158804,"Patchogue, NY",54453
30091090400,"Antelope, MT",54453
17197884006,"Wilmington, IL",54452
51550021011,"Great Bridge, Chesapeake, VA",54452
20091053712,"Gardner, KS",54451
51041101003,"Moseley, VA",54451
48339690700,"College Park, Conroe, TX",54450
27119020400,"East Grand Forks, MN",54450
25021413500,"Norwood, MA",54447
48139060210,"Waxahachie, TX",54447
29047021003,"Kansas City, MO",54446
40145030800,"Coweta, OK",54446
39035190503,"Cuyahoga County, OH",54445
6059099513,"Sunset Beach, Huntington Beach, CA",54443
9003460302,"Unionville, Farmington, CT",54440
15003007503,"Aiea, HI",54438
36061013800,"Upper East Side, New York, NY",54438
36119010400,"Dobbs Ferry, NY",54437
45045003008,"Simpsonville, SC",54436
55025012700,"Mount Horeb, WI",54436
27037060904,"Farmington, MN",54435
25027755200,"Dudley, MA",54435
6037267200,"West Los Angeles, Los Angeles, CA",54435
51107611002,"Ashburn, VA",54435
29183311203,"St. Peters, MO",54435
37067002601,"Winston-Salem, NC",54433
36047039600,"Kings County, NY",54433
6081602600,"Westborough, South San Francisco, CA",54432
5119004212,"Little Rock, AR",54431
42077006102,"Allentown, PA",54430
9003492100,"Wethersfield, CT",54429
27163070911,"Oakdale, MN",54428
4013082027,"Roosevelt Park, Avondale, AZ",54426
6059063008,"Newport Center, Newport Beach, CA",54425
18097330105,"Indianapolis, IN",54422
20173009503,"Wichita, KS",54421
10003011204,"Wilmington, DE",54421
6073017110,"Encinitas, CA",54420
26093713100,"Hartland, MI",54419
39061004900,"Hyde Park, Cincinnati, OH",54417
42003488500,"Pittsburgh, PA",54417
6085502901,"Cambrian Community, San Jose, CA",54417
32031002208,"Reno, NV",54415
49057210504,"Hooper, UT",54415
8001008545,"Thornton, CO",54415
6059032048,"Mission Viejo, CA",54412
19169010500,"Zearing, IA",54411
51013101300,"Bluemont, Arlington, VA",54408
37135012201,"Chapel Hill, NC",54407
8005084000,"Mission Viejo, Aurora, CO",54407
27131070503,"Northfield, MN",54407
39035186104,"Strongsville, OH",54407
42011013600,"Fleetwood, PA",54406
25023510600,"Brockton, MA",54405
53033032008,"Maple Valley, WA",54405
17097861510,"Gurnee, IL",54404
8077001404,"Grand Junction, CO",54404
6073017403,"Encinitas, CA",54403
34035052001,"North Plainfield, NJ",54401
11001006500,"Southeast Washington, Washington, DC",54401
21015070313,"Florence, KY",54399
17031160200,"Old Irving Park, Chicago, IL",54397
8035014136,"Littleton, CO",54394
13135050528,"Lawrenceville, GA",54390
36091061600,"Ballston Lake, NY",54389
9005310400,"Torrington, CT",54389
18063210603,"Avon, IN",54389
25021456102,"Stoughton, MA",54389
19017004100,"Waverly, IA",54388
48251131000,"Cleburne, TX",54388
24005491701,"Parkville, MD",54387
6085510300,"North Los Altos, Los Altos, CA",54385
49049001107,"Orem North, Orem, UT",54384
6059011707,"Fullerton, CA",54383
6065045214,"Bermuda Dunes, CA",54383
42101033101,"Holmesburg, Philadelphia, PA",54382
42011010304,"Leesport, PA",54381
8035014138,"Highlands Ranch, CO",54381
27109001402,"Rochester, MN",54380
29095008300,"Plaza Area, Kansas City, MO",54380
36005015200,"Bronx County, NY",54380
49049001504,"Pleasant View, Provo, UT",54379
12011020318,"The Isles, Coral Springs, FL",54379
34023007303,"Parlin, Sayreville, NJ",54379
42133021720,"York, PA",54379
42003526302,"Holiday Park, Plum, PA",54378
36067016502,"Marcellus, NY",54378
36059406201,"West Hempstead, NY",54378
48285000200,"Hallettsville, TX",54378
51153901225,"Woodbridge, VA",54376
29095014112,"Grain Valley, MO",54373
37183054007,"North Raleigh, Raleigh, NC",54372
36081001200,"Queens County, NY",54371
6073021800,"Coronado, CA",54371
21015070309,"Union, KY",54370
6001451503,"Livermore, CA",54368
25001014800,"Falmouth, MA",54368
36103124300,"West Babylon, NY",54367
8013013004,"Louisville, CO",54366
46067968700,"Parkston, SD",54366
22109001700,"Houma, LA",54366
25009211200,"Danvers, MA",54366
48453001738,"Austin, TX",54365
15003000500,"Waialae - Kahala, Honolulu, HI",54364
6095252103,"Vallejo, CA",54364
37179021006,"Waxhaw, NC",54363
36055011708,"Fairport, NY",54363
29047021103,"Kansas City, MO",54361
9009161100,"Bethany, CT",54359
34005703700,"Shamong, NJ",54357
12086000131,"Aventura, FL",54356
25017373400,"Newtonville, Newton, MA",54355
51085320900,"Mechanicsville, VA",54354
36103123401,"Lindenhurst, NY",54352
12099004902,"Lake Worth, FL",54352
9001110202,"Shelton, CT",54352
33011002702,"Goffstown, NH",54352
45063021114,"Columbia, SC",54352
6073017047,"Scripps Ranch, San Diego, CA",54352
6059099245,"Huntington Beach, CA",54351
48085030507,"Hillcrest Estates, Frisco, TX",54350
55139001900,"Oshkosh, WI",54350
40143006707,"Jenks, OK",54350
24031702900,"Silver Spring, MD",54350
27171101300,"Cokato, MN",54349
19121060300,"Winterset, IA",54348
17113005502,"Le Roy, IL",54347
53033032602,"Snoqualmie Ridge, Snoqualmie, WA",54347
9005360100,"Watertown, CT",54346
6037301000,"Woodbury, Glendale, CA",54345
24021751001,"Frederick, MD",54343
12086008207,"Palmetto Bay, FL",54343
49049010503,"Spanish Fork, UT",54343
40027201802,"South Oklahoma City, Oklahoma City, OK",54342
6065042208,"Canyon Crest, Riverside, CA",54338
36081071303,"Queens County, NY",54335
42045409602,"Bryn Mawr, PA",54335
48085031406,"Allen, TX",54333
42017105600,"Yardley, PA",54333
48453001919,"Pickwick Park, West Lake Hills, TX",54330
25017364102,"Maynard, MA",54330
27053021602,"Golden Valley, MN",54329
36103145808,"Ronkonkoma, NY",54328
17031550200,"South Side, Chicago, IL",54327
17135957500,"Waggoner, IL",54326
48439113207,"North Richland Hills, TX",54326
25023522101,"Hanson, Hanson, MA",54326
9009190301,"Guilford, CT",54325
24021752202,"Frederick, MD",54325
26163576700,"Allen Park, MI",54324
37119002904,"Olde Providence North, Charlotte, NC",54324
25021400400,"Corey Hill, Brookline, MA",54323
27145011500,"Sauk Centre, MN",54322
48201450600,"Energy Corridor, Houston, TX",54320
51107610504,"Leesburg, VA",54320
4013422507,"Spinnaker Bay, Gilbert, AZ",54319
13135050217,"Duluth, GA",54318
25025130404,"West Roxbury, Boston, MA",54317
17031080202,"Gold Coast, Chicago, IL",54316
29047021900,"Smithville, MO",54316
49049010404,"Spanish Fork, UT",54315
51041100821,"Chesterfield, VA",54315
19155031602,"Council Bluffs, IA",54315
25027732201,"Lake Park, Worcester, MA",54314
25027747102,"Blackstone, MA",54314
48091310901,"New Braunfels, TX",54314
42071010202,"Ephrata, PA",54314
34001010900,"Hammonton, NJ",54312
22057020800,"Thibodaux, LA",54311
34017012600,"Kearny, NJ",54311
12099005937,"Delray Beach, FL",54308
47165020501,"Gallatin, TN",54306
49049010216,"Lehi, UT",54305
42091206600,"Schwenksville, PA",54305
48121021633,"Northeast Carrollton, Carrollton, TX",54305
29189219700,"Affton, MO",54304
22023970100,"Lake Charles, LA",54303
53033029902,"Auburn, WA",54301
6041108100,"San Rafael, CA",54300
42011010802,"Sinking Spring, PA",54299
26163595200,"Riverview, MI",54297
17203030601,"Eureka, IL",54296
25021419400,"Braintree, MA",54296
26139024400,"Allendale, Allendale Charter Township, MI",54296
53033009600,"North Admiral, Seattle, WA",54292
8035014602,"Franktown, CO",54291
36103158709,"Yaphank, NY",54291
18081610606,"Greenwood, IN",54290
20055960404,"Garden City, KS",54289
42071013503,"Lancaster, PA",54288
6081610000,"Mount Carmel, Redwood City, CA",54287
19031450300,"Tipton, IA",54287
8013013205,"Longmont, CO",54286
13135050415,"Lilburn, GA",54285
49035113007,"South Jordan, UT",54285
13121011412,"Roswell, GA",54284
17111870902,"Woodstock, IL",54283
9003497300,"West Hartford, CT",54281
48121021725,"Flower Mound, TX",54281
36119013400,"Ossining, NY",54279
48121021304,"Denton, TX",54278
8014031100,"Broomfield, CO",54278
55087012100,"Kaukauna, WI",54278
48453001603,"Old West Austin, Austin, TX",54277
48179950300,"Pampa, TX",54275
36005029500,"Bronx County, NY",54274
49049000708,"Northridge, Orem, UT",54271
8031003800,"East, Denver, CO",54270
25023508102,"Pembroke, MA",54270
6077004104,"Lodi, CA",54270
27025110600,"Lindstrom, MN",54267
48029191806,"Far North Central, San Antonio, TX",54267
4013814000,"Springfield Lakes, Chandler, AZ",54265
27045960400,"Preston, MN",54265
19055950400,"Delhi, IA",54264
27085950600,"Glencoe, MN",54264
51075400100,"Kinloch, Manakin-Sabot, VA",54263
6081612500,"Menlo Park, CA",54262
31003979800,"Elgin, NE",54262
55109120400,"Somerset, WI",54260
36093031900,"Schenectady County, NY",54260
39153530108,"Twinsburg, OH",54259
38093967000,"Buchanan, ND",54259
55087013100,"Seymour, WI",54259
6111007903,"Simi Valley, CA",54258
39035184106,"Solon, OH",54257
36081057700,"Queens County, NY",54256
37119002002,"Sherwood Forest, Charlotte, NC",54256
18057111004,"Woodland Springs, Carmel, IN",54255
48113019031,"Garland, TX",54254
39057210603,"Xenia, OH",54254
17043841401,"West Chicago, IL",54253
6059042311,"San Juan Capistrano, CA",54253
6055201602,"Saint Helena, CA",54251
46023970100,"Platte, SD",54250
6037901213,"Palmdale, CA",54250
48201551400,"Independence Grove, Houston, TX",54250
36119014605,"Croton-on-Hudson, NY",54249
36065023501,"Whitesboro, NY",54249
6061023700,"Lincoln, CA",54248
39049006323,"White Cliffs, Columbus, OH",54248
34025800602,"Port Monmouth, Middletown, NJ",54247
36055012304,"Pittsford, NY",54247
26099231800,"Sterling Heights, MI",54244
42095016300,"Catasauqua, PA",54244
40003955600,"Cherokee, OK",54244
29189213102,"Bridgeton, MO",54242
22109000402,"Houma, LA",54240
8069001709,"Loveland, CO",54237
25025040100,"Charlestown, Boston, MA",54237
53033006700,"Queen Anne, Seattle, WA",54237
56013000400,"Dubois, WY",54237
6073008361,"La Jolla, San Diego, CA",54237
6029003810,"Country Rose, Bakersfield, CA",54236
18081610604,"Greenwood, IN",54236
1073012914,"Vestavia Hills, AL",54236
9003515102,"Manchester, CT",54236
36047061002,"Kings County, NY",54236
22059970300,"Jena, LA",54236
6013384000,"El Cerrito, CA",54235
36047055200,"Kings County, NY",54235
8031005502,"Fort Logan, Denver, CO",54234
9009175600,"Wallingford, CT",54234
31055007512,"Elkhorn, Omaha, NE",54234
27053025601,"West Bloomington, Bloomington, MN",54233
39113010100,"Dayton, OH",54233
42101036303,"Northeast Philadelphia, Philadelphia, PA",54232
42019911600,"Butler, PA",54232
36081055600,"Queens County, NY",54229
6037481800,"Alhambra, CA",54229
34025810002,"Manalapan Township, NJ",54228
22085000700,"Many, LA",54228
53073010301,"Lynden, WA",54228
42133021802,"Hanover, PA",54227
29189216500,"Downtown Clayton, Clayton, MO",54225
42017102402,"Perkasie, PA",54223
29183311391,"St. Peters, MO",54222
37183053425,"Cary, NC",54222
12099007505,"Boca Raton, FL",54219
19181020100,"Des Moines, IA",54218
6013313205,"Pittsburg, CA",54218
42029300502,"Phoenixville, PA",54218
51800075102,"Suffolk, VA",54217
8013012709,"Gunbarrel, Boulder, CO",54216
36081122701,"Queens County, NY",54216
42063961700,"Homer City, PA",54215
17111870101,"Richmond, IL",54215
51683910301,"Manassas, VA",54215
6059099404,"Huntington Beach, CA",54214
25027740200,"Northborough, Northborough, MA",54213
38015011105,"Bismarck, ND",54210
37183053724,"Northwest Raleigh, Raleigh, NC",54210
6111005908,"Newbury Park, Thousand Oaks, CA",54210
8069001308,"Fort Collins, CO",54209
42017101404,"Feasterville-Trevose, PA",54208
42125745200,"Canonsburg, PA",54204
25015822603,"Westhampton, MA",54204
42071010801,"Elizabethtown, PA",54201
26099224600,"Macomb, MI",54200
8035014124,"Westridge, Highlands Ranch, CO",54199
38017001002,"Lincoln, Fargo, ND",54199
48085031505,"Allen, TX",54197
8013013003,"Lafayette, CO",54195
53053072407,"Gig Harbor, WA",54195
29189215142,"St. Louis, MO",54193
36079011700,"Brewster, NY",54193
34021003006,"Mercerville-Hamilton Square, Hamilton Township, NJ",54190
36103158509,"Selden, NY",54190
13121011613,"Alpharetta, GA",54190
12011042200,"Barrier Island, Fort Lauderdale, FL",54188
6017030801,"Rescue, CA",54188
55133203305,"Pewaukee, WI",54187
51085320702,"Mechanicsville, VA",54187
53061041301,"Mukilteo, WA",54186
15003011106,"Kailua, HI",54185
6073020706,"East Canyon, Escondido, CA",54185
48201341202,"Houston, TX",54185
18043071005,"New Albany, IN",54184
53061051917,"Bothell, WA",54183
19095960200,"Marengo, IA",54182
6073008310,"La Jolla, San Diego, CA",54180
51107611300,"Sterling, VA",54180
42129801001,"New Kensington, PA",54180
34025804800,"Tinton Falls, NJ",54180
42075003100,"Newmanstown, PA",54180
4013815600,"Highland, Gilbert, AZ",54179
42129803501,"North Huntingdon, PA",54179
24031700833,"Germantown, MD",54179
37183053410,"Cary Park, Cary, NC",54179
22093040700,"Vacherie, LA",54178
37183054016,"North Raleigh, Raleigh, NC",54177
25017321100,"Marlborough, MA",54176
40017301008,"Southwest Oklahoma City, Oklahoma City, OK",54176
17031020200,"West Ridge, Chicago, IL",54173
33011000102,"Manchester, NH",54173
27037060402,"South Saint Paul, MN",54173
29183311802,"O'Fallon, MO",54173
6085506802,"Cambrian, San Jose, CA",54172
18057110507,"Noblesville, IN",54167
26139023200,"Coopersville, MI",54167
27053024005,"Minneapolis, MN",54166
36061001502,"Lower Manhattan, New York, NY",54166
9013530500,"Vernon, CT",54166
36047018800,"Kings County, NY",54165
25005645103,"Swansea, MA",54165
26081010903,"Rockford, MI",54163
25009211100,"Danvers, MA",54163
25027713100,"Lancaster, MA",54163
4013812200,"Chandler, AZ",54162
48201552103,"Bonaire, Houston, TX",54161
8059012059,"Columbine Knolls, Littleton, CO",54161
6085512100,"Morgan Hill, CA",54161
6059011717,"Placentia, CA",54160
48029182003,"Northwest Side, San Antonio, TX",54160
26125128700,"Lake Orion, Orion charter Township, MI",54158
17111870810,"Crystal Lake, IL",54158
6071000804,"Upland, CA",54158
48201350602,"Heritage Park, Friendswood, TX",54158
6079011600,"San Luis Obispo, CA",54157
26125167800,"Farmington Hills, MI",54156
50007002602,"Essex Junction, Essex, VT",54154
4013116727,"Ahwatukee Foothills Village, Phoenix, AZ",54154
34021004406,"East Windsor, NJ",54153
36047004500,"Kings County, NY",54152
8005080400,"Dam East/West, Aurora, CO",54152
26125166900,"Farmington Hills, MI",54152
17031818800,"Brookfield, IL",54151
42041011605,"Mechanicsburg, PA",54151
41005020505,"Robinwood, West Linn, OR",54151
36103158108,"Centereach, NY",54150
55079005500,"Golden Valley, Milwaukee, WI",54150
6059110106,"Cypress, CA",54149
6075030101,"Inner Sunset, San Francisco, CA",54149
36029014501,"Depew, NY",54149
1117030331,"Birmingham, AL",54149
48325000102,"Castroville, TX",54148
19015020500,"Madrid, IA",54145
34017013100,"Kearny, NJ",54144
36067012400,"Camillus, NY",54144
32003005841,"Las Vegas, NV",54143
6037300701,"Glendale, CA",54143
25009204702,"Salem, MA",54142
6019005909,"Clovis, CA",54141
25005650202,"New Bedford, MA",54141
49011125804,"Layton, UT",54140
42091206007,"Eagleville, PA",54140
55025010800,"Verona, WI",54139
36005034500,"Bronx County, NY",54137
53057951300,"Sedro-Woolley, WA",54136
38015011001,"Bismarck, ND",54135
6001435900,"San Lorenzo, CA",54135
22051023901,"River Ridge, LA",54134
49035113013,"Riverton, UT",54133
12057014118,"Golf and Sea Village of Apollo Beach, Apollo Beach, FL",54133
26125127600,"Clarkston, MI",54133
6073017036,"Rancho Peñasquitos, San Diego, CA",54132
6067008501,"Briggs Ranch, Folsom, CA",54132
9003473601,"Windsor, CT",54131
34005700502,"Moorestown-Lenola, Moorestown, NJ",54128
18089042602,"Griffith, IN",54128
36053030501,"Cazenovia, NY",54128
9009351900,"Waterbury, CT",54128
39041011730,"Westerville, OH",54126
19019950300,"Jesup, IA",54126
46083010102,"Sioux Falls, SD",54126
36047069601,"Kings County, NY",54123
46117960100,"Fort Pierre, SD",54123
55079140202,"Greendale, WI",54123
34007608903,"Atco, NJ",54123
27037061009,"Rosemount, MN",54122
8031004106,"Northeast, Denver, CO",54122
25025000301,"Oak Square, Boston, MA",54122
47149041302,"Murfreesboro, TN",54122
37183052503,"Northwest Raleigh, Raleigh, NC",54122
39173020602,"Perrysburg, OH",54121
6001438204,"Tennyson - Alquire, Hayward, CA",54120
6059099407,"Huntington Beach, CA",54117
53061053700,"Arlington, WA",54117
6071011300,"Big Bear, CA",54117
42101021800,"Roxborough-Manayunk, Philadelphia, PA",54116
55133202902,"Westbrooke, Waukesha, WI",54116
48039660802,"Pearland, TX",54116
36079010500,"Carmel Hamlet, NY",54116
29183311322,"St. Peters, MO",54115
4013116728,"Ahwatukee Foothills Village, Phoenix, AZ",54114
26139024300,"Allendale, Allendale Charter Township, MI",54114
25023525203,"Bridgewater, MA",54113
32003005358,"Paradise Hills, Henderson, NV",54113
36029010808,"Cheektowaga, NY",54112
42101034803,"Northeast Philadelphia, Philadelphia, PA",54109
42045400600,"Upper Darby, PA",54107
6065051400,"Palm Desert, CA",54105
17063000102,"Minooka, IL",54104
17043841313,"Wayne, IL",54104
27037060727,"Eagan, MN",54103
36103190403,"Hampton Bays, NY",54102
49011126901,"Bountiful, UT",54101
17031821001,"Burbank, IL",54101
22071000612,"New Aurora, New Orleans, LA",54099
32003005318,"Green Valley South, Henderson, NV",54096
17043846102,"Lisle, IL",54093
6111005901,"Newbury Park, Thousand Oaks, CA",54092
18003010808,"Arlington Park, Fort Wayne, IN",54092
19113010100,"Coggon, IA",54091
9009348123,"Southbury, CT",54090
27109001501,"John Adams, Rochester, MN",54089
29051020200,"Jefferson City, MO",54088
6037138000,"Woodland Hills, Los Angeles, CA",54085
40109108530,"Northwest Oklahoma City, Oklahoma City, OK",54085
24009860300,"Sunderland, MD",54084
55025011200,"Steeplechase, Waunakee, WI",54084
34039033000,"Union, NJ",54084
51059420300,"Alexandria, VA",54083
24013514202,"Eldersburg, MD",54081
6085504323,"Berryessa, San Jose, CA",54080
40143006506,"Sand Springs, OK",54080
12021010213,"Naples, FL",54079
27003050223,"Ramsey, MN",54079
48201551300,"Cutten Green, Houston, TX",54079
19153011300,"Grimes, IA",54077
6037651101,"Torrance, CA",54077
40027201607,"Country Place, Oklahoma City, OK",54075
29183311903,"Lake Saint Louis, MO",54075
33011002902,"Bedford, NH",54071
42077006308,"Macungie, PA",54070
39049007952,"Riverplace, Columbus, OH",54070
17073030300,"Geneseo, IL",54069
26125157100,"West Bloomfield Township, MI",54068
6041121200,"Corte Madera, CA",54068
41051006802,"Bridlemile, Portland, OR",54067
6041109002,"San Rafael, CA",54067
55039041400,"Eldorado, WI",54065
6071002029,"Rancho Cucamonga, CA",54065
17031822102,"Oak Lawn, IL",54064
25027739300,"Shrewsbury, MA",54064
19105070100,"Monticello, IA",54063
25009212100,"Middleton, MA",54063
42029307700,"Cochranville, PA",54062
40017300802,"Northwest Oklahoma City, Yukon, OK",54062
34013017900,"West Orange, NJ",54062
6059032059,"Ladera Ranch, CA",54060
36055014503,"Rochester, NY",54059
6095250605,"Vallejo, CA",54059
8081000600,"Moffat County, CO",54057
17111870904,"Woodstock, IL",54056
6077004202,"Lodi, CA",54055
6037700200,"Central LA, West Hollywood, CA",54055
12081002017,"Bradenton, FL",54055
36065025300,"New Hartford, NY",54054
5119004900,"Little Rock, AR",54053
15003008923,"Waipahu, HI",54052
26139021500,"Georgetown Lakes, Georgetown Township, MI",54051
32003005715,"Anthem, Henderson, NV",54051
34023001413,"Edison, NJ",54050
39017011110,"Butler County, OH",54050
6037920044,"Santa Clarita, CA",54050
6095252201,"Fairfield, CA",54047
51013101403,"Virginia Square, Arlington, VA",54046
12095015802,"Winter Park, FL",54046
34025811101,"Adelphia, Freehold, NJ",54046
48113017812,"Country Meadow, Mesquite, TX",54046
31055007424,"North Central Omaha, Omaha, NE",54045
20083461100,"Jetmore, KS",54041
34023000608,"Society Hill, Piscataway Township, NJ",54039
55131420200,"West Bend, WI",54039
18127050603,"Valparaiso, IN",54038
6037577400,"Belmont Shore, Long Beach, CA",54037
25017327103,"Pepperell, MA",54035
4013610900,"Peoria, AZ",54034
9005310602,"Torrington, CT",54034
27123034201,"Core, Saint Paul, MN",54033
24005490301,"Towson, MD",54033
53033006600,"South Lake Union, Seattle, WA",54032
31109003706,"Lincoln, NE",54032
36081077300,"Queens County, NY",54031
8059009830,"West Westminster, Westminster, CO",54031
48439113812,"Keller, TX",54030
17113005400,"Heyworth, IL",54030
27055020200,"Hokah, MN",54030
53033025101,"Renton, WA",54029
25027735100,"Leicester, MA",54029
27003050605,"Minneapolis, MN",54028
6037408626,"Rowland Heights, CA",54027
6059032049,"Rancho Santa Margarita, CA",54027
36081056700,"Queens County, NY",54026
17091010201,"Manteno, IL",54026
51107611204,"Sterling, VA",54026
27059130302,"Cambridge, MN",54025
48201555303,"Tomball, TX",54025
17163504355,"O'Fallon, IL",54025
42133021220,"York, PA",54024
48199030200,"Sour Lake, TX",54024
26125130700,"White Lake, White Lake charter Township, MI",54023
20157978200,"Scandia, KS",54021
17031810800,"Elmwood Park, IL",54021
17031810900,"Elmwood Park, IL",54021
55025000408,"Madison, WI",54020
25009221300,"Gloucester, MA",54017
17043846003,"Lisle, IL",54016
26161422200,"Saline, MI",54016
8081000300,"Craig, CO",54016
31055006904,"South Central Omaha, Omaha, NE",54015
17031809900,"Evanston, IL",54015
45063021203,"Chapin, SC",54013
34023008605,"Princeton Meadows, NJ",54011
18039000900,"Goshen, IN",54009
42041011302,"Cumberland County, PA",54008
34027043301,"Morristown, NJ",54008
42003140200,"Squirrel Hill North, Pittsburgh, PA",54007
34029722100,"Toms River, NJ",54007
12103024509,"Clearwater, FL",54007
55025011401,"Madison, WI",54006
26161432000,"Manchester, MI",54005
53033004200,"Northeast Seattle, Seattle, WA",54004
25025000100,"Lower Allston, Boston, MA",54004
51059481103,"Herndon, VA",54003
17197880419,"Plainfield, IL",54003
6059110605,"Fullerton, CA",54002
6081607500,"Hillsdale, San Mateo, CA",54002
6055200707,"Napa, CA",54002
18097330401,"Indianapolis, IN",54001
4013061039,"Copper Canyon Ranch, Surprise, AZ",54001
24005411307,"Nottingham, MD",54000
27089080100,"Middle River, MN",54000
36103123702,"Copiague, NY",53999
29051020198,"Jefferson City, MO",53999
34005702400,"Jobstown, Mansfield, NJ",53996
27037060902,"Farmington, MN",53996
6037141600,"Sherman Oaks, Los Angeles, CA",53996
36027050204,"Hopewell Junction, NY",53996
42045407501,"Media, PA",53995
55101002401,"Burlington, WI",53995
6073008355,"Mira Mesa, San Diego, CA",53993
34009021001,"Cape May County, NJ",53993
36001013705,"Albany, NY",53991
17097864205,"Wauconda, IL",53991
24027606601,"Oakland Mills, Columbia, MD",53990
9001061200,"Fairfield, CT",53989
18063210104,"Brownsburg, IN",53989
34031246300,"Wayne, NJ",53988
48085031627,"Stone Creek, Plano, TX",53986
45019004613,"Mount Pleasant, SC",53986
26099231700,"Sterling Heights, MI",53986
36041950400,"Wells, NY",53986
42101033900,"Fox Chase/ Burholme, Philadelphia, PA",53984
6037115101,"Northridge, Los Angeles, CA",53984
17089851904,"Elgin, IL",53984
6085511302,"Downtown North, Palo Alto, CA",53981
6085505700,"Santa Clara, CA",53978
27037060907,"Farmington, MN",53977
6075020402,"Twin Peaks, San Francisco, CA",53976
17041952000,"Newman, IL",53976
6013385200,"El Cerrito, CA",53975
36061016002,"East Harlem, New York, NY",53974
42003426400,"Pittsburgh, PA",53974
39035181100,"Rocky River, OH",53974
36061016500,"Upper West Side, New York, NY",53974
26099241400,"Clinton Township, MI",53974
25017313102,"Tyngsborough, MA",53973
9009160200,"Woodbridge, CT",53973
29189210927,"Florissant, MO",53972
8059009828,"Kings Mill, Broomfield, CO",53971
35001003715,"Tanoan Comm, Albuquerque, NM",53971
6059099240,"Huntington Beach, CA",53971
9003524100,"Marlborough, CT",53971
40109106402,"Central Oklahoma City, Oklahoma City, OK",53970
48015760300,"Sealy, TX",53969
39049007394,"Blacklick, OH",53969
8035014010,"Parker, CO",53969
25017368800,"Bleachery, Waltham, MA",53968
36081118900,"Queens County, NY",53968
48339691400,"Grogan's Mill, The Woodlands, TX",53967
40109108215,"Edmond, OK",53966
6037430802,"Arcadia, CA",53963
17197883214,"Country Glen, Joliet, IL",53961
48113013606,"Far North Dallas, Dallas, TX",53960
34023002500,"Iselin, Woodbridge Township, NJ",53958
6055201700,"Angwin, CA",53958
40017301007,"Southwest Oklahoma City, Yukon, OK",53956
19161080200,"Odebolt, IA",53956
55133201300,"New Berlin, WI",53955
48113009500,"Northwest Dallas, Dallas, TX",53954
6037432000,"Temple City, CA",53952
48157671900,"Meadows, Meadows Place, TX",53951
49011126902,"Bountiful, UT",53948
34013007700,"Ironbound District, Newark, NJ",53946
37119005837,"Ballantyne West, Charlotte, NC",53946
36091062503,"Saratoga County, NY",53944
53033023603,"Crossroads, Bellevue, WA",53944
33015067000,"Stratham, NH",53943
27003050816,"Circle Pines, MN",53942
24031700308,"Germantown, MD",53941
48201555502,"Tomball, TX",53940
15003008930,"Mililani Mauka - Launani Valley, Mililani, HI",53940
48397040102,"Rockwall, TX",53936
42091206005,"Trooper, PA",53935
10003013604,"Wilmington, DE",53934
22033001900,"Mid City South, Baton Rouge, LA",53933
53061052206,"Snohomish, WA",53933
31025965700,"Louisville, NE",53932
29189219500,"Webster Groves, MO",53932
12011070316,"Southwest Ranches, FL",53931
34005702910,"Mount Laurel, NJ",53931
11001000902,"Northwest Washington, Washington, DC",53928
27109001100,"Apple Hill, Rochester, MN",53928
49049000710,"Northridge, Orem, UT",53927
36063022712,"Niagara Falls, NY",53926
6061020604,"Granite Bay, CA",53924
6037301100,"Rossmoyne, Glendale, CA",53924
33015004000,"Auburn, NH",53922
13113140405,"Fayetteville, GA",53922
36103158309,"Coram, NY",53922
53033031202,"Auburn, WA",53921
22033002602,"Highlands/Perkins, Baton Rouge, LA",53920
9005362102,"Woodbury, CT",53920
18057110511,"Noblesville, IN",53919
26125166100,"Farmington Hills, MI",53919
36055012402,"Honeoye Falls, NY",53919
53033031904,"Renton, WA",53918
6013338203,"Walnut Creek, CA",53917
25023524102,"West Bridgewater, MA",53917
13121000500,"Midtown, Atlanta, GA",53915
29165030700,"Weston, MO",53915
28049001500,"Greater Belhaven, Jackson, MS",53914
48121021525,"Phillips Creek Ranch, Frisco, TX",53913
39035186201,"Strongsville, OH",53913
20091051909,"Regency Park, Overland Park, KS",53913
17031063000,"Lake View, Chicago, IL",53913
48029191503,"North Central, San Antonio, TX",53912
53061052107,"Bothell, WA",53912
4013810000,"South Tempe, Tempe, AZ",53912
40109108221,"Edmond, OK",53910
42007602601,"Beaver, PA",53910
4013614300,"Arrowhead Ranch, Glendale, AZ",53910
26125130500,"White Lake, White Lake charter Township, MI",53906
55131440104,"Hartford, WI",53906
31153010623,"Papillion, NE",53905
34041031301,"Hackettstown, NJ",53903
6041131100,"Mill Valley, CA",53901
6037920109,"Valencia, Santa Clarita, CA",53899
36029008900,"Buffalo, NY",53899
6001408100,"Caballo Hills, Oakland, CA",53898
6085509302,"Monta Loma, Mountain View, CA",53897
27123040504,"White Bear Lake, MN",53897
53061052708,"Marysville, WA",53896
55109120904,"Roberts, WI",53894
42101033702,"Northeast Philadelphia, Philadelphia, PA",53894
17093890201,"Montgomery, IL",53893
25021440100,"Plainville, MA",53892
51059420100,"Springfield, VA",53891
47157003300,"Midtown, Memphis, TN",53890
36061008400,"Midtown, New York, NY",53890
6059001704,"Fullerton, CA",53888
42011010600,"Sinking Spring, PA",53886
36047026000,"Kings County, NY",53882
6037295103,"Harbor, Los Angeles, CA",53881
30095966500,"Absarokee, MT",53881
42095015801,"Nazareth, PA",53877
9009150300,"Milford, CT",53877
29095014204,"Lee's Summit, MO",53877
12099007735,"Boca Raton, FL",53876
6085505402,"Santa Clara, CA",53875
6037124700,"Van Nuys, Los Angeles, CA",53874
19181020600,"Indianola, IA",53874
36103158609,"Lake Ronkonkoma, NY",53873
48201541202,"Copperfield Southcreek Village, Houston, TX",53873
48201542800,"Village Green West, Katy, TX",53873
6073015403,"El Cajon, CA",53872
34023007000,"South River, NJ",53872
48121021727,"Flower Mound, TX",53872
4013422510,"Sonoma Ranch, Gilbert, AZ",53872
49049002101,"Grand View North, Provo, UT",53871
42017104702,"Doylestown, PA",53871
53033022604,"South Rose Hill, Kirkland, WA",53871
48439111549,"Grand Prairie, TX",53870
29189220801,"St. Louis, MO",53869
36119000802,"Northwest Yonkers, Yonkers, NY",53868
55043961200,"Hazel Green, WI",53868
6059011709,"Placentia, CA",53868
36085002001,"Richmond County, NY",53867
40131050406,"Owasso, OK",53867
27053111600,"Nokomis, Minneapolis, MN",53866
19105070600,"Monticello, IA",53864
8087000100,"Weldona, CO",53864
49035112612,"Sandy, UT",53863
9009151200,"Milford, CT",53862
42129803502,"Irwin, PA",53862
31137967100,"Holdrege, NE",53862
9009150100,"Milford, CT",53862
19061001205,"Dubuque, IA",53862
9011705101,"Stonington, CT",53862
39049006393,"Summit View Forest, Dublin, OH",53860
18039000801,"Middlebury, IN",53860
53033005100,"Wallingford, Seattle, WA",53859
49001100100,"Beaver, UT",53858
42095017102,"Easton, PA",53858
48051970100,"Caldwell, TX",53858
27041450200,"Brandon, MN",53857
6081601200,"Daly City, CA",53857
19113000902,"Cedar Rapids, IA",53854
24003731203,"Severna Park, MD",53854
48085031628,"Park Forest, Plano, TX",53854
27157490500,"Plainview, MN",53854
31055007433,"Northwest Omaha, Omaha, NE",53853
6059001403,"La Habra, CA",53853
26099260800,"Warren, MI",53852
42017103700,"Ottsville, PA",53852
17105960200,"Odell, IL",53851
42005951200,"Armstrong County, PA",53850
29037061001,"Peculiar, MO",53849
8059012057,"Marina Pointe, Littleton, CO",53848
24031701503,"Silver Spring, MD",53847
54049020400,"Fairmont, WV",53847
6001442900,"Blacow, Fremont, CA",53845
6095252106,"Benicia, CA",53842
36029009401,"Buffalo, NY",53841
36081062700,"Queens County, NY",53840
8005084500,"Aurora Knolls - Hutchinson Heights, Aurora, CO",53840
17167003602,"Springfield, IL",53839
17197881107,"New Lenox, IL",53839
17043846404,"Naperville, IL",53838
6037573601,"South of Conant, Long Beach, CA",53836
8014030400,"Broomfield, CO",53835
13089021602,"Leafmore-Creek Park Hill, Decatur, GA",53835
26099230000,"Sterling Heights, MI",53834
36055014504,"Rochester, NY",53833
6085512027,"South San Jose, San Jose, CA",53831
42091201301,"Ambler, PA",53831
8059011951,"Thraemoor, Lakewood, CO",53828
17063000900,"Gardner, IL",53828
34029726000,"Island Heights, NJ",53827
6037650501,"West Torrance, Torrance, CA",53827
36103158320,"Port Jefferson Station, NY",53826
6059110604,"Buena Park, CA",53824
34041031800,"Phillipsburg, NJ",53824
50027965502,"White River Junction, Hartford, VT",53824
17089852403,"Maple Park, IL",53823
42069112200,"Dunmore, PA",53823
21091960100,"Hawesville, KY",53823
32031001012,"Reno, NV",53821
26161407000,"Superior Charter Township, MI",53821
36001014700,"Altamont, NY",53821
36081025301,"Queens County, NY",53820
1073011108,"Trussville, AL",53818
9003514900,"Central Manchester, Manchester, CT",53817
42095017101,"Easton, PA",53817
42071012403,"Ephrata, PA",53816
9003484200,"Broad Brook, East Windsor, CT",53816
36091061901,"Ballston Spa, NY",53815
17043846307,"Downers Grove, IL",53814
49049000711,"Orchard North, Orem, UT",53814
36071012300,"Campbell Hall, NY",53814
26163557700,"Livonia, MI",53813
48365950200,"Beckville, TX",53811
10005051306,"Selbyville, DE",53811
26139021802,"Hudsonville, MI",53811
24017851100,"Bel Alton, MD",53809
27045960300,"Spring Valley, MN",53809
9011693300,"Waterford, CT",53808
27109001503,"Elton Hills, Rochester, MN",53808
55131420105,"West Bend, WI",53806
48029120300,"Alamo Heights, San Antonio, TX",53806
17031804709,"Hoffman Estates, IL",53806
13089021216,"Dunwoody, GA",53805
27037060818,"Farmington, MN",53805
48201534202,"Woodwind Lakes, Houston, TX",53803
19021960300,"Newell, IA",53803
42011011000,"Reading, PA",53802
48201451602,"George Bush Park/Eldridge, Houston, TX",53802
36001013902,"Colonie, NY",53801
26005030401,"Dorr, MI",53800
24033800203,"Laurel, MD",53800
6037401303,"Bonita, San Dimas, CA",53798
55079101200,"West Allis, WI",53797
37081010500,"Greensboro, NC",53797
17015960600,"Thomson, IL",53795
48201541002,"Stone Gate, Houston, TX",53794
25017315401,"Tewksbury, MA",53793
38081974000,"Gwinner, ND",53792
45079001200,"Columbia, SC",53791
26163563400,"Canton, MI",53790
6065043252,"Temecula, CA",53789
48423001803,"Tyler, TX",53788
42017102104,"Souderton, PA",53786
40131050501,"Inola, OK",53786
26163564501,"Canton, MI",53786
48121021740,"Lewisville, TX",53786
25005645102,"Swansea, MA",53785
6037262706,"Pacific Palisades, Los Angeles, CA",53784
49035112905,"Ivory Highlands, West Jordan, UT",53783
15003008926,"Mililani Mauka - Launani Valley, Mililani, HI",53782
24013507500,"Westminster, MD",53781
39041011740,"Westerville, OH",53780
15003000107,"Hawaii Kai, Honolulu, HI",53779
19153003001,"Waveland Park, Des Moines, IA",53778
39095009000,"Monclova, OH",53777
6037261101,"Beverly Hills, CA",53776
12011070311,"Weston, FL",53776
6013338204,"Walnut Creek, CA",53776
17049950600,"Effingham, IL",53775
31153010203,"Papillion, NE",53775
36047044400,"Kings County, NY",53773
6029003203,"Stockdale West, Bakersfield, CA",53772
53033029307,"Renton, WA",53771
49057210204,"North Ogden, UT",53771
56025001100,"Casper, WY",53767
55015020500,"Chilton, WI",53767
39061025002,"Cincinnati, OH",53767
36103158502,"Lake Ronkonkoma, NY",53767
12001001814,"Alachua, FL",53765
42125781700,"Charleroi, PA",53765
34023008404,"Kendall Park, South Brunswick Township, NJ",53762
18039001000,"New Paris, IN",53761
6037403316,"Westmont, Diamond Bar, CA",53761
6053010701,"Salinas, CA",53760
36029011800,"West Seneca, NY",53759
17197883903,"Peotone, IL",53758
42019912200,"Cranberry Township, PA",53758
26067031400,"Portland, MI",53756
51735340100,"Poquoson, VA",53755
48167721201,"South Shore Harbour, League City, TX",53754
17053961900,"Sibley, IL",53754
34025808600,"Wall Township, NJ",53753
36081049301,"Queens County, NY",53752
42129800800,"Mount Vernon, New Kensington, PA",53752
6037503401,"East Whitter, Whittier, CA",53750
6059052425,"Lake Forest, CA",53749
6013320003,"Martinez, CA",53749
53063014300,"Fairfield, WA",53748
36087011800,"Hillburn, NY",53747
26125135300,"Commerce Charter Township, MI",53746
51059480801,"Herndon, VA",53746
42019912002,"Cranberry Township, PA",53746
51153901413,"Linton Hall, Bristow, VA",53745
6085503327,"Cadwallader, San Jose, CA",53745
29095013504,"Lee's Summit, MO",53742
6071007302,"Loma Linda, CA",53741
39055310600,"Chesterland, OH",53737
9005349100,"Thomaston, CT",53737
17043841207,"Glendale Heights, IL",53736
49049010220,"Cedar Hills, UT",53736
6059042203,"San Juan Capistrano, CA",53734
36027060301,"Fishkill, NY",53733
6001450607,"Pleasanton, CA",53733
48329010105,"Fairmont Park, Midland, TX",53732
12103026001,"Clearwater Beach, Clearwater, FL",53732
55117010200,"Sheboygan Falls, WI",53731
36001014201,"Glenmont, NY",53730
6037267901,"Century City, Los Angeles, CA",53730
32031003511,"Sparks, NV",53730
48497150102,"Decatur, TX",53729
26099231000,"Sterling Heights, MI",53729
28033070620,"Deerchase, Southaven, MS",53727
36119002403,"Southeast Yonkers, Yonkers, NY",53726
39085203000,"Western Reserve Estates, Mentor, OH",53724
27003050811,"Blaine, MN",53723
27003050208,"Andover, MN",53723
9003473501,"Windsor, CT",53723
42003421100,"Pittsburgh, PA",53722
17031801901,"Glenview, IL",53722
12086004607,"Key Biscayne, FL",53721
27053011704,"Diamond Lake, Minneapolis, MN",53719
42091205100,"Bryn Mawr, PA",53718
31111960500,"North Platte, NE",53717
39049006396,"Northwest Columbus, Columbus, OH",53716
27157490300,"Lake City, MN",53716
6067008210,"Folsom, CA",53715
17031700301,"Ashburn, Chicago, IL",53714
21111010403,"Louisville, KY",53713
40145030510,"Broken Arrow, OK",53713
34003032104,"Mahwah, NJ",53713
6073007002,"Point Loma Heights, San Diego, CA",53712
25027744200,"Milford, MA",53712
17111871106,"Village of Lakewood, IL",53711
53035090800,"Bainbridge Island, WA",53711
42077006002,"Allentown, PA",53710
26087341000,"Dryden, MI",53710
34023003401,"Sewaren, Woodbridge Township, NJ",53709
6013320004,"Martinez, CA",53709
27059130301,"Cambridge, MN",53708
6037574100,"South of Conant, Long Beach, CA",53707
51153901508,"Gainesville, VA",53707
42133022401,"Glenville, PA",53706
36103159201,"East Patchogue, NY",53706
34013015300,"Bloomfield, NJ",53706
48245011002,"Nederland, TX",53703
25027708100,"Westminster, MA",53702
17043840908,"Glendale Heights, IL",53701
27053026712,"Maple Grove, MN",53700
48201251200,"Kingwood, Houston, TX",53700
48259970302,"Boerne, TX",53699
51153901230,"Dale City, VA",53699
36021000500,"Stuyvesant, NY",53699
25017341300,"Malden, MA",53698
27105105200,"Adrian, MN",53698
48029191701,"North Central, Hill Country Village, TX",53697
30013010400,"Cascade, MT",53695
6081600500,"Hillside, Daly City, CA",53692
48201253300,"Baytown, TX",53692
48439114103,"Haslet, TX",53691
29189217923,"Ballwin, MO",53690
6087121000,"Los Gatos, CA",53689
29071800300,"Washington, MO",53689
26163558900,"Livonia, MI",53689
45063021021,"Lexington, SC",53687
6097153804,"Windsor, CA",53686
40109106608,"Central Oklahoma City, Oklahoma City, OK",53686
8059009852,"Appleridge Estates, Arvada, CO",53686
36081126500,"Queens County, NY",53686
6067008600,"Rancho Murieta, CA",53686
6059062628,"Turtle Rock, Irvine, CA",53685
24021752201,"Frederick, MD",53685
6037430301,"Monrovia, CA",53683
42075004200,"Lebanon, PA",53682
49013940500,"Roosevelt, UT",53682
27039950300,"Claremont, MN",53682
27111961700,"Fergus Falls, MN",53681
19023070200,"Dumont, IA",53681
20173010107,"Wichita, KS",53681
44007011902,"North Providence, RI",53681
48085031639,"Highlands Of Russell Park, Plano, TX",53681
9009343200,"Cheshire, CT",53680
49049000904,"Cascade, Orem, UT",53678
25009211401,"Danvers, MA",53678
6085503116,"South San Jose, San Jose, CA",53676
6037262100,"Bel Air, Los Angeles, CA",53675
17197883810,"Crete, IL",53675
56037970902,"Rock Springs, WY",53673
27027020500,"Moorhead, MN",53672
29165030205,"Kansas City, MO",53671
27145000402,"St. Cloud, MN",53670
55135100800,"New London, WI",53670
6085503212,"South San Jose, San Jose, CA",53670
55025012502,"Oregon, WI",53670
48091310903,"New Braunfels, TX",53669
33015106102,"Windham, NH",53668
53061052007,"Bothell, WA",53667
55133203101,"Pebble Valley, Waukesha, WI",53666
6095252000,"Benicia, CA",53666
51041100822,"The Highlands, Chesterfield, VA",53666
51061930303,"Warrenton, VA",53666
31055007459,"South Central Omaha, Ralston, NE",53664
27123035200,"Macalester - Groveland, Saint Paul, MN",53664
9009151100,"Milford, CT",53662
49047968401,"Vernal, UT",53662
36029008202,"Kenmore NW, Buffalo, NY",53662
25017383502,"Framingham, MA",53661
34003054600,"Teaneck, NJ",53661
6075026402,"Visitacion Valley, San Francisco, CA",53661
36055011604,"Rochester, NY",53661
6067009314,"Elk Grove, CA",53661
31153010205,"Bellevue, NE",53660
6081604400,"Millbrae, CA",53660
48085031313,"Murphy, TX",53660
6059032002,"Mission Viejo, CA",53660
27005450400,"Detroit Lakes, MN",53659
54049021400,"Fairmont, WV",53659
27053021503,"Minneapolis, MN",53657
47157020832,"Buckhead Acres, Memphis, TN",53656
6067008509,"The Parkway, Folsom, CA",53655
6037920039,"Santa Clarita, CA",53654
24003751400,"Severn, MD",53652
17031818200,"Westchester, IL",53652
34019010900,"High Bridge, NJ",53651
19085290200,"Logan, IA",53651
55131420402,"West Bend, WI",53648
27123040401,"White Bear Lake, MN",53648
36061009600,"Midtown, New York, NY",53648
17043842709,"Lombard, IL",53646
34033021201,"Bridgeton, NJ",53646
6001438203,"Tennyson - Alquire, Hayward, CA",53646
21015070305,"Florence, KY",53643
51059430902,"Burke, VA",53643
36103190800,"Southampton, NY",53642
36081116700,"Queens County, NY",53642
55079120502,"Greenfield, WI",53641
53033030404,"Auburn, WA",53640
42029302300,"West Chester, PA",53638
8059012033,"Morrison, CO",53636
42077006703,"Allentown, PA",53635
17031806202,"Des Plaines, IL",53634
39089757700,"Granville, OH",53634
12011070402,"Cooper City, FL",53632
39025040302,"Huntington, Loveland, OH",53631
1125010406,"Tuscaloosa, AL",53630
48201451401,"Westside, Houston, TX",53629
40017301100,"Yukon, OK",53629
53011040505,"Brush Prairie, WA",53628
49035113522,"Salt Lake City, UT",53628
15003008005,"Pearl City, HI",53628
18141011403,"Granger, IN",53627
34013015500,"Bloomfield, NJ",53625
19013002902,"La Porte City, IA",53623
22057020202,"Thibodaux, LA",53622
1089001903,"Huntsville, AL",53620
38101010301,"Minot, ND",53620
26099260000,"Warren, MI",53619
37119005817,"Piper Glen Estates, Charlotte, NC",53618
42021012300,"Loretto, PA",53616
36085001800,"Richmond County, NY",53616
48167725700,"Galveston, TX",53610
34003028001,"Leonia, NJ",53610
42003521500,"Monroeville, PA",53609
36081045800,"Queens County, NY",53609
27109001201,"Rochester, MN",53609
6085512039,"South San Jose, San Jose, CA",53608
27009020202,"Foley, MN",53607
51013102002,"Ashton Heights, Arlington, VA",53607
55079007500,"Upper East Side, Milwaukee, WI",53607
6075020600,"The Castro, San Francisco, CA",53606
6001441200,"Niles, Fremont, CA",53604
6061021130,"Rocklin, CA",53604
9001061300,"Fairfield, CT",53603
32015000300,"Battle Mountain, NV",53603
53011040409,"Pleasant Valley, Vancouver, WA",53602
48289950200,"Marquez, TX",53600
6059099225,"Fountain Valley, CA",53600
39113040201,"Dayton, OH",53598
36117020202,"Macedon, NY",53597
12086000129,"Aventura, FL",53597
55079160300,"Oak Creek, WI",53596
34017013900,"Harrison, NJ",53595
6081603801,"San Bruno, CA",53593
19023070100,"Clarksville, IA",53592
55133203306,"Willow Grove, Pewaukee, WI",53592
37183053423,"Brookgreen Forest, Cary, NC",53589
17019001302,"Savoy, IL",53589
48453001775,"Austin, TX",53588
53063012402,"Spokane, WA",53587
27111960400,"Dent, MN",53587
12031016804,"Southside, Jacksonville, FL",53585
34011040800,"Vineland, NJ",53585
39055310700,"Chesterland, OH",53585
36091062507,"Saratoga County, NY",53583
6085503333,"East San Jose, San Jose, CA",53583
27093560200,"Litchfield, MN",53582
32003002947,"Las Vegas, NV",53582
6059110001,"Garden Grove, CA",53578
41067031004,"South Beaverton, Beaverton, OR",53576
6037297000,"San Pedro, Los Angeles, CA",53574
48121020505,"Denton, TX",53574
36067015203,"Manlius, NY",53571
36029008201,"Elmwood North, Buffalo, NY",53571
6059063004,"Newport Beach, CA",53571
5119004219,"Rock Creek, Little Rock, AR",53571
26099261400,"Warren Woods, Warren, MI",53569
55025000202,"Madison, WI",53569
34023003700,"Carteret, NJ",53569
39049010602,"Westbriar, Hilliard, OH",53569
25005653204,"Dartmouth, MA",53568
31127968100,"Auburn, NE",53568
17089850106,"Kane County, IL",53567
37183053610,"Brier Creek Country Club, Raleigh, NC",53567
42017106200,"Warminster, PA",53564
18141012400,"Bremen, IN",53564
18173030702,"Newburgh, IN",53563
36029008600,"Buffalo, NY",53562
42095016700,"Nazareth, PA",53561
27011950100,"Ortonville, MN",53560
6085504901,"Santa Clara, CA",53560
36001014301,"Selkirk, NY",53559
20103071202,"Bonner Springs, KS",53557
39103404000,"Medina, OH",53557
4013613300,"Desert View Village, Phoenix, AZ",53554
48113019041,"Richardson, TX",53553
40143004200,"Bryn Mawr, Tulsa, OK",53552
37183053415,"Apex, NC",53551
39035152101,"Euclid, OH",53551
20055960503,"Garden City, KS",53551
39153530606,"Stow, OH",53550
34007611500,"Hammonton, NJ",53549
8059009827,"Westcliff & Cambridge, Westminster, CO",53547
42029300400,"Malvern, PA",53546
55025000402,"Midvale Heights, Madison, WI",53545
36047030400,"Kings County, NY",53544
6085512037,"South San Jose, San Jose, CA",53543
49049010410,"Payson, UT",53542
6087120800,"Santa Cruz, CA",53542
49011126404,"North Salt Lake, UT",53541
6001441925,"Central District, Fremont, CA",53541
27003050215,"Ham Lake, MN",53539
48201541900,"Barker Ridge, Houston, TX",53537
26145012002,"Freeland, MI",53537
55009021400,"De Pere, WI",53536
25013813303,"Longmeadow, MA",53535
6085512031,"Edenvale, San Jose, CA",53535
9013538202,"Somers, CT",53533
6059032029,"Lake Forest, CA",53533
18089042902,"Cedar Lake, IN",53532
41005022901,"Canby, OR",53532
6073020016,"Carlsbad, CA",53531
36029015002,"Erie County, NY",53531
48209010901,"Buda, TX",53531
6013355109,"Antioch, CA",53530
6001451101,"Livermore, CA",53530
47157021351,"Germantown, TN",53529
42071011100,"Mount Joy, PA",53526
55101002002,"Waterford, WI",53526
6085509700,"Old Mountain View, Mountain View, CA",53525
36119014907,"Yorktown Heights, NY",53525
6085505401,"Santa Clara, CA",53525
34005700701,"Riverside, NJ",53523
18159020300,"Tipton, IN",53523
19095960300,"Ladora, IA",53522
39017011121,"Butler County, OH",53521
34023008102,"Spotswood, NJ",53520
26161405300,"Ann Arbor, MI",53520
17143004902,"Hanna City, IL",53520
6075026403,"Visitacion Valley, San Francisco, CA",53519
31019969000,"Kearney, NE",53518
37067002501,"Winston-Salem, NC",53518
48491020706,"Forest Ridge, Round Rock, TX",53518
17037000300,"Malta, IL",53511
32031002103,"Reno, NV",53511
6075010700,"Russian Hill, San Francisco, CA",53510
6019005508,"Fresno, CA",53510
42003459101,"Coraopolis, PA",53508
17161022000,"Stewartville, Moline, IL",53507
42101013401,"Fairmount, Philadelphia, PA",53506
26049013112,"Linden, MI",53504
15003006805,"Aliamanu - Salt Lakes - Foster Village, Honolulu, HI",53502
21067000600,"Ashland Park, Lexington, KY",53502
51059452200,"Annandale, VA",53502
36029012902,"Hamburg, NY",53499
40027202008,"Moore, OK",53499
29165030207,"The Coves, Kansas City, MO",53497
25027731102,"Beaver Brook, Worcester, MA",53497
27101900200,"Iona, MN",53497
42091207300,"Telford, PA",53496
25027736400,"Auburn, MA",53496
26125138301,"New Hudson, Lyon Charter Township, MI",53496
36113070900,"Queensbury, NY",53496
18081611100,"Franklin, IN",53494
6037910812,"Palmdale, CA",53494
6061020601,"Granite Bay, CA",53493
9007680200,"Middletown, CT",53493
39045030800,"Canal Winchester, OH",53492
25017339600,"South Medford, Medford, MA",53492
27083360100,"Marshall, MN",53491
1117030216,"Birmingham, AL",53491
49035112821,"Draper, UT",53491
36103169902,"Riverhead, NY",53490
46061964100,"Alexandria, SD",53490
9007550100,"Lake Pocotopaug, East Hampton, CT",53489
48453001737,"Austin, TX",53487
26163576500,"Allen Park, MI",53487
17031820502,"Bridgeview, IL",53487
48439113623,"Bedford, TX",53486
34007607600,"Gibbsboro, NJ",53486
31037964600,"Clarkson, NE",53486
37183052506,"Brookhaven, Raleigh, NC",53486
48041002001,"College Station, TX",53486
48121021404,"Corinth, TX",53485
51800075404,"Suffolk, VA",53484
18003010305,"Fort Wayne, IN",53484
21117064100,"Villa Hills, KY",53483
34023003500,"Carteret, NJ",53483
6037920030,"Santa Clarita, CA",53483
41023960100,"Grant County, OR",53482
34029714000,"Brick, NJ",53482
34003006300,"Cliffside Park, NJ",53482
17097861014,"Lake Villa, IL",53482
47187050702,"Franklin, TN",53481
26081013100,"Wedgewood Park, Grandville, MI",53478
6059011402,"Fullerton, CA",53474
55079000301,"Milwaukee, WI",53474
36103159204,"Brookhaven, NY",53472
17043846511,"Aurora, IL",53471
51013102802,"Claremont, Arlington, VA",53470
42091200502,"Horsham, PA",53470
27003050504,"Anoka, MN",53469
34013015800,"Bloomfield, NJ",53468
34017011400,"Constable Hook, Bayonne, NJ",53467
48041002007,"Westfield Village, College Station, TX",53467
37183053512,"Cary, NC",53467
34041031200,"Blairstown, NJ",53466
17031805111,"Des Plaines, IL",53464
36081031700,"Queens County, NY",53464
36081076901,"Queens County, NY",53463
24003706700,"Naval Academy, Annapolis, MD",53462
36081126700,"Queens County, NY",53461
49047968402,"Vernal, UT",53459
42029300101,"Wayne, PA",53458
42045403002,"Briarcliffe, Glenolden, PA",53458
27145011200,"South Haven, MN",53455
6113010402,"West Sacramento, CA",53455
39017011111,"Butler County, OH",53454
26081014501,"South Grandville, Wyoming, MI",53454
36103190706,"Southampton, NY",53453
34003003500,"Bergenfield, NJ",53453
4013216821,"Stoneridge South, Scottsdale, AZ",53451
36047021000,"Kings County, NY",53449
53033031908,"Renton, WA",53449
6113010510,"Covell Park, Davis, CA",53448
53053072406,"Gig Harbor, WA",53446
19169000300,"Ames, IA",53446
11001000202,"Georgetown, Washington, DC",53445
6059063805,"Costa Mesa, CA",53444
44005040102,"Portsmouth, RI",53442
36119009500,"White Plains, NY",53442
38021973200,"Oakes, ND",53442
42101031501,"Mayfair, Philadelphia, PA",53438
12119910800,"The Villages, FL",53435
29165030308,"Prairie Point-Wildberry, Kansas City, MO",53435
32007951000,"Elko, NV",53434
46087964700,"Canistota, SD",53434
39035173103,"Middleburg Heights, OH",53434
36029014300,"Lancaster, NY",53432
32031001015,"Reno, NV",53432
6075033204,"Lakeshore, San Francisco, CA",53431
6075015400,"Laurel Heights, San Francisco, CA",53429
18005010900,"Columbus, IN",53428
34023007402,"South Amboy, NJ",53428
39153530800,"Munroe Falls, OH",53427
40017300801,"Northwest Oklahoma City, Yukon, OK",53426
4013071510,"Peoria, AZ",53426
26163581100,"Southgate, MI",53425
48409010603,"Portland, TX",53425
48085030404,"Preston Ridge, Frisco, TX",53425
49035112823,"Draper, UT",53424
46059975600,"Miller, SD",53424
6077004303,"Lodi, CA",53422
36081000800,"Queens County, NY",53422
24027602800,"Ellicott City, MD",53421
24025303900,"Bel Air, MD",53420
22017023904,"Springlake, University Terrace, Shreveport, LA",53419
31053963800,"Fremont, NE",53418
9011702600,"Groton, Groton, CT",53418
27143170400,"Arlington, MN",53416
25025180500,"Winthrop, MA",53416
16085970300,"McCall, ID",53414
8123001907,"Fort Lupton, CO",53411
27171100702,"Buffalo, MN",53410
53057952100,"Mount Vernon, WA",53410
33015066000,"North Hampton, NH",53407
6037403322,"Valle Lindo, Diamond Bar, CA",53405
46005956700,"Wolsey, SD",53404
53033024701,"Newport, Bellevue, WA",53404
6067008005,"Phoenix Field, Fair Oaks, CA",53403
53033022605,"Willow - Rose Hill, Redmond, WA",53402
8123002209,"Windsor, CO",53401
34023007301,"Parlin, Sayreville, NJ",53401
48439111314,"Mansfield, TX",53399
27147960100,"Owatonna, MN",53398
34017010200,"Bayonne, NJ",53398
53033032309,"Downtown, Redmond, WA",53397
49049001105,"Sunset Heights, Orem, UT",53395
48085030302,"Prosper, TX",53395
48135002300,"Odessa, TX",53394
36027080202,"Poughkeepsie, NY",53393
36103190708,"Sag Harbor, NY",53393
6059052527,"Walnut, Irvine, CA",53392
1073012915,"Vestavia Hills, AL",53390
42079216501,"Sugarloaf, PA",53388
36029009402,"Buffalo, NY",53386
45045002609,"Greer, SC",53385
17135958000,"Hillsboro, IL",53384
22019003102,"Sulphur, LA",53384
18127051007,"Hebron, IN",53384
39153530101,"Twinsburg, OH",53382
31109003719,"Lincoln, NE",53382
12103027324,"Palm Harbor, FL",53380
17043840303,"Addison, IL",53378
48335950400,"Colorado City, TX",53378
25017350600,"Tufts, Somerville, MA",53378
17189950200,"Okawville, IL",53376
42011010903,"Wyomissing, PA",53375
8123001412,"Greeley, CO",53375
42133022920,"Dallastown, PA",53374
17163503211,"Belleville, IL",53374
36103158319,"Coram, NY",53373
22019003400,"Sulphur, LA",53373
42095016500,"Bath, PA",53372
6073016607,"Santee, CA",53372
36005032600,"Bronx County, NY",53371
25027739200,"Shrewsbury, MA",53371
48091310902,"New Braunfels, TX",53371
39049006810,"Colonial Hills, Worthington, OH",53371
39035184104,"Solon, OH",53368
6037500201,"East Whitter, La Habra Heights, CA",53367
31109003713,"Lincoln, NE",53367
36047060600,"Kings County, NY",53367
8107000600,"Steamboat Springs, CO",53366
21227011401,"Bowling Green, KY",53364
9005342100,"Bethlehem Village, Bethlehem, CT",53364
12057011522,"Calusa, Lutz, FL",53364
42133021420,"Shiloh, PA",53363
9009167201,"North Haven, CT",53361
48029191506,"North Central, San Antonio, TX",53361
6081612600,"Downtown Menlo Park, Menlo Park, CA",53361
39035136101,"Broadview Heights, OH",53360
15003010702,"Kaneohe, HI",53359
6085512021,"Edenvale, San Jose, CA",53359
27023950400,"Clara City, MN",53359
53033001500,"North Beach/ Blue Ridge, Seattle, WA",53358
25017354800,"North Cambridge, Cambridge, MA",53358
6075033203,"Lakeshore, San Francisco, CA",53357
17043846004,"Lisle, IL",53357
17031822900,"Bridgeview, IL",53356
26093713300,"Howell, MI",53355
20091051802,"Round Hill, Overland Park, KS",53354
34007608001,"Stratford, NJ",53354
33013031002,"Bow, NH",53353
38021973300,"Ellendale, ND",53352
17031823303,"Chicago, IL",53350
42095017605,"Bethlehem, PA",53350
6037700400,"Central LA, West Hollywood, CA",53350
6065048100,"Corona, CA",53350
24005440500,"Nottingham, MD",53349
42125761000,"Eighty Four, PA",53349
27059130501,"Isanti, MN",53349
27129790500,"Olivia, MN",53348
6001444301,"Newark, CA",53348
48439113613,"Hurst, TX",53347
6055201101,"Napa, CA",53345
6073015602,"El Cajon, CA",53345
19155021502,"Avoca, IA",53344
6073016608,"Santee, CA",53344
49049010111,"Lehi, UT",53343
6059001507,"Brea, CA",53343
36119014703,"Cortlandt, NY",53340
1073011109,"Trussville, AL",53339
29095013801,"Lee's Summit, MO",53339
17119403601,"Highland, IL",53337
17031825200,"Oak Forest, IL",53336
55009010202,"De Pere, WI",53336
6001423700,"Berkeley, CA",53336
6013308001,"Antioch, CA",53335
19011960100,"Vinton, IA",53333
26161423400,"Saline, MI",53332
20091052907,"Rolling Meadows, Olathe, KS",53331
17119403001,"Edwardsville, IL",53331
42019910100,"Petrolia, PA",53329
36027160003,"Rhinebeck Village, Rhinebeck, NY",53329
48113016513,"Duncanville, TX",53326
47187050905,"Franklin, TN",53326
36103158321,"Coram, NY",53325
25021420302,"Randolph, MA",53324
25005610203,"Mansfield, MA",53322
16019970402,"Idaho Falls, ID",53322
4019004719,"Tucson, AZ",53320
55079091400,"Wauwatosa, WI",53320
38017040500,"Fargo, ND",53320
6065041912,"Corona, CA",53319
29189213203,"Bridgeton, MO",53318
27123031900,"St. Anthony Park, Saint Paul, MN",53316
6073007302,"Point Loma Heights, San Diego, CA",53316
20189965100,"Hugoton, KS",53316
49011125401,"Syracuse, UT",53315
24005408505,"Lutherville-Timonium, MD",53315
18047960100,"Batesville, IN",53314
12085000606,"Palm City, FL",53313
55071010700,"Kiel, WI",53312
39153507102,"Fairlawn Heights, Akron, OH",53312
17179022300,"Washington, IL",53312
55079101300,"West Allis, WI",53311
12086008902,"Miami, FL",53310
48501950200,"Denver City, TX",53309
10003010800,"Wilmington, DE",53309
21037052001,"Alexandria, KY",53309
48201412200,"South Central Houston, Houston, TX",53309
42017105300,"Newtown, PA",53308
41067031514,"Bethany, Portland, OR",53307
47157021320,"Memphis, TN",53306
39017011116,"Butler County, OH",53306
29095017900,"Lee's Summit, MO",53306
55009010300,"De Pere, WI",53305
26125166700,"Farmington Hills, MI",53305
36067015202,"Manlius, NY",53304
47187050306,"Brentwood, TN",53304
53035090700,"Bainbridge Island, WA",53303
48491020403,"Anderson Mill, Austin, TX",53302
17197883401,"Wilmington, IL",53302
27109001603,"Rochester, MN",53301
12105015404,"Babson Park, FL",53301
6067009636,"Elk Grove, CA",53300
49057210900,"Ogden, UT",53298
25009222100,"Essex, Essex, MA",53298
39035177503,"Parma, OH",53295
25005630400,"North Attleborough Center, North Attleborough, MA",53295
48227950900,"Big Spring, TX",53295
55015020308,"Menasha, WI",53294
48439121606,"West Arlington, Arlington, TX",53294
8031006811,"Southeast, Denver, CO",53292
29095014114,"Blue Springs, MO",53292
6059021920,"Anaheim, CA",53291
18051050100,"Owensville, IN",53290
27123030300,"Como, Saint Paul, MN",53290
39165030900,"Springboro, OH",53290
4013810600,"Chandler, AZ",53290
27009020205,"Rice, MN",53290
17097861012,"Lake Villa, IL",53289
24003751600,"Annapolis, MD",53287
48183000501,"Longview, TX",53286
48029191702,"North Central, San Antonio, TX",53286
36061015700,"Upper West Side, New York, NY",53283
48491020507,"Cat Hollow, Round Rock, TX",53282
48113013008,"Lake Highlands, Dallas, TX",53282
12086004602,"Key Biscayne, FL",53281
19127950300,"Melbourne, IA",53281
24031703221,"Silver Spring, MD",53278
18091042900,"Wanatah, IN",53277
39035186205,"Strongsville, OH",53276
34025809301,"Manasquan, NJ",53275
6001444602,"Newark, CA",53274
51059491402,"Centreville, VA",53274
8035014503,"Castle Rock, CO",53273
1097003705,"Overton, Mobile, AL",53271
48201413000,"Southwest Houston, Houston, TX",53270
36029015700,"North Collins, NY",53270
6037276000,"Westchester, Los Angeles, CA",53270
6027000300,"Bishop, CA",53269
6061023300,"Lincoln Crossing, Lincoln, CA",53268
36103170202,"East Marion, NY",53266
26147641000,"China Township, MI",53265
42101038600,"Chestnut Hill, Philadelphia, PA",53265
17031640300,"Clearing, Chicago, IL",53264
6111008402,"Simi Valley, CA",53264
6073008307,"University City, San Diego, CA",53262
42125742100,"Houston, PA",53262
4013061018,"Pebblecreek, Goodyear, AZ",53260
29047021404,"Liberty, MO",53259
9009194100,"Madison Center, Madison, CT",53257
32031003203,"Reno, NV",53256
51059491801,"Fairfax, VA",53256
48167720600,"Dickinson, TX",53254
53035090900,"Bainbridge Island, WA",53251
36093033101,"Schenectady, NY",53250
51760050500,"Near West End, Richmond, VA",53249
29510102300,"Boulevard Heights, St. Louis, MO",53249
38101010600,"Minot, ND",53248
27161790100,"Janesville, MN",53247
49011125104,"South Weber, UT",53245
27139080904,"Prior Lake, MN",53243
36081045700,"Queens County, NY",53241
36055013603,"Rochester, NY",53241
32031003514,"Sparks, NV",53241
55089630202,"Port Washington, WI",53240
17031803701,"Palatine, IL",53236
18089042704,"Schererville, IN",53236
19155031800,"Council Bluffs, IA",53235
40147001200,"Bartlesville, OK",53235
36103158403,"Middle Island, NY",53234
6067008006,"Fair Oaks, CA",53234
53033021803,"Bothell, WA",53232
55133203102,"Waukesha, WI",53232
36067012300,"Camillus, NY",53232
42003407002,"Allegheny County, PA",53232
6037480202,"San Gabriel, CA",53229
28089030107,"Ridgeland, MS",53229
42011011702,"Mohnton, PA",53228
8001008536,"Commerce City, CO",53227
6059052419,"Tustin, CA",53227
39035170201,"Lyndhurst, OH",53225
17031110400,"Jefferson Park, Chicago, IL",53224
20173009505,"Wichita, KS",53224
53067012000,"Olympia, WA",53224
9001055100,"Weston, CT",53223
49035112912,"West Jordan, UT",53223
51059450500,"Falls Church, VA",53223
4013611100,"Westwing Mountain, Peoria, AZ",53222
5119001600,"Heights, Little Rock, AR",53222
36001014202,"Delmar, NY",53222
25027730300,"Greendale, Worcester, MA",53222
6037408624,"Hacienda Heights, CA",53221
48201555000,"Bridgestone, Spring, TX",53219
13067030324,"Marietta, GA",53218
25023502102,"Rockland, MA",53218
49035112608,"Sandy, UT",53216
6059032030,"Mission Viejo, CA",53214
25017374500,"West Newton, Newton, MA",53214
34013007100,"Ironbound District, Newark, NJ",53214
6075017000,"The Castro, San Francisco, CA",53214
17049950500,"Effingham, IL",53212
42011011701,"Birdsboro, PA",53211
40109108512,"Edmond, OK",53209
31109003717,"Lincoln, NE",53208
19077950100,"Panora, IA",53208
17093890400,"Bristol, IL",53207
17163503322,"Swansea, IL",53206
17031823805,"Palos Hills, IL",53205
5125010302,"Benton, AR",53205
8031004002,"South, Denver, CO",53204
53011040416,"Battle Ground, WA",53203
37063002008,"Hope Valley, Durham, NC",53202
9009186100,"North Branford, CT",53201
48251130215,"Burleson, TX",53201
53061051915,"Lynnwood, WA",53201
42077006903,"Bethlehem, PA",53200
44003020101,"West Warwick, RI",53200
19017004000,"Waverly, IA",53200
6013355200,"Pittsburg, CA",53200
6111007509,"Thousand Oaks, CA",53198
56021001200,"Cheyenne, WY",53195
48201252100,"K-lake Terrace, Houston, TX",53193
36059412400,"Rockville Centre, NY",53192
17019001204,"Champaign, IL",53192
19109950500,"Algona, IA",53191
19027960600,"Manning, IA",53190
9003487400,"South Windsor, CT",53190
48201421700,"Southwest Houston, Houston, TX",53189
25001012800,"Centerville, Barnstable, MA",53188
42095017704,"Bethlehem, PA",53188
21111007800,"Louisville, KY",53185
42077005505,"Schnecksville, PA",53185
12099007412,"Delray Beach, FL",53185
49035112819,"Draper, UT",53184
36047006500,"Kings County, NY",53184
42101030700,"Lawncrest, Philadelphia, PA",53183
55087012504,"Appleton, WI",53181
6077005208,"Tracy, CA",53181
34037371100,"Wantage, NJ",53181
53053071210,"Puyallup, WA",53181
49049010215,"Pleasant Grove, UT",53180
48439111533,"Southwest Arlington, Arlington, TX",53180
36029012001,"West Seneca, NY",53179
42003070300,"Shadyside, Pittsburgh, PA",53178
9003468101,"Granby, CT",53178
13135050214,"Duluth, GA",53177
22121020402,"Brusly, LA",53177
36037950900,"Batavia, NY",53176
26163576400,"Allen Park, MI",53176
25025170100,"Revere, MA",53176
8031004306,"East, Denver, CO",53176
36065026200,"Marcy, NY",53175
34023000403,"Piscataway Township, NJ",53175
17197881500,"Joliet, IL",53174
27067780300,"New London, MN",53173
27053026514,"Minneapolis, MN",53172
6097152400,"Santa Rosa, CA",53171
12086009706,"Miami, FL",53170
55117010700,"Sheboygan, WI",53169
6097151000,"Petaluma, CA",53168
12011070501,"Hollywood, FL",53168
51059422401,"Alexandria, VA",53168
17043844304,"Lombard, IL",53167
39151712112,"North Canton, OH",53167
24031700711,"Derwood, MD",53166
48439114102,"Lake Country, Fort Worth, TX",53166
29095014804,"Blue Springs, MO",53166
36085030301,"Richmond County, NY",53166
17097860805,"Antioch, IL",53164
48029121121,"Uptown, San Antonio, TX",53164
4013422646,"Mesa, AZ",53163
6037650102,"Northwest Torrance, Torrance, CA",53163
53043960300,"Wilbur, WA",53162
24031701216,"Rockville, MD",53162
32510000300,"Carson City, NV",53160
42129803200,"Irwin, PA",53160
42091201706,"Glenside, PA",53160
42091201407,"Oreland, PA",53159
49033950100,"Laketown, UT",53158
4019004641,"Coyote Ridge, Oro Valley, AZ",53158
9011700100,"Preston, CT",53158
48009020300,"Scotland, TX",53157
40143007613,"Point South, Tulsa, OK",53157
25023530100,"Plymouth, MA",53157
17031821101,"Burbank, IL",53156
27075370300,"Silver Bay, MN",53156
19085290300,"Logan, IA",53156
6037620904,"Manhattan Beach, CA",53156
9009184700,"Branford, CT",53156
27037060750,"Eagan, MN",53156
27041450500,"Alexandria, MN",53155
17043843200,"Villa Park, IL",53154
6059062800,"Balboa Peninsula, Newport Beach, CA",53154
31109003709,"Lincoln, NE",53153
48245011600,"Beaumont, TX",53150
46013952000,"Columbia, SD",53150
39035130103,"Bay Village, OH",53150
39049006384,"Olde Sawmill, Dublin, OH",53150
51610500200,"Falls Church, VA",53149
26125128600,"Lake Orion, Orion charter Township, MI",53148
49049000507,"Pleasant Grove, UT",53145
6059042112,"San Clemente, CA",53144
36103111202,"Huntington Station, NY",53144
17115002401,"Decatur, IL",53143
55025011503,"Sun Prairie, WI",53141
53033031604,"Maple Valley, WA",53139
6037291300,"Harbor, Gardena, CA",53137
10003011202,"Wilmington, DE",53137
36047006400,"Kings County, NY",53137
21037052800,"Fort Thomas, KY",53136
4013422606,"Higley Groves, Gilbert, AZ",53134
15003001500,"Kaimuki, Honolulu, HI",53133
51059461602,"Vienna, VA",53132
42019902600,"South Hills, Butler, PA",53131
42029311200,"Coatesville, PA",53131
36103124402,"Lindenhurst, NY",53130
34007603901,"Haddonfield, NJ",53129
18073100901,"Wheatfield, IN",53128
24017850706,"Waldorf, MD",53128
6073010900,"Coronado, CA",53127
18089040402,"Munster, IN",53125
8001008605,"Brighton, CO",53125
24031701420,"Silver Spring, MD",53125
25021443102,"Bellingham, MA",53123
6037189902,"Central LA, Los Angeles, CA",53122
48201451300,"Briarforest, Houston, TX",53121
51153901011,"Montclair, VA",53121
27053021001,"Valley Place, Minneapolis, MN",53118
10003011400,"Wilmington, DE",53115
48491021504,"Teravista, Round Rock, TX",53115
53033031501,"Ravensdale, WA",53114
39061020602,"Cincinnati, OH",53113
55133203601,"Hartland, WI",53113
53053072308,"University Place, WA",53110
12086008416,"Miami, FL",53109
19153000704,"Lower Beaver, Des Moines, IA",53109
53075001000,"Pomeroy, WA",53109
36055011501,"Webster, NY",53109
15003000111,"Hawaii Kai, Honolulu, HI",53108
24005490703,"Towson, MD",53107
8041007602,"Colorado Springs, CO",53107
22087030601,"Chalmette, LA",53106
47187051001,"Franklin, TN",53105
17197883306,"Channahon, IL",53102
42129801002,"New Kensington, PA",53102
36047012801,"Kings County, NY",53099
24037875300,"Avenue, MD",53099
18003011603,"Fort Wayne, IN",53099
17111871311,"Lake in the Hills, IL",53097
51059481101,"Herndon, VA",53097
27037060711,"Burnsville, MN",53095
25025000202,"Oak Square, Boston, MA",53095
27027030202,"Barnesville, MN",53093
25007200200,"East Falmouth, Oak Bluffs, MA",53093
29183311145,"Saint Charles, MO",53092
34013015200,"Bloomfield, NJ",53092
42125795800,"Muse, PA",53090
18097320202,"Washington Township, Indianapolis, IN",53090
45063021303,"Gilbert, SC",53089
36103159106,"Bellport, NY",53089
29189210912,"Florissant, MO",53088
6059099309,"Huntington Beach, CA",53088
46077958100,"Lake Preston, SD",53087
1073012906,"Vestavia Hills, AL",53086
55039041900,"Fond du Lac, WI",53085
24017850713,"Waldorf, MD",53084
42003429600,"Pittsburgh, PA",53083
27003050401,"Anoka, MN",53082
4013420603,"Mesa, AZ",53081
12086008407,"Miami, FL",53080
6001421300,"Berkeley Hills, Berkeley, CA",53079
48201241300,"Spring Lakes, Spring, TX",53078
55055101201,"Fort Atkinson, WI",53076
8001008529,"Thornton, CO",53075
32031001105,"Reno, NV",53072
6095252315,"Fairfield, CA",53072
53033009702,"North Admiral, Seattle, WA",53072
51153900100,"Woodbridge, VA",53071
20173010001,"Wichita, KS",53069
48103950100,"Crane, TX",53068
27163071300,"Saint Paul Park, MN",53068
36081011200,"Queens County, NY",53064
45013002201,"Bluffton, SC",53064
6037310201,"Burbank, CA",53063
36047028800,"Kings County, NY",53062
6037401800,"Claremont, CA",53062
6097151602,"Oakmont Village Association, Santa Rosa, CA",53061
6067004004,"Pocket, Sacramento, CA",53060
36081084602,"Queens County, NY",53060
6085512402,"San Martin, CA",53058
26049012704,"Flint, MI",53058
44003020703,"Coventry, RI",53057
42101033500,"Northeast Philadelphia, Philadelphia, PA",53057
48201342100,"Pasadena, TX",53056
49049010211,"Alpine, UT",53056
44009050104,"North Kingstown, RI",53054
17157951200,"Chester, IL",53054
27141030502,"Elk River, MN",53054
24003708001,"Tracys Landing, MD",53054
51059422101,"Lorton, VA",53053
29135385400,"Tipton, MO",53053
34037373900,"Newton, NJ",53053
36029010804,"Depew, NY",53052
12086008410,"Miami, FL",53051
42003475301,"Bethel Park, PA",53050
38083960200,"Denhoff, ND",53048
26147640200,"Saint Clair, MI",53048
6111005801,"Newbury Park, Thousand Oaks, CA",53047
36055010500,"West Irondequoit, Rochester, NY",53047
8059060300,"North Central Westminster, Broomfield, CO",53047
47165021005,"Goodlettsville, TN",53046
41051006402,"Arnold Creek, Portland, OR",53046
21111008500,"Cherokee Seneca, Louisville, KY",53045
27009020100,"Oak Park, MN",53044
34031124800,"Clifton, NJ",53044
13135050213,"Suwanee, GA",53044
15003000200,"Kuliouou - Kalani Iki, Honolulu, HI",53044
48085030603,"McKinney, TX",53043
6085505500,"Santa Clara, CA",53043
19163012901,"Davenport, IA",53043
26093710300,"Fenton, MI",53042
32013010600,"Winnemucca, NV",53042
6097152600,"Santa Rosa, CA",53042
25005985500,"North Dartmouth, Dartmouth, MA",53041
48497150403,"Paradise, TX",53039
6037301400,"El Miradero, Glendale, CA",53038
36029007903,"T. Edison School, Tonawanda, NY",53038
53053070312,"Bonney Lake, WA",53037
26125196200,"Troy, MI",53037
42091202202,"Montgomery County, PA",53035
37119005815,"Charlotte, NC",53035
34023001805,"Edison, NJ",53034
21111010500,"Saint Matthews, KY",53034
36065023502,"Whitesboro, NY",53034
36029009009,"Getzville, NY",53034
36029008002,"Wilton Argonne, Buffalo, NY",53032
48121021729,"Flower Mound, TX",53032
6053001600,"Salinas, CA",53030
36001014203,"Delmar, NY",53030
55009020503,"Howard, WI",53030
55073001300,"Rib Mountain, Wausau, WI",53030
33011015200,"Amherst, NH",53030
6085500500,"Central San Jose, San Jose, CA",53029
27147960700,"Owatonna, MN",53027
26099261800,"Warren Woods, Warren, MI",53026
36103122802,"North Babylon, NY",53026
29095013901,"Lee's Summit, MO",53025
51059422402,"Alexandria, VA",53022
25023530700,"Plymouth, MA",53022
34003029100,"Little Ferry, NJ",53021
42091210600,"Plymouth Meeting, PA",53021
42071014202,"Gap, PA",53019
36081071900,"Queens County, NY",53017
6059021817,"Yorba Linda, CA",53016
6073017042,"Sabre Springs, San Diego, CA",53016
48085030529,"McKinney, TX",53014
6061021034,"Highland Reserve, Roseville, CA",53013
36055014905,"Rochester, NY",53009
12057006700,"Bayshore Beautiful, Tampa, FL",53009
6037106645,"Granada Hills, Los Angeles, CA",53007
27053022802,"Fern Hill, Minneapolis, MN",53006
46099010102,"Dell Rapids, SD",53005
26125131600,"Highland, Highland Charter Township, MI",53005
40143007616,"Tulsa, OK",53005
51085321403,"Mechanicsville, VA",53005
4013106200,"Alhambra, Phoenix, AZ",53004
6073008347,"Mira Mesa, San Diego, CA",53004
48201541001,"Copper Grove, Houston, TX",53003
31003979600,"Royal, NE",53003
25019950400,"Nantucket, MA",53002
19155021701,"Oakland, IA",53002
18157010700,"Lafayette, IN",53001
48453001770,"Circle C Ranch, Austin, TX",53000
36047020800,"Kings County, NY",53000
42101036100,"Northeast Philadelphia, Philadelphia, PA",52999
48113000100,"Lakewood, Dallas, TX",52998
42017106100,"Langhorne, PA",52998
25017350103,"Ten Hills, Somerville, MA",52996
34031236601,"Haskell, Wanaque, NJ",52994
42027011902,"State College, PA",52994
26021001300,"Saint Joseph, MI",52994
8123002021,"Longmont, CO",52993
36081070900,"Queens County, NY",52993
39035177605,"Parma, OH",52993
42043022604,"Harrisburg, PA",52993
49005000402,"North Logan, UT",52992
22057020702,"Thibodaux, LA",52991
51059491501,"Centreville, VA",52990
8045951802,"Glenwood Springs, CO",52989
6067009323,"Elk Grove, CA",52988
4013422305,"Artemina, Gilbert, AZ",52988
27171100100,"Otsego, MN",52988
6059075702,"Tustin, CA",52987
25005632100,"Seekonk, MA",52987
17073030203,"Geneseo, IL",52987
6017030709,"El Dorado Hills, CA",52987
6087122002,"Aptos, CA",52986
34023009200,"Sayreville, NJ",52985
36081068700,"Queens County, NY",52985
25021417400,"Quincy, MA",52985
51179010213,"Stafford, VA",52985
6071000107,"Chino Hills, CA",52985
6013390100,"El Cerrito, CA",52984
53035091400,"Bremerton, WA",52984
42071013000,"Lancaster County, PA",52983
27145011600,"St. Cloud, MN",52983
36027060201,"Fishkill, NY",52983
36061009000,"Midtown, New York, NY",52983
18163010700,"Evansville, IN",52982
48029191101,"North Central, San Antonio, TX",52982
42045406904,"Aston, PA",52982
25001011100,"East Harwich, Harwich, MA",52982
17197883808,"Crete, IL",52981
12071040117,"Fort Myers, FL",52980
42011012700,"Reading, PA",52978
36103123001,"West Babylon, NY",52978
27137000700,"Congdon Park, Duluth, MN",52978
49049001401,"Riverside, Provo, UT",52978
42071012601,"Denver, PA",52978
6085502910,"Clovercrest - Glen Brae, San Jose, CA",52977
49049010213,"Pleasant Grove, UT",52977
42101034801,"Northeast Philadelphia, Philadelphia, PA",52977
29183311122,"Saint Charles, MO",52977
6001441601,"Centerville, Fremont, CA",52977
9001211300,"Danbury, CT",52975
41005022206,"Happy Valley, OR",52973
6081608600,"Belmont, CA",52972
6111005205,"Camarillo, CA",52972
4013420302,"Mesa, AZ",52970
29095009900,"South Kansas City, Kansas City, MO",52969
17043843100,"Villa Park, IL",52968
20131480300,"Goff, KS",52968
13113140304,"Peachtree City, GA",52968
36081077907,"Queens County, NY",52967
27041451000,"Alexandria, MN",52967
48065950200,"Panhandle, TX",52967
25027712101,"Lunenburg, Lunenburg, MA",52966
6059011401,"Fullerton, CA",52966
27109001900,"Oronoco, MN",52965
4013814200,"The Islands, Gilbert, AZ",52965
33011000902,"Manchester, NH",52965
25021422700,"Weymouth, MA",52964
34013015100,"Bloomfield, NJ",52963
17197880411,"Plainfield, IL",52963
24003702100,"Crownsville, MD",52962
26099217000,"New Haven, MI",52962
48157670901,"Lake Shore Harbour, Missouri City, TX",52962
29095013608,"Lee's Summit, MO",52961
29047020901,"Kansas City, MO",52961
13113140206,"Peachtree City, GA",52961
17001001100,"Quincy, IL",52960
47157021020,"Shelby County, TN",52960
37183053424,"Giverny, Cary, NC",52960
8059011731,"Bear Creek, Lakewood, CO",52960
24027605601,"Hickory Ridge, Columbia, MD",52957
39103405000,"Medina, OH",52956
17031824108,"Orland Hills, IL",52955
51600300100,"Fairfax, VA",52953
34005704004,"Marlton, Evesham Township, NJ",52953
53033032007,"Maple Valley, WA",52953
17019001206,"Champaign, IL",52953
51059450702,"Annandale, VA",52953
29183311311,"St. Peters, MO",52952
53061051916,"Bothell, WA",52951
36029014901,"Alden, NY",52950
12099007762,"West Palm Beach, FL",52950
6059110113,"Cypress, CA",52946
6085511707,"Cupertino, CA",52946
17099962200,"Ottawa, IL",52945
34025806100,"Long Branch, NJ",52940
48493000103,"La Vernia, TX",52940
12057013921,"Fish Hawk, Lithia, FL",52939
53053073126,"Puyallup, WA",52939
36065025400,"New Hartford, NY",52937
36093032402,"Schenectady, NY",52935
37183052603,"North Hills, Raleigh, NC",52934
6001440100,"Union City, CA",52932
6073009804,"San Carlos, San Diego, CA",52931
26147637300,"Marysville, MI",52931
29071800401,"New Haven, MO",52931
39041011520,"Powell, OH",52930
6009000501,"Avery, CA",52930
55009021600,"Pulaski, WI",52929
34025802100,"Hazlet, NJ",52928
4013216829,"Pinnacle Peak, Scottsdale, AZ",52925
22045030600,"New Iberia, LA",52922
6095252909,"Vacaville, CA",52922
42029306800,"Oxford, PA",52922
24035810902,"Stevensville, MD",52920
1117030340,"Pelham, AL",52918
42071013203,"Lancaster, PA",52916
53057940300,"Anacortes, WA",52915
48439111018,"Crowley, TX",52915
36071013300,"Monroe, NY",52915
4013810500,"Chandler, AZ",52914
6001440334,"Union City, CA",52911
42051260900,"Vanderbilt, PA",52911
55105001303,"Janesville, WI",52909
42129807300,"Latrobe, PA",52909
39045030600,"South Columbus, Pickerington, OH",52909
6055201401,"Napa, CA",52908
42011012101,"Reading, PA",52908
24037875600,"Hollywood, MD",52907
34007604300,"Collingswood, NJ",52907
49049010406,"Spanish Fork, UT",52907
42017101405,"Feasterville-Trevose, PA",52906
51107610506,"Leesburg, VA",52905
53033032002,"Maple Valley, WA",52904
6037555202,"El Dorado, Long Beach, CA",52903
29183311721,"St. Peters, MO",52903
42077006305,"Allentown, PA",52902
56041975300,"Evanston, WY",52901
9007670200,"Old Saybrook, CT",52898
9009341100,"Beacon Falls, CT",52898
19017004300,"Readlyn, IA",52897
48329000402,"Lilly Heights, Midland, TX",52897
48085031661,"Villages Of White Rock Creek, Plano, TX",52895
36029009502,"Buffalo, NY",52895
8014030300,"Broomfield, CO",52895
19191950500,"Calmar, IA",52891
19187010200,"Fort Dodge, IA",52891
36001014612,"Altamont, NY",52890
36085018701,"Richmond County, NY",52890
39153532705,"Northfield, OH",52887
34003012001,"East Rutherford, NJ",52885
6055201200,"Napa, CA",52885
25005631700,"Attleboro, MA",52883
29095014806,"Blue Springs, MO",52881
26081011401,"Comstock Park, MI",52880
42071012102,"Lititz, PA",52880
33011014202,"Merrimack, NH",52879
32003005714,"Anthem, Henderson, NV",52879
24025303802,"Bel Air, MD",52878
36055012600,"Rochester, NY",52877
26163558500,"Livonia, MI",52876
17157950900,"Evansville, IL",52874
17031822200,"Oak Lawn, IL",52873
6017030809,"Cameron Park, CA",52873
8059010801,"Applewood, Lakewood, CO",52872
6085506703,"San Tomas, Campbell, CA",52872
48201451001,"Westside, Houston, TX",52872
9013528100,"Andover, CT",52872
28089030104,"Ridgeland, MS",52871
4013103611,"North Mountain Village, Phoenix, AZ",52871
36087011700,"Sloatsburg, NY",52869
24013504100,"Finksburg, MD",52868
20177003604,"Topeka, KS",52868
27025110301,"North Branch, MN",52868
4013116713,"Ahwatukee Foothills Village, Phoenix, AZ",52868
19037070300,"Fredericksburg, IA",52867
6037651402,"Walteria, Torrance, CA",52866
9001044300,"Norwalk, CT",52864
25017382601,"Natick, MA",52863
36063023902,"Lockport, NY",52863
29095013916,"Lee's Summit, MO",52862
19123950200,"New Sharon, IA",52859
36081116100,"Queens County, NY",52859
41067032607,"Orenco Station, Hillsboro, OR",52858
35025000701,"Hobbs, NM",52857
17031070103,"Lincoln Park, Chicago, IL",52857
25025091001,"Dorchester, Boston, MA",52856
36055014901,"Spencerport, NY",52855
34023002703,"Avenel, Woodbridge Township, NJ",52855
6097151601,"Santa Rosa, CA",52853
38097970200,"Mayville, ND",52853
6075011300,"Chinatown, San Francisco, CA",52852
6079011002,"San Luis Obispo, CA",52852
53033029303,"Renton, WA",52851
21037051904,"Alexandria, KY",52851
42091208601,"Royersford, PA",52851
42045408300,"Haverford, PA",52848
48339690401,"Magnolia, TX",52848
6075026303,"Crocker-Amazon, San Francisco, CA",52846
9001043100,"Norwalk, CT",52846
15003007804,"Pearl City, HI",52845
56001963900,"Laramie, WY",52844
53033032402,"Duvall, WA",52843
36119001505,"Southeast Yonkers, Yonkers, NY",52841
55079091100,"Wauwatosa, WI",52839
55079120201,"Greenfield, WI",52839
4013216852,"North Scottsdale, Scottsdale, AZ",52839
26081011102,"Belmont, Plainfield charter Township, MI",52839
55009940002,"Green Bay, WI",52838
27049080900,"Zumbrota, MN",52837
26099261600,"Warren Woods, Warren, MI",52837
13121011411,"Roswell, GA",52836
35028000500,"White Rock, NM",52835
29095014702,"Independence, MO",52834
47037018102,"Hillwood, Nashville, TN",52832
53073010701,"Lynden, WA",52831
42075002400,"Annville, PA",52831
39061020701,"Cincinnati, OH",52830
42017100900,"Langhorne, PA",52830
55101001703,"Mount Pleasant, WI",52829
34031256803,"West Milford, NJ",52829
13121010211,"Atlanta, GA",52828
29165030210,"Coves North, Kansas City, MO",52827
53033029602,"Auburn, WA",52824
22033002300,"Mid City South, Baton Rouge, LA",52824
19055950200,"Manchester, IA",52823
49005001201,"Millville, UT",52823
6001444200,"Newark, CA",52822
6059099602,"Huntington Beach, CA",52822
39041011604,"Sunbury, OH",52821
55089640100,"Grafton, WI",52820
55027960100,"Lomira, WI",52820
39035189112,"Westlake, OH",52819
31155968200,"Weston, NE",52817
42003458000,"Carnegie, PA",52817
9009184500,"Branford, CT",52816
36001013508,"Latham, NY",52814
6001442500,"Sundale, Fremont, CA",52814
51059461601,"Fairfax, VA",52814
6037501700,"East Whitter, Whittier, CA",52813
53033022201,"Inglewood-Finn Hill, Kirkland, WA",52813
22033004014,"Highlands/Perkins, Baton Rouge, LA",52813
53061050402,"Edmonds, WA",52811
34005702909,"Mount Laurel, NJ",52811
51059491602,"Chantilly, VA",52811
6081614000,"San Bruno, CA",52811
8059010210,"Scenic Heights, Arvada, CO",52810
36103124002,"Lindenhurst, NY",52808
19149970300,"Akron, IA",52808
36081056000,"Queens County, NY",52807
6037501600,"Whittier, CA",52806
1073012910,"Birmingham, AL",52806
36081072900,"Queens County, NY",52806
24003731002,"Annapolis, MD",52806
12117021313,"Oviedo, FL",52804
55049950400,"Iowa Street Historic District, Dodgeville, WI",52803
25005600100,"North Easton, Easton, MA",52801
31131966700,"Syracuse, NE",52801
25019950200,"Nantucket, MA",52799
36081065702,"Queens County, NY",52799
18137968400,"Sunman, IN",52798
36063022711,"North Tonawanda, NY",52797
34017010600,"Constable Hook, Bayonne, NJ",52797
41005020303,"Mount Park, Lake Oswego, OR",52797
42125732000,"Washington, PA",52796
6073008354,"Mira Mesa, San Diego, CA",52796
38017010201,"West Fargo, ND",52795
18063210700,"Plainfield, IN",52795
9013890201,"Stafford Springs, Stafford, CT",52795
6073020810,"San Diego Country Estates, Ramona, CA",52794
48285000400,"Shiner, TX",52794
24005451702,"Middle River, MD",52793
53033032325,"Education Hill, Redmond, WA",52793
40147000700,"Bartlesville, OK",52792
42095016002,"Walnutport, PA",52792
34017013000,"Kearny, NJ",52792
48039660300,"Pearland, TX",52790
48453001774,"Southland Oaks, Austin, TX",52789
36103110901,"Huntington, NY",52789
42077006702,"Allentown, PA",52787
35025000704,"Hobbs, NM",52787
15003008922,"Waipahu, HI",52786
55141010100,"Auburndale, WI",52786
6041114200,"Fairfax, CA",52784
18085961600,"Warsaw, IN",52784
24031701314,"Olney, MD",52783
46021964100,"Herreid, SD",52783
34037371700,"Sussex County, NJ",52782
55133204301,"Oconomowoc, WI",52781
40017300201,"Piedmont, OK",52780
25021417502,"North Quincy, Quincy, MA",52779
6067008510,"Willow Creek Estates South, Folsom, CA",52778
13117130202,"Cumming, GA",52777
12021010606,"East Naples, Naples, FL",52777
9011716101,"Niantic, East Lyme, CT",52776
25017341600,"Malden, MA",52776
48157672500,"Kingsbridge Court, Houston, TX",52776
12031016500,"Southside, Jacksonville, FL",52774
42125745100,"Canonsburg, PA",52773
47165021203,"Gallatin, TN",52773
33017082000,"Rollinsford, NH",52773
34003019202,"Fort Lee, NJ",52772
29095014111,"Blue Springs, MO",52770
6059001601,"Fullerton, CA",52769
48493000500,"Stockdale, TX",52769
6095252107,"Benicia, CA",52767
38077971000,"Wahpeton, ND",52767
49011125906,"Fairfield Meadows, Layton, UT",52765
24025303801,"Bel Air, MD",52764
22055001402,"Lafayette, LA",52764
6001430800,"Castro Valley, CA",52762
42091205801,"King of Prussia, PA",52760
48135001000,"Odessa, TX",52760
6059052502,"Tustin, CA",52759
48491020310,"Great Oaks, Round Rock, TX",52759
27037060741,"Burnsville, MN",52757
41005020100,"First Addition, Lake Oswego, OR",52756
4013422212,"Dobson Ranch, Mesa, AZ",52754
22033004403,"Greenwell Springs, Central, LA",52754
6065043278,"Murrieta, CA",52753
9009361100,"Wolcott, CT",52753
36119010803,"Hartsdale, NY",52753
22051020301,"Metairie, LA",52752
36103147401,"Islip, NY",52752
6059042330,"Laguna Niguel, CA",52752
25025130402,"West Roxbury, Boston, MA",52752
53053940011,"Northeast Tacoma, Tacoma, WA",52752
29095018500,"Lee's Summit, MO",52751
36081014700,"Queens County, NY",52750
6013351102,"Rossmoor, Walnut Creek, CA",52749
12071040112,"Colonial Country Club, Fort Myers, FL",52749
31041971700,"Sargent, NE",52749
45007011201,"Anderson, SC",52748
36105950400,"Livingston Manor, NY",52746
36029009501,"Amherst, NY",52745
36081001600,"Queens County, NY",52745
42003435000,"Pittsburgh, PA",52745
42011011800,"Birdsboro, PA",52742
36047049600,"Kings County, NY",52742
46125965200,"Viborg, SD",52741
51550021101,"Butts Station, Chesapeake, VA",52740
38043966800,"Steele, ND",52740
13057090803,"Canton, GA",52739
29095014904,"Blue Springs, MO",52739
34017014900,"North Bergen, NJ",52737
6019005516,"Fresno, CA",52736
53033031204,"Auburn, WA",52736
9005250100,"Bridgewater, CT",52735
49049001201,"Lakeview, Orem, UT",52731
48209010805,"Belterra, Austin, TX",52731
36093032503,"Schenectady, NY",52730
9001205300,"Brookfield, CT",52730
27167950200,"Breckenridge, MN",52730
42003563800,"Sewickley, PA",52730
42125773200,"Monongahela, PA",52730
6073009505,"Tierrasanta, San Diego, CA",52729
42045406202,"Brookhaven, PA",52729
42003447000,"Sewickley, PA",52728
48201551701,"Houston, TX",52725
17031411100,"Hyde Park, Chicago, IL",52724
29189216600,"Richmond Heights, MO",52723
21037053100,"Highland Heights, KY",52723
36029013002,"Hamburg, NY",52720
42003525300,"Oakglen, Oakmont, PA",52719
48085030505,"Cypress Lake At Stonebriar, Frisco, TX",52719
55117010300,"Elkhart Lake, WI",52718
24005401504,"Catonsville, MD",52718
6041108200,"San Rafael, CA",52717
27049080800,"Pine Island, MN",52717
6037310400,"Burbank, CA",52716
42071014000,"Strasburg, PA",52710
33013003006,"South Hooksett, Hooksett, NH",52709
48113017814,"Quail Hollow, Mesquite, TX",52708
4013814700,"Rancho Corona, Gilbert, AZ",52708
53033009300,"Greater Duwamish, Seattle, WA",52708
17091012600,"Kankakee, IL",52708
22087030207,"Chalmette, LA",52707
26081011801,"Grand Rapids, MI",52704
45045002803,"Greer, SC",52703
55079060101,"Glendale, WI",52703
4013116731,"Ahwatukee Foothills Village, Phoenix, AZ",52703
33011200200,"Pelham, NH",52702
48039663100,"Lake Jackson, TX",52701
27053026403,"Hopkins, MN",52699
42003202300,"Banksville, Pittsburgh, PA",52697
26163574700,"Dearborn, MI",52696
55101001602,"Racine, WI",52695
24003740702,"Odenton, MD",52694
25013813602,"Wilbraham, MA",52694
34003054500,"Teaneck, NJ",52693
55101002800,"Buena Park, Waterford, WI",52692
48085031802,"Dallas North Estates, Plano, TX",52692
27003050706,"Coon Rapids, MN",52691
24031703000,"South Four Corners, Silver Spring, MD",52691
34033021101,"Pittsgrove Township, NJ",52691
21067004210,"Lexington, KY",52690
27123041103,"Minneapolis, MN",52688
32031003504,"Sparks, NV",52688
55133204002,"Eagle, WI",52688
17031061500,"Lake View, Chicago, IL",52688
56025001700,"Casper, WY",52687
42003523701,"Valemont Heights, Verona, PA",52687
6085502701,"Cambrian Community, Campbell, CA",52687
19153010408,"Urbandale, IA",52686
8069001004,"Nelson Farm, Fort Collins, CO",52684
36071014502,"Warwick, NY",52683
42001031203,"Littlestown, PA",52683
6085508703,"Sunnyvale, CA",52682
4013106600,"Alhambra, Phoenix, AZ",52680
31111959800,"Hershey, NE",52680
6075061100,"Chinatown, San Francisco, CA",52679
6075015600,"Inner Richmond, San Francisco, CA",52679
12086006802,"Northeast Coconut Grove, Miami, FL",52678
12021010210,"Central Naples, Naples, FL",52678
6071000815,"Upland, CA",52675
27025110502,"Lindstrom, MN",52674
6061023000,"Rocklin, CA",52674
6073017104,"Encinitas, CA",52673
51107611806,"Aldie, VA",52671
27123036500,"Macalester - Groveland, Saint Paul, MN",52671
17031810600,"Harwood Heights, IL",52669
24031703215,"Silver Spring, MD",52669
51087200201,"Richmond, VA",52668
44007012104,"North Providence, RI",52667
26163595100,"Riverview, MI",52667
15003006701,"Moanalua, Honolulu, HI",52667
48493000202,"Floresville, TX",52665
31151960800,"Western, NE",52665
25023541100,"Rochester, MA",52665
6071002022,"Etiwanda, Rancho Cucamonga, CA",52663
25021400600,"Fisher Hill, Brookline, MA",52663
49049003104,"Springville, UT",52662
48245011303,"Beaumont, TX",52661
36081058700,"Queens County, NY",52661
54051020702,"Glen Dale, WV",52660
6085509105,"Mountain View, CA",52659
51013103401,"Fort Myer, Arlington, VA",52658
42101001201,"Center City, Philadelphia, PA",52658
4013105400,"North Mountain Village, Phoenix, AZ",52657
39017011126,"Butler County, OH",52657
12115001304,"Sarasota, FL",52656
29165030600,"Platte City, MO",52656
8035014405,"The Meadows, Castle Rock, CO",52655
31079001300,"Doniphan, NE",52654
19161080300,"Lake View, IA",52652
4013422506,"Park Village, Gilbert, AZ",52652
12117021604,"Wekiva Springs, FL",52651
36047017100,"Kings County, NY",52651
53061052707,"Marysville, WA",52650
53053072313,"University Place, WA",52649
18039001100,"Nappanee, IN",52648
25009260500,"Haverhill, MA",52648
17019010700,"Saint Joseph, IL",52648
36047053200,"Kings County, NY",52647
34017014400,"North Bergen, NJ",52647
46077958200,"De Smet, SD",52646
6081605400,"Oak Grove Manor, Burlingame, CA",52646
34029713800,"Brick, NJ",52644
51179010305,"Fredericksburg, VA",52644
32017950100,"Pioche, NV",52643
6075026100,"Balboa Park, San Francisco, CA",52643
42091206502,"Schwenksville, PA",52643
40109108318,"Northwest Oklahoma City, Edmond, OK",52643
29095010105,"Foxcroft and Glen Arbor, Kansas City, MO",52643
36027020003,"Hopewell Junction, NY",52642
21111007900,"Crescent Hill, Louisville, KY",52641
6095250604,"Vallejo, CA",52640
51041100509,"Chester, VA",52639
26099216000,"Ray, MI",52639
6113011002,"Woodland, CA",52638
6059011300,"Fullerton, CA",52638
19015020100,"Boone, IA",52637
53033002400,"Northeast Seattle, Seattle, WA",52636
42091200707,"Hatfield, PA",52636
12117021609,"Longwood, FL",52636
6037143800,"Studio City, Los Angeles, CA",52634
36047028600,"Kings County, NY",52633
18003011605,"Fort Wayne, IN",52633
48085031623,"Pitman Creek North, Plano, TX",52632
51019030103,"Forest, VA",52631
36079010700,"Cold Spring, NY",52631
9011714103,"Colchester, CT",52630
13135050426,"Stone Mountain, GA",52629
6073015405,"El Cajon, CA",52629
24025304102,"White Hall, MD",52627
26099251300,"Saint Clair Shores, MI",52627
25017339700,"South Medford, Medford, MA",52627
6037403305,"Valle Lindo, Walnut, CA",52625
6037403321,"Westmont, Diamond Bar, CA",52622
33015065007,"Hampton, NH",52622
25023530500,"Plymouth, MA",52621
35015001100,"Artesia, NM",52621
6059032003,"Mission Viejo, CA",52621
6059001705,"Fullerton, CA",52620
25021420202,"Randolph, MA",52620
36061015300,"Lincoln Square, New York, NY",52620
12011040203,"North Fort Lauderdale, Fort Lauderdale, FL",52619
20091053413,"Overland Park, KS",52619
48113017811,"Meadowdale, Mesquite, TX",52618
36093032502,"Schenectady, NY",52618
19015020300,"Boone, IA",52615
31153010503,"Omaha, NE",52614
4013216839,"North Scottsdale, Scottsdale, AZ",52614
48029182102,"Far North Central, San Antonio, TX",52614
6061021309,"Rocklin, CA",52613
17031280100,"Fulton River District, Chicago, IL",52613
42091204008,"Conshohocken, PA",52613
34041031500,"Hackettstown, NJ",52612
36081071702,"Queens County, NY",52612
18081610603,"Greenwood, IN",52611
55069960700,"Merrill, WI",52610
22055001401,"Lafayette, LA",52610
41051000302,"Eastmoreland, Portland, OR",52610
24017850710,"Waldorf, MD",52608
42071010101,"Denver, PA",52608
38099958100,"Park River, ND",52607
26125154000,"Sylvan Lake, MI",52607
27067780400,"Kandiyohi, MN",52607
8059010503,"Wheat Ridge, CO",52607
42003418000,"Cheswick, PA",52606
37097060602,"Statesville, NC",52605
29186960300,"Ste. Genevieve, MO",52604
6073017810,"Carlsbad, CA",52604
36071012800,"New Windsor, NY",52603
23031005400,"Saco, ME",52600
6085511500,"College Terrace, Palo Alto, CA",52600
24021767600,"Keymar, MD",52600
42125714000,"McDonald, PA",52599
8059009824,"West Westminster, Westminster, CO",52598
6065044921,"Rancho Mirage, CA",52598
17043841705,"Glen Ellyn, IL",52598
25023500101,"Hull, MA",52597
27053026816,"Minneapolis, MN",52597
6085503331,"East San Jose, San Jose, CA",52596
38069956100,"Rugby, ND",52594
49013940300,"Duchesne, UT",52593
36055013506,"Rochester, NY",52593
6041102202,"Novato, CA",52591
8035014112,"Highlands Ranch, CO",52589
17197883206,"Joliet, IL",52589
33011019502,"Mont Vernon, NH",52588
55133203901,"Mukwonago, WI",52588
27141030404,"Becker, MN",52587
9003510900,"East Hartford, CT",52587
8013060700,"Louisville, CO",52585
42003456001,"McDonald, PA",52585
39025040404,"Milford, OH",52585
36055014601,"North Chili, NY",52584
4013108100,"Camelback East Village, Phoenix, AZ",52583
19163013702,"Riverdale, IA",52582
26099254500,"Fraser, MI",52581
39035186105,"Strongsville, OH",52581
6059042324,"Laguna Niguel, CA",52581
36081029300,"Queens County, NY",52581
9003524300,"Enfield, CT",52580
9013530400,"Vernon, CT",52580
22055001404,"Youngsville, LA",52577
42133020222,"Lewisberry, PA",52576
1117030305,"Indian Springs Village, AL",52576
48251130100,"Godley, TX",52575
27053011703,"Hale, Minneapolis, MN",52574
17097865400,"Highland Park, IL",52574
8013012705,"Gunbarrel, Boulder, CO",52574
42125771100,"Finleyville, PA",52574
18181958800,"Brookston, IN",52574
55091950100,"Durand, WI",52573
26147643000,"East China, MI",52573
27155460100,"Wheaton, MN",52572
18089040802,"Highland, IN",52571
6073013421,"Rancho del Rey, Chula Vista, CA",52570
6001433102,"Lower Bal, San Leandro, CA",52569
39041011530,"Lewis Center, OH",52569
27171100203,"Monticello, MN",52568
29077003800,"Springfield, MO",52568
53005010813,"Kennewick, WA",52568
6067007102,"North Natomas, Sacramento, CA",52566
17043844901,"Downers Grove, IL",52566
6037274100,"Venice, Marina del Rey, CA",52565
26081004300,"Indian Village, Grand Rapids, MI",52565
48339693300,"Conroe, TX",52565
36081076902,"Queens County, NY",52565
53005010803,"South Richland, Richland, WA",52564
6037403408,"Walnut, CA",52564
39035182106,"Seven Hills, OH",52564
42101033300,"Northeast Philadelphia, Philadelphia, PA",52563
51059461700,"Fairfax, VA",52561
41067031904,"Bull Mountain, Tigard, OR",52560
15003008927,"Mililani Mauka - Launani Valley, Mililani, HI",52560
34023007500,"South Amboy, NJ",52560
17097861607,"Grayslake, IL",52559
55139002602,"Menasha, WI",52558
8075966400,"Sterling, CO",52558
29095013802,"Lee's Summit, MO",52554
9005253400,"New Milford, CT",52553
53021020603,"Pasco, WA",52553
19013002500,"Cedar Falls, IA",52553
39169002500,"Sterling, OH",52552
6085506503,"Downtown, Campbell, CA",52552
27155460200,"Beardsley, MN",52550
42029301300,"Pottstown, PA",52547
48339690500,"Conroe, TX",52546
32003007500,"Las Vegas, NV",52545
12057010212,"New Tampa, Tampa, FL",52543
6001451501,"Livermore, CA",52543
33015100302,"Salem, NH",52542
26125121700,"Oakland County, MI",52541
36081006202,"Queens County, NY",52541
22071010800,"Uptown/Carrollton, New Orleans, LA",52540
6095252913,"Vacaville, CA",52540
40143006901,"Tulsa, OK",52538
20167973900,"Russell, KS",52537
36067016300,"Syracuse, NY",52537
25013813404,"East Longmeadow, MA",52537
27089080300,"Argyle, MN",52536
48113000201,"Lower Greenville, Dallas, TX",52536
42017104100,"Dublin, PA",52535
1003011201,"Fairhope, AL",52534
20057961600,"Ford County, KS",52534
24027601105,"Ellicott City, MD",52533
27053021100,"Robbinsdale, MN",52531
25009204102,"Salem, MA",52529
31153010620,"Papillion, NE",52529
9009190200,"Guilford, CT",52528
25023526100,"Halifax, MA",52528
34033021700,"Salem County, NJ",52528
47157021140,"Cordova, Memphis, TN",52526
26099215000,"Washington, MI",52526
41067030402,"Portland, OR",52526
31023967800,"David City, NE",52524
42041012502,"Carlisle, PA",52524
24003741000,"Severn, MD",52523
4013814100,"Sun Groves, Chandler, AZ",52523
42133010510,"York, PA",52523
24003731306,"Pasadena, MD",52521
12109020802,"Fruit Cove, FL",52520
53033020900,"Highland Terrace, Shoreline, WA",52519
55139001600,"Winnebago, WI",52518
29047021205,"Gashland, Kansas City, MO",52517
51059491103,"Centreville, VA",52517
49051960400,"Midway, UT",52517
53035091100,"Poulsbo, WA",52515
6019004214,"Fresno, CA",52515
17031560800,"Garfield Ridge, Chicago, IL",52515
25017324101,"Littleton Common, Littleton, MA",52514
36029006302,"Albright, Buffalo, NY",52513
17031081600,"Near North, Chicago, IL",52511
6061021204,"Penryn, CA",52510
6059062610,"Irvine Business Complex, Irvine, CA",52509
18057110811,"Fishers, IN",52509
12099007005,"Boca Raton, FL",52509
6065044919,"Palm Desert, CA",52509
26139022002,"West Olive, MI",52509
42045404004,"Morton, PA",52508
34003019102,"Fort Lee, NJ",52506
27109000903,"Rochester, MN",52506
6059042335,"Laguna Niguel, CA",52505
48439105007,"Fairway Bend, Fort Worth, TX",52505
31109003604,"Lincoln, NE",52504
40109100600,"Central Oklahoma City, Oklahoma City, OK",52502
53007960801,"Wenatchee, WA",52501
24003730603,"Millersville, MD",52500
42125796000,"Claysville, PA",52500
34001010800,"Hammonton, NJ",52499
55027961600,"Neosho, WI",52499
12031013905,"Beaches, Atlantic Beach, FL",52498
17031828300,"Thornton, IL",52496
18127051102,"Kouts, IN",52496
16001010224,"Eagle, ID",52495
4013812600,"Ocotillo, Chandler, AZ",52495
42003526102,"Renton, Plum, PA",52494
42071010502,"Manheim, PA",52493
9001022400,"Cove - East Side - Shippan, Stamford, CT",52493
8113968102,"Mountain Village, CO",52492
16001000702,"East End, Boise, ID",52491
42091206106,"Royersford, PA",52489
36061011700,"Hell's Kitchen, New York, NY",52489
31157953200,"Gering, NE",52489
42003518001,"Pittsburgh, PA",52487
42005950700,"Rural Valley, PA",52486
26099212000,"Armada, MI",52486
17043844701,"Westmont, IL",52486
36081074300,"Queens County, NY",52485
6061022800,"Stanford, Roseville, CA",52483
22033003907,"Baton Rouge, LA",52483
27171100204,"Monticello, MN",52483
17097861013,"Lake Villa, IL",52481
12099007748,"Boca Raton, FL",52481
36029008500,"Buffalo, NY",52481
49035115209,"West Jordan, UT",52480
48041001803,"Southwood Valley, College Station, TX",52479
42129804701,"Greensburg, PA",52479
42003496102,"Elizabeth, PA",52477
8059011712,"Green Mountain, Lakewood, CO",52477
38097970100,"Hatton, ND",52476
20091051500,"Ridgewood, Prairie Village, KS",52476
6085512307,"Morgan Hill, CA",52475
48113018104,"Sunnyvale, TX",52473
55009021302,"Green Bay, WI",52472
17019001205,"Champaign, IL",52472
27127750600,"Lamberton, MN",52472
9009175900,"Wallingford Center, Wallingford, CT",52472
53061052204,"Monroe, WA",52471
6037276604,"Playa del Rey, Los Angeles, CA",52468
27083360200,"Marshall, MN",52467
13021013410,"Macon, GA",52467
18059410900,"Greenfield, IN",52466
9001210800,"Danbury, CT",52466
55015020800,"Appleton, WI",52465
34015501404,"Glassboro, NJ",52463
31025965900,"Elmwood, NE",52462
6059032027,"Lake Forest, CA",52462
35025000703,"Hobbs, NM",52460
34035051600,"Manville, NJ",52460
36081009500,"Queens County, NY",52459
6037482102,"Monterey Park, CA",52459
34023003002,"Woodbridge, Woodbridge Township, NJ",52458
36067013200,"Syracuse, NY",52458
6059110111,"Cypress, CA",52457
31111960600,"North Platte, NE",52456
4013814800,"Gilbert, AZ",52455
34029735101,"West Creek, Stafford Township, NJ",52455
40109109201,"Edmond, OK",52455
49035113532,"Salt Lake City, UT",52455
18033020400,"Auburn, IN",52455
24013506200,"Millers, MD",52454
21111010102,"Louisville, KY",52452
6085511000,"Midtown, Palo Alto, CA",52452
48201422000,"Southwest Houston, Houston, TX",52448
28121020210,"Brandon, MS",52447
49011125103,"Layton, UT",52447
53067011900,"Olympia, WA",52447
45045002814,"Greer, SC",52445
34015500500,"Gibbstown, Greenwich Township, NJ",52445
55059003002,"Twin Lakes, WI",52445
17031620300,"South Side, Chicago, IL",52444
25023525101,"Bridgewater, MA",52444
8005006854,"Greenwood Village, CO",52443
27123042002,"Lauderdale, MN",52443
6037400800,"Azusa, CA",52441
20203957600,"Leoti, KS",52441
6059099417,"Huntington Beach, CA",52440
42071011504,"Columbia, PA",52438
47093005709,"Knoxville, TN",52437
6111008306,"Simi Valley, CA",52436
12057011512,"Odessa, FL",52436
6071002031,"Rancho Cucamonga, CA",52436
31109001101,"Lincoln, NE",52435
48357950300,"Perryton, TX",52435
34029722002,"Toms River, NJ",52434
46099001200,"Sioux Falls, SD",52433
34017000400,"The Heights, Jersey City, NJ",52432
9013535200,"Tolland, CT",52431
17031650301,"South Side, Chicago, IL",52431
19181020900,"Indianola, IA",52430
8059010205,"Oak Park, Arvada, CO",52429
27053026807,"Minneapolis, MN",52429
36083052403,"Rensselaer, NY",52429
40143007513,"Broken Arrow, OK",52428
12086008202,"Palmetto Bay, FL",52428
27157490200,"Kellogg, MN",52428
26125126200,"Clarkston, MI",52428
4013216831,"Central Scottsdale, Scottsdale, AZ",52427
55133200101,"Capitol Hill, Menomonee Falls, WI",52427
17031150300,"Portage Park, Chicago, IL",52426
55033970600,"Menomonie, WI",52424
36085003600,"Richmond County, NY",52423
8013013213,"Longmont, CO",52423
36059409900,"Valley Stream, NY",52420
49049002702,"Provost South, Provo, UT",52417
24005407001,"Parkton, MD",52416
27003050232,"Centerville, MN",52415
41067033302,"Forest Grove, OR",52415
4013103212,"Cactus Glen, Scottsdale, AZ",52412
48439110901,"Benbrook, TX",52412
48091310703,"Spring Branch, TX",52410
55029100900,"Sturgeon Bay, WI",52410
36081080900,"Queens County, NY",52408
42077005200,"Slatington, PA",52407
36027190101,"Wappingers Falls, NY",52407
53005011503,"Kennewick, WA",52405
49035112804,"Sandy, UT",52402
34031256801,"Hewitt, West Milford, NJ",52402
49049010600,"Genola, UT",52402
18011810601,"Whitestown, IN",52401
12103025700,"Belleair, FL",52399
19163013703,"Bettendorf, IA",52399
38069956200,"Rugby, ND",52398
18127051101,"Hebron, IN",52396
24005492200,"Parkville, MD",52395
17031806002,"Des Plaines, IL",52395
53011041310,"Fairway 164th, Vancouver, WA",52395
55079080200,"Shorewood, WI",52394
34023002200,"Metuchen, NJ",52393
26163575600,"Dearborn, MI",52393
39095009202,"Toledo, OH",52391
4013614900,"Phoenix, AZ",52391
51041101010,"Midlothian, VA",52390
8059009847,"Hiwan Estates And Fairway, Evergreen, CO",52388
10003011600,"Wilmington, DE",52387
19113010400,"Springville, IA",52386
6037106642,"Granada Hills, Los Angeles, CA",52386
40143005100,"Tulsa, OK",52385
17031828801,"Flossmoor, IL",52385
34029713700,"Brick, NJ",52385
6037135102,"West Hills, Los Angeles, CA",52384
6075025900,"Excelsior, San Francisco, CA",52384
53061041304,"Boulevard Bluffs, Everett, WA",52383
6059052506,"El Camino Real, Irvine, CA",52383
39049007492,"Gahanna, OH",52383
8035014300,"Sedalia, CO",52381
8031003401,"Washington Park, Denver, CO",52380
13121009101,"Ardmore, Atlanta, GA",52378
28121020208,"Brandon, MS",52378
36047037402,"Kings County, NY",52375
42029311404,"Glenmoore, PA",52374
34003041200,"Palisades Park, NJ",52373
55101001900,"Racine County, WI",52372
55071010300,"Reedsville, WI",52371
36061005501,"Lower Manhattan, New York, NY",52370
48439111017,"Fort Worth, TX",52369
36047101200,"Kings County, NY",52369
11001008200,"Northeast Washington, Washington, DC",52367
36047013400,"Kings County, NY",52366
34037372600,"Stockholm, Hardyston Township, NJ",52364
36081077906,"Queens County, NY",52362
30083070400,"Sidney, MT",52362
6081601000,"Westlake, Daly City, CA",52361
51003011000,"West Leigh, Charlottesville, VA",52361
49035114300,"West Jordan, UT",52359
39049007427,"Hunters Ridge, Columbus, OH",52359
6013321101,"Martinez, CA",52359
8005007104,"Aurora, CO",52359
24031703301,"Rockville, MD",52358
19049050811,"West Des Moines, IA",52357
39085205002,"Ellison Creek, Painesville, OH",52356
8123002501,"Ault, CO",52355
48121020104,"Pilot Point, TX",52355
53005011600,"Prosser, WA",52354
53033012100,"Arbor Heights, Seattle, WA",52353
29189210926,"Florissant, MO",52353
24013514201,"Sykesville, MD",52353
17031805108,"Mount Prospect, IL",52350
36103111506,"Huntington, NY",52349
53053073408,"Puyallup, WA",52348
49035110800,"Holladay, UT",52348
38049955600,"Towner, ND",52348
6087120900,"Scotts Valley, CA",52348
48135002502,"Odessa, TX",52347
53067011810,"Olympia, WA",52346
22049970200,"Quitman, LA",52345
1117030344,"Birmingham, AL",52344
13215001100,"Columbus, GA",52343
55117010502,"Plymouth, WI",52342
55079080300,"Shorewood, WI",52342
48339690202,"Pinehurst, TX",52341
36081047500,"Queens County, NY",52341
29095010001,"Lea Manor, Kansas City, MO",52340
55133203902,"Mukwonago, WI",52340
39061004701,"Mount Lookout, Cincinnati, OH",52339
36081047900,"Queens County, NY",52339
55009020504,"Green Bay, WI",52335
17111871108,"Crystal Lake, IL",52334
6037651304,"Riviera, Redondo Beach, CA",52333
40143007508,"Broken Arrow, OK",52331
51059491601,"Chantilly, VA",52331
45019002802,"West Ashley, Charleston, SC",52330
33011001100,"Manchester, NH",52330
53061053400,"Arlington, WA",52329
45045001501,"Greenville, SC",52329
8039961207,"Elizabeth, CO",52329
36081069701,"Queens County, NY",52329
24047950100,"Ocean City, MD",52328
48121021612,"North Central Carrollton, Carrollton, TX",52326
6111005911,"Newbury Park, Thousand Oaks, CA",52323
27053026820,"Brooklyn Park, MN",52322
32003002916,"Canyon Gate, Las Vegas, NV",52321
25017340000,"Medford, MA",52321
19153000801,"Meredith, Des Moines, IA",52320
33011014201,"Merrimack, NH",52320
19137960100,"Red Oak, IA",52318
25027742300,"Westborough, Westborough, MA",52317
27093560100,"Dassel, MN",52317
19091970100,"Hardy, IA",52316
49035113108,"West Jordan, UT",52316
9003481200,"Southwood Acres, Enfield, CT",52316
6071007104,"Grand Terrace, CA",52316
48085031409,"Allen, TX",52315
39103402000,"Valley City, OH",52314
6073017015,"Rancho Bernardo, San Diego, CA",52313
24021752801,"Myersville, MD",52312
26099260300,"Warren, MI",52312
6085512030,"South San Jose, San Jose, CA",52311
49049000105,"Lehi, UT",52310
6067008704,"Anatolia Village, Rancho Cordova, CA",52309
12071040114,"Arborwood, Fort Myers, FL",52308
21111009900,"Louisville, KY",52308
6071007901,"Highland, CA",52307
39103416300,"Brunswick, OH",52305
36047000100,"Kings County, NY",52304
48121021715,"Lewisville, TX",52303
25001011802,"Yarmouth Port, Yarmouth, MA",52302
42133023822,"Shrewsbury, PA",52302
17179021500,"Pekin, IL",52302
48257050206,"Forney, TX",52302
6059042323,"Dana Point, CA",52301
26099247300,"Harrison charter Township, MI",52301
36081003100,"Queens County, NY",52300
36103158206,"Port Jefferson, NY",52300
1117030609,"Alabaster, AL",52299
9009141000,"West New Haven, New Haven, CT",52299
31013951100,"Hemingford, NE",52297
51800075301,"Suffolk, VA",52297
26125134600,"Commerce Charter Township, MI",52296
9001210500,"Danbury, CT",52294
4013811000,"Chandler, AZ",52294
36063022804,"North Tonawanda, NY",52293
27109002000,"Eyota, MN",52293
36091062700,"Waterford, NY",52293
6085511400,"Old Palo Alto, Palo Alto, CA",52292
6075980501,"Visitacion Valley, San Francisco, CA",52292
20197483100,"Alma, KS",52291
6037460000,"Hastings Ranch, Pasadena, CA",52288
36029000900,"Abbott McKinley, Buffalo, NY",52288
6019004303,"Fresno, CA",52286
8059012045,"Foothill Green, Littleton, CO",52286
18063210300,"Pittsboro, IN",52283
40017301408,"Southwest Oklahoma City, Mustang, OK",52281
39095009300,"Berkey, OH",52280
42045400700,"Upper Darby, PA",52280
6037461700,"North Arroyo, Pasadena, CA",52278
26163574900,"Dearborn, MI",52277
26081014502,"Chateau Hills, Wyoming, MI",52276
6037620101,"El Segundo, CA",52276
6073017809,"Carlsbad, CA",52276
19141490300,"Sheldon, IA",52274
48453002500,"Sierra Oaks, Austin, TX",52274
44007014400,"Cranston, RI",52273
42071010201,"Lititz, PA",52273
36103158511,"Centereach, NY",52272
53033031706,"Covington, WA",52270
51059481000,"Herndon, VA",52270
37081016304,"High Point, NC",52269
25021421200,"Holbrook, MA",52269
48303010510,"Lubbock, TX",52268
53061050800,"Edmonds, WA",52268
26125156900,"West Bloomfield Township, MI",52266
47093005810,"Knoxville, TN",52266
42003496200,"McKeesport, PA",52265
53033029305,"Kent, WA",52264
25017315500,"Tewksbury, MA",52264
25023521102,"Whitman, MA",52264
41051002701,"Beaumont - Wilshire, Portland, OR",52264
24005491202,"Towson, MD",52264
42129807402,"Latrobe, PA",52262
26099258000,"Eastpointe, MI",52260
42091208500,"Schwenksville, PA",52260
34023000606,"Piscataway Township, NJ",52257
26139021304,"Grand Haven, MI",52257
40053956500,"Medford, OK",52256
25013813301,"Longmeadow, MA",52254
34023008209,"Monroe Township, NJ",52254
17043840901,"Itasca, IL",52253
47093005701,"Knoxville, TN",52253
8123002208,"Windsor, CO",52252
48201251901,"Crosby, TX",52252
49049010210,"Pleasant Grove, UT",52250
6037670407,"Rancho Palos Verdes, CA",52249
34023006800,"South River, NJ",52249
18129040400,"Mount Vernon, IN",52248
42011010302,"Bernville, PA",52247
6085512309,"Morgan Hill, CA",52247
8005084700,"Mission Viejo, Aurora, CO",52247
6085508601,"Sunnyvale West, Sunnyvale, CA",52247
48439113114,"North Arlington, Arlington, TX",52246
50007002702,"Essex Junction, Essex, VT",52245
23005004402,"Yarmouth, ME",52245
26099268200,"New Baltimore, MI",52245
31109003801,"Lincoln, NE",52244
27025110200,"Harris, MN",52244
53033002100,"Northeast Seattle, Seattle, WA",52243
27053021601,"Minneapolis, MN",52242
53033005700,"Magnolia, Seattle, WA",52242
42091207202,"Souderton, PA",52241
8005085900,"Aurora, CO",52240
25025070600,"Columbus, Boston, MA",52240
12099000102,"Tequesta, FL",52240
40143007629,"Tulsa, OK",52238
48135000400,"Odessa, TX",52238
12021010107,"Naples, FL",52236
53033031705,"Covington, WA",52234
41005022208,"Rock Creek, Happy Valley, OR",52233
42043025200,"Elizabethville, PA",52232
51600300300,"Fairfax, VA",52231
49057210404,"Ogden, UT",52230
55127000200,"Elkhorn, WI",52230
48331950500,"Gause, TX",52229
39049006386,"Brookside Colony, Columbus, OH",52228
36075021103,"Fulton, NY",52227
24037875201,"Mechanicsville, MD",52226
36091061301,"Saratoga Springs, NY",52226
49035111305,"Cottonwood Heights, UT",52225
53029971800,"Freeland, WA",52224
48375010200,"Amarillo, TX",52224
17119400801,"Granite City, IL",52223
12086006705,"Brickell, Miami, FL",52222
34005703000,"Hainesport, NJ",52222
39017011120,"Butler County, OH",52221
53033022003,"Inglewood-Finn Hill, Kirkland, WA",52220
6037403703,"Charter Oak, Covina, CA",52220
55131450103,"West Bend, WI",52219
42075003800,"Palmyra, PA",52219
8059009823,"West Westminster, Westminster, CO",52216
36029012502,"Lackawanna, NY",52215
47157020643,"Daybreak, Bartlett, TN",52214
39035173105,"Cleveland, OH",52213
34025802200,"Keansburg, NJ",52212
55079012700,"Honey Creek Parkway, Milwaukee, WI",52212
26163557200,"Livonia, MI",52206
26163576600,"Allen Park, MI",52206
42003475101,"Bethel Park, PA",52206
26077003004,"Kalamazoo, MI",52206
36001014613,"Altamont, NY",52205
34007607900,"Laurel Springs, NJ",52205
48139060214,"Midlothian, TX",52202
42011012500,"Temple, PA",52202
32031002409,"Northwest Reno, Reno, NV",52202
12011010603,"North Springs, Coral Springs, FL",52201
42029302204,"West Chester, PA",52200
6073020801,"Ramona, CA",52199
34015500702,"Gloucester County, NJ",52198
17043841607,"Warrenville, IL",52198
19059451100,"Okoboji, IA",52198
6085509801,"Mountain View, CA",52197
27137013400,"Eveleth, MN",52197
27015960400,"New Ulm, MN",52197
48121021628,"Meadow Ridge / Harvest Run, Carrollton, TX",52197
42043024503,"Hummelstown, PA",52196
15003008408,"Ewa, Ewa Beach, HI",52196
6059075603,"Tustin, CA",52194
46099001600,"Sioux Falls, SD",52194
55117010400,"Glenbeulah, WI",52193
19193003200,"Moville, IA",52191
39041012100,"Delaware, OH",52191
48201350700,"Wedgewood Village, Friendswood, TX",52191
17111870102,"Spring Grove, IL",52191
34023000401,"Piscataway Township, NJ",52189
12099000507,"North Palm Beach, FL",52188
25009205300,"Lynn, MA",52188
29189215102,"St. Louis, MO",52188
9003420700,"Plainville, CT",52188
26125166000,"Farmington Hills, MI",52188
17089850500,"West Dundee, IL",52187
17091010300,"Essex, IL",52187
6037408402,"La Puente, CA",52186
48121021722,"Lewisville, TX",52186
6037408703,"Rowland Heights, CA",52185
36061009800,"Midtown, New York, NY",52185
29077004002,"Lakewood village, Springfield, MO",52184
27123037601,"Highland, Saint Paul, MN",52184
51059451501,"Falls Church, VA",52184
18063210400,"North Salem, IN",52182
54049021100,"Fairmont, WV",52180
37025041302,"Moss Creek, Concord, NC",52180
17031820104,"Countryside, IL",52180
6085506202,"Country Lane, San Jose, CA",52179
47037016700,"Green Hills, Nashville, TN",52176
55087010602,"Appleton, WI",52174
42071010701,"Elizabethtown, PA",52173
22079012302,"Alexandria, LA",52173
17197880416,"Plainfield, IL",52172
26125180100,"Clawson, MI",52171
55025013700,"Verona, WI",52170
22033003804,"Baton Rouge, LA",52169
17031819300,"Brookfield, IL",52169
24031700812,"Gaithersburg, MD",52169
6095252305,"Fairfield, CA",52168
9009142800,"East Shore, New Haven, CT",52167
18063210202,"Brownsburg, IN",52166
39089753900,"Newark, OH",52166
5119003303,"North Little Rock, AR",52166
53033003100,"Ballard, Seattle, WA",52166
48113013609,"Far North Dallas, Dallas, TX",52166
17043840703,"Bensenville, IL",52166
34001010200,"Absecon, NJ",52165
39049001122,"The Ohio State University, Columbus, OH",52164
17031170100,"Dunning, Chicago, IL",52164
42059970100,"Carmichaels, PA",52163
25021456101,"Stoughton, MA",52163
17113001104,"Bloomington, IL",52163
48439111016,"Burleson, TX",52162
42095018002,"Bethlehem, PA",52159
42113960200,"Forksville, PA",52156
42003563900,"Pittsburgh, PA",52156
6067009637,"Elk Grove, CA",52153
37183053714,"North Valley, Raleigh, NC",52152
53061051601,"Lynnwood, WA",52151
21185030502,"Crestwood, KY",52150
46119979100,"Onida, SD",52148
12103020107,"Bayway Isles, Saint Petersburg, FL",52148
6081600100,"Brisbane, CA",52148
17079977300,"Newton, IL",52147
42125784000,"Coal Center, PA",52146
37183053409,"Devereaux, Cary, NC",52145
41067031807,"West Beaverton, Beaverton, OR",52145
42081010200,"Waterville, PA",52145
36067016902,"Fabius, NY",52144
36047018000,"Kings County, NY",52141
6085509106,"Sunnyvale West, Sunnyvale, CA",52140
20091051805,"Nall Hills, Overland Park, KS",52138
17043840906,"Addison, IL",52138
6041132100,"Bolinas, CA",52138
19095960400,"Williamsburg, IA",52137
8057955600,"Walden, CO",52136
26125134400,"Commerce Charter Township, MI",52135
27169671000,"Saint Charles, MN",52134
37119003012,"Cameron Wood, Charlotte, NC",52134
36047057000,"Kings County, NY",52134
27053026814,"Minneapolis, MN",52133
19061010105,"Dubuque, IA",52133
48113019042,"Garland, TX",52132
22075050200,"Belle Chasse, LA",52131
20209044803,"Prairie / Piper-KC-KS, Kansas City, KS",52131
26139021606,"Jenison, Georgetown Township, MI",52131
17113005501,"Le Roy, IL",52129
15003008007,"Pearl City, HI",52127
15003009504,"Schofield Barracks, HI",52127
53061050700,"Edmonds, WA",52126
34029722401,"Toms River, NJ",52126
55025011102,"HIghland, Middleton, WI",52125
36081013400,"Queens County, NY",52125
48201455101,"Cimarron, Katy, TX",52125
34025806201,"West Long Branch, NJ",52123
33013034000,"Epsom, NH",52123
48149970700,"Fayetteville, TX",52123
29165030211,"Coves North, Kansas City, MO",52120
6073006000,"Bankers Hill, San Diego, CA",52119
26163561600,"Plymouth, MI",52118
12086004701,"Miami Springs, FL",52118
34021003003,"Yardville-Groveville, Hamilton Township, NJ",52118
34007605700,"Audubon, NJ",52117
17031807700,"Skokie, IL",52117
27149480100,"Morris, MN",52115
42133022402,"Hanover, PA",52114
48357950400,"Perryton, TX",52114
12097040803,"Celebration, FL",52114
42003456003,"McDonald, PA",52113
44009050401,"North Kingstown, RI",52112
39061025001,"Sherwood, Cincinnati, OH",52108
22033004301,"Baker, LA",52108
42101038700,"Northwest Philadelphia, Philadelphia, PA",52107
42003488600,"West Mifflin, PA",52106
34027045300,"Kenvil, Roxbury Township, NJ",52106
36055013503,"Rochester, NY",52106
48331950800,"Thorndale, TX",52105
41005022602,"Hazel Grove - Westling Farm, Oregon City, OR",52105
17043846308,"Woodridge, IL",52102
17031839800,"Bridgeport, Chicago, IL",52101
36075021402,"Oswego, NY",52101
26163551300,"Harper Woods, MI",52099
44007018500,"Woonsocket, RI",52099
6017030902,"Placerville, CA",52099
6001451506,"Livermore, CA",52098
15003004600,"Nuuanu - Punchbowl, Honolulu, HI",52097
6001433500,"Washington Manor - Bonaire, San Leandro, CA",52096
36071013600,"West Point, NY",52096
17031823304,"Merrionette Park, IL",52096
49049001106,"Orem North, Orem, UT",52095
12021010418,"Central Naples, Naples, FL",52094
6059042329,"Laguna Niguel, CA",52094
36029007905,"Green Acres North, Tonawanda, NY",52094
27123030202,"Como, Saint Paul, MN",52092
17031063200,"Lake View East, Chicago, IL",52090
22033003908,"Baton Rouge, LA",52090
34023007906,"Old Bridge, Old Bridge Township, NJ",52089
48439121610,"West Arlington, Arlington, TX",52088
27049080300,"Red Wing, MN",52088
36067015201,"Manlius, NY",52088
29047021805,"Kearney, MO",52087
26125132700,"Milford, Milford Charter Township, MI",52086
40109106501,"Central Oklahoma City, Oklahoma City, OK",52084
53033022701,"Lakeview, Kirkland, WA",52082
34037371900,"Sussex County, NJ",52082
36047043200,"Kings County, NY",52082
6037400403,"Bonita, San Dimas, CA",52081
29095014905,"Blue Springs, MO",52080
6111001700,"Ventura, CA",52080
6059032033,"Mission Viejo, CA",52078
48085031640,"Ridgeview Ranch, Plano, TX",52077
8123001700,"La Salle, CO",52077
6001440301,"Union City, CA",52077
36103145903,"Bay Shore, NY",52075
36029014903,"Alden, NY",52074
36047039400,"Kings County, NY",52073
29037060301,"Raymore, MO",52073
36063023402,"Lockport, NY",52073
55079005600,"Mount Mary, Milwaukee, WI",52072
22005030203,"Prairieville, LA",52072
27045960500,"Harmony, MN",52071
49005000102,"Cornish, UT",52071
19019950600,"Rowley, IA",52069
22051020302,"Metairie, LA",52069
22005030205,"Gonzales, LA",52068
40109108317,"Edmond, OK",52068
53061051922,"Bothell, WA",52067
36061012500,"Midtown, New York, NY",52066
18063210501,"Danville, IN",52066
38031959600,"Carrington, ND",52064
18097390300,"Franklin Township, Indianapolis, IN",52064
6059032012,"Mission Viejo, CA",52064
44007013201,"Scituate, RI",52062
6111005202,"Camarillo, CA",52062
36091061302,"Saratoga Springs, NY",52060
22051023003,"Metairie, LA",52060
41051002501,"Alameda, Portland, OR",52060
26163571600,"Dearborn Heights, MI",52060
29095013502,"Greenwood, MO",52059
4013615000,"Desert View Village, Phoenix, AZ",52058
6059075808,"Orange, CA",52058
42091204002,"Plymouth Meeting, PA",52056
6019005912,"Clovis, CA",52056
6059099237,"Huntington Beach, CA",52056
6037113213,"Chatsworth, Los Angeles, CA",52055
31169963100,"Hebron, NE",52054
48381021603,"Amarillo, TX",52054
56031959400,"Wheatland, WY",52054
6081611600,"Suburban Park - Lorelei Manor - Flood Park Triangle, Menlo Park, CA",52053
19181020500,"Carlisle, IA",52052
48361022400,"Bridge City, TX",52051
12099003507,"Palm Beach, FL",52050
11001004001,"Adams Morgan, Washington, DC",52050
28089030101,"Madison, MS",52049
34015501608,"Williamstown, Monroe Township, NJ",52048
6037930401,"Woodland Hills, Los Angeles, CA",52047
51059450100,"Falls Church, VA",52045
42125755700,"Washington, PA",52044
6037481606,"Alhambra, CA",52043
48085030526,"McKinney, TX",52042
17111870702,"McHenry, IL",52042
34007608206,"Camden County, NJ",52041
49049000205,"American Fork, UT",52040
17031150501,"Portage Park, Chicago, IL",52040
36067016002,"Syracuse, NY",52039
6075025600,"Excelsior, San Francisco, CA",52039
6059032013,"Mission Viejo, CA",52039
55141010700,"Marshfield, WI",52039
12099000410,"North Palm Beach, FL",52037
18141011304,"Granger, IN",52037
25023502200,"Rockland, MA",52036
55111000600,"Prairie du Sac, WI",52035
42011013402,"Boyertown, PA",52034
53033023201,"Crossroads, Bellevue, WA",52034
26125168600,"Farmington Hills, MI",52032
39035189107,"Westlake, OH",52030
48245010700,"Groves, TX",52030
36103123402,"Lindenhurst, NY",52030
1073014204,"Birmingham, AL",52029
17167000501,"Springfield, IL",52029
55139003702,"Neenah, WI",52028
18003010202,"Leo, Leo-Cedarville, IN",52026
41005022606,"Tower Vista, Oregon City, OR",52026
6037216402,"Central LA, Los Angeles, CA",52025
27037061108,"Hastings, MN",52025
26099225800,"Shelby charter Township, MI",52025
48339694500,"Montgomery, TX",52025
42003453004,"Oakdale, PA",52023
36081003800,"Queens County, NY",52022
9009361200,"Wolcott, CT",52022
25027747101,"Blackstone, MA",52021
42063962000,"Blairsville, PA",52020
9001080900,"Stratford, CT",52020
17031804705,"Hoffman Estates, IL",52020
6075060400,"Lakeshore, San Francisco, CA",52020
48201341502,"Seabrook, TX",52019
34009021702,"Cape May, NJ",52018
21059001601,"Owensboro, KY",52017
6059052428,"Trabuco Canyon, CA",52017
5045030501,"Conway, AR",52016
42129801701,"New Kensington, PA",52016
42071013301,"Lancaster, PA",52015
37119003017,"Wessex Square, Charlotte, NC",52015
27079950400,"Waterville, MN",52014
27109002100,"Stewartville, MN",52013
39123050900,"Graytown, OH",52013
24031700207,"Damascus, MD",52012
42075004100,"Lebanon, PA",52012
53053060400,"North End, Tacoma, WA",52012
36081101002,"Queens County, NY",52011
38101010700,"Minot, ND",52010
33013030000,"Dunbarton, NH",52009
19103001300,"Lemme, Iowa City, IA",52009
48287000300,"Giddings, TX",52009
6029002804,"Kern City, Bakersfield, CA",52007
44007014502,"Cranston, RI",52007
49023010100,"Nephi, UT",52007
6077004703,"Acampo, CA",52007
6041130202,"Sausalito, CA",52006
10003011900,"Greenville, DE",52006
26093742700,"Brighton, MI",52005
37081016201,"Colfax, NC",52003
32003005347,"Seven Hills, Henderson, NV",52003
39041011560,"Delaware, OH",52000
39095008201,"Sylvania, OH",51998
6037189202,"Central LA, Los Angeles, CA",51997
19163010101,"Scott County, IA",51997
19077950300,"Menlo, IA",51996
6075017101,"Ashbury Heights, San Francisco, CA",51996
53033029502,"Kent, WA",51995
19019950100,"Winthrop, IA",51994
18057111008,"Carmel, IN",51993
17113006000,"Stanford, IL",51993
26021001600,"Stevensville, MI",51992
6059076201,"Orange, CA",51991
22103040601,"Covington, LA",51989
36061011600,"Lenox Hill, New York, NY",51989
18037953300,"Jasper, IN",51988
17097861701,"Waukegan, IL",51988
4013814900,"Rancho Del Verde, Gilbert, AZ",51988
6037571200,"Lakewood Village, Long Beach, CA",51988
32003003251,"Summerlin, Las Vegas, NV",51986
27003051302,"Columbia Heights, MN",51985
27053026104,"Hopkins, MN",51984
6073008348,"Mira Mesa, San Diego, CA",51984
24013506102,"Hampstead, MD",51984
42091200401,"Hatboro, PA",51982
6059032056,"Rancho Santa Margarita, CA",51982
20173010113,"Wichita, KS",51982
17031812302,"Oak Park, IL",51981
34029722800,"Toms River, NJ",51981
45079002400,"Columbia, SC",51980
6059021812,"Anaheim Hills, Anaheim, CA",51978
53061052203,"Monroe, WA",51977
36029014208,"Lancaster, NY",51975
48029191405,"Castle Hills Forest, San Antonio, TX",51973
53033023401,"Lake Hills, Bellevue, WA",51973
53053072506,"Gig Harbor, WA",51972
48453001100,"Downtown, Austin, TX",51972
55059002500,"Kenosha, WI",51970
27121970200,"Starbuck, MN",51970
27119020500,"Crookston, MN",51968
31055007317,"Omaha, NE",51967
42133020310,"Dillsburg, PA",51967
24021752303,"Frederick, MD",51967
21111011709,"Louisville, KY",51967
39035175103,"North Royalton, OH",51966
27053012001,"Southwest Minneapolis, Minneapolis, MN",51965
42133020221,"New Cumberland, PA",51964
36029008001,"Lincoln Park, Buffalo, NY",51960
36047015200,"Kings County, NY",51959
42095017603,"Bethlehem, PA",51958
25005611102,"Norton, MA",51957
36081009700,"Queens County, NY",51957
12117021805,"Altamonte Springs, FL",51955
39045030700,"Lithopolis, OH",51955
6013360101,"El Sobrante, CA",51955
55061960500,"Kewaunee, WI",51953
6085506203,"West San Jose, San Jose, CA",51953
33015003701,"Londonderry, Londonderry, NH",51952
25023561100,"Marion Center, Marion, MA",51952
42011011500,"Mohnton, PA",51951
51013102902,"Shirlington, Arlington, VA",51951
1073010704,"Birmingham, AL",51951
39061025102,"Cherry Grove, Cincinnati, OH",51950
1097003706,"Claremont, Mobile, AL",51950
6113010704,"Central Davis, Davis, CA",51950
22121020401,"Brusly, LA",51949
53033009701,"Southwest, Seattle, WA",51947
53033022006,"South Juanita, Kirkland, WA",51947
25021457100,"Avon, MA",51946
13067030311,"Marietta, GA",51946
44001030300,"Barrington, RI",51946
34003015500,"Englewood, NJ",51946
20173009508,"Goddard, KS",51945
47157002900,"East Memphis, Memphis, TN",51944
41067032110,"Sherwood - Tualatin South, Tualatin, OR",51944
49035113014,"Riverton, UT",51944
48113016523,"Cedar Hill, TX",51942
12115001903,"Siesta Key, FL",51942
47037019114,"Antioch, Nashville, TN",51941
48029120800,"Uptown, San Antonio, TX",51941
36047041800,"Kings County, NY",51941
6037482202,"Garvey, Monterey Park, CA",51938
22051020512,"Kenner, LA",51936
6067005403,"Campus Commons, Sacramento, CA",51936
27131070200,"Dundas, MN",51936
27089080400,"Warren, MN",51936
17091010701,"Bourbonnais, IL",51934
25021417801,"Quincy, MA",51933
37183053900,"Wake Forest, NC",51932
8059009841,"Northwest Arvada, Arvada, CO",51931
6067009330,"Wildhawk, Sacramento, CA",51931
34025803500,"Red Bank, NJ",51930
36067012800,"Syracuse, NY",51930
6073008333,"Carmel Country Highlands, San Diego, CA",51929
6059110108,"Los Alamitos, CA",51928
6037910301,"Palmdale, CA",51928
25009221100,"Gloucester, MA",51928
55025010901,"Middleton, WI",51928
39103415100,"Brunswick, OH",51927
36081020500,"Queens County, NY",51927
48201343100,"Fairmont Park West, La Porte, TX",51926
48329000200,"Highland Park Townhouses, Midland, TX",51924
42073010300,"New Wilmington, PA",51924
12103023700,"Historic Old Northeast, Saint Petersburg, FL",51923
9001200100,"Bethel, Bethel, CT",51923
37119005839,"Whiteoak, Charlotte, NC",51922
4013611700,"Deer Valley, Glendale, AZ",51922
48441012000,"Lytle Area, Abilene, TX",51921
25009204600,"Salem, MA",51920
17031806004,"Niles, IL",51920
19181021100,"Indianola, IA",51920
6095250103,"Vallejo, CA",51918
13057090502,"Canton, GA",51918
20091053801,"Spring Hill, KS",51917
6071000818,"Upland, CA",51917
53073010302,"Lynden, WA",51917
36085012806,"Richmond County, NY",51916
55101002100,"Kansasville, WI",51916
17043840101,"Wood Dale, IL",51915
29510103800,"Lindenwood Park, St. Louis, MO",51914
45063021112,"Columbia, SC",51912
6067002400,"Land Park, Sacramento, CA",51912
6073009805,"San Carlos, San Diego, CA",51911
39011040500,"Saint Marys, OH",51911
42077005504,"Coplay, PA",51911
26037010108,"DeWitt, MI",51910
21067004208,"Beaumont Residential, Lexington, KY",51909
39049006394,"Western Hills, Powell, OH",51909
17103000200,"Franklin Grove, IL",51909
22057021902,"Raceland, LA",51909
26161464000,"Northville, MI",51909
34023007704,"Old Bridge, Old Bridge Township, NJ",51908
27145010403,"Albany, MN",51908
34029717300,"Jackson, NJ",51904
24013506101,"Manchester, MD",51903
6001440305,"Union City, CA",51902
6085509802,"Cuesta Park, Mountain View, CA",51901
17119403533,"Maryville, IL",51901
18097320500,"Washington Township, Indianapolis, IN",51901
25025070200,"Chinatown, Boston, MA",51900
51013103503,"Crystal City, Arlington, VA",51900
39169003300,"Dalton, OH",51900
37109071203,"Denver, NC",51900
42077005702,"Fullerton, PA",51899
19161080100,"Schaller, IA",51898
17097861506,"Waukegan, IL",51897
6001441524,"Ardenwood, Fremont, CA",51896
36047058200,"Kings County, NY",51896
8013012800,"Erie, CO",51895
36121970900,"Java Center, NY",51895
6059052418,"Woodbury, Irvine, CA",51895
15003004500,"Nuuanu - Punchbowl, Honolulu, HI",51894
40143007519,"Broken Arrow, OK",51893
6013356001,"Rodeo, CA",51890
42129802002,"Export, PA",51890
36059416401,"Long Beach, NY",51889
36081025500,"Queens County, NY",51889
42063961600,"Homer City, PA",51889
13121010212,"Atlanta, GA",51888
6073017037,"Rancho Peñasquitos, San Diego, CA",51887
27037060746,"Burnsville, MN",51887
1101005406,"Montgomery, AL",51886
27111960103,"Vergas, MN",51885
42017104303,"New Hope, PA",51885
48201551703,"Houston, TX",51884
42101035301,"Morrell Park, Philadelphia, PA",51884
41005020503,"Hallinan, Lake Oswego, OR",51883
29183311221,"Saint Charles, MO",51882
39049006387,"Brookside Woods, Columbus, OH",51881
13067030229,"Kennesaw, GA",51881
21059001702,"Owensboro, KY",51881
12086012700,"Hialeah, FL",51881
36001014606,"Schenectady, NY",51880
6085511800,"Los Gatos, CA",51879
12109020705,"Ponte Vedra Beach, FL",51879
42017100210,"Bensalem, PA",51879
37119005714,"Mint Hill, NC",51879
55101002001,"Wind Lake, WI",51878
6037301701,"Pelanconi, Glendale, CA",51877
55079160100,"Oak Creek, WI",51876
24027606607,"Long Reach, Columbia, MD",51876
17143003900,"Dunlap, IL",51875
42133021712,"Spring Grove, PA",51875
5119004303,"North Little Rock, AR",51874
23031036001,"York Harbor, York, ME",51874
12099006006,"Boynton Beach, FL",51873
17031820901,"Burbank, IL",51873
19169010200,"Maxwell, IA",51872
6059099703,"Midway City, CA",51870
48439111311,"Mansfield, TX",51868
26125193400,"Eddington Farms, Rochester Hills, MI",51868
53011040102,"Yacolt, WA",51868
36081012800,"Queens County, NY",51867
41049970200,"Heppner, OR",51867
6061020714,"Cirby Side, Roseville, CA",51867
12011070315,"Davie, FL",51866
36047019600,"Kings County, NY",51866
34011010500,"Bridgeton, NJ",51865
6037621004,"Hermosa Beach, CA",51865
44001030901,"Bristol, RI",51864
31155968400,"Yutan, NE",51864
36029010002,"Cheektowaga, NY",51862
18127050703,"Valparaiso, IN",51862
17027900401,"Shattuc, IL",51862
8123001409,"Greeley, CO",51860
12021000401,"Park Shore, Naples, FL",51859
6085512001,"Edenvale, San Jose, CA",51858
45079002300,"Heathwood, Columbia, SC",51857
6037554515,"Cerritos, CA",51857
36027190203,"Wappingers Falls, NY",51857
17011964700,"La Moille, IL",51856
40143005806,"Owasso, OK",51856
55025000406,"Midtown Commons, Madison, WI",51856
6073017808,"Carlsbad, CA",51856
22051025003,"Terrytown, LA",51855
29189215144,"Maryland Heights, MO",51855
36061009100,"Midtown, New York, NY",51851
20173009513,"Wichita, KS",51850
48201553100,"Ponderosa Forest, Houston, TX",51850
8119010202,"Victor, CO",51850
6059021816,"Yorba Linda, CA",51849
39049007951,"Dexter Falls, Columbus, OH",51848
21117064500,"Fort Mitchell, KY",51848
18089040801,"Highland, IN",51848
17031120400,"Forest Glen, Chicago, IL",51845
26125184000,"Royal Oak, MI",51844
48381021704,"Amarillo, TX",51844
47037016400,"Midtown, Nashville, TN",51842
8013012708,"Gunbarrel, Boulder, CO",51842
8123002502,"Keenesburg, CO",51842
36059414502,"Freeport, NY",51840
6037651201,"Seaside, Torrance, CA",51840
31033954800,"Sidney, NE",51839
42133021410,"York, PA",51838
24031700817,"Gaithersburg, MD",51838
36059405100,"Elmont, NY",51835
42101034501,"Northeast Philadelphia, Philadelphia, PA",51834
53063010602,"North Indian Trail, Spokane, WA",51833
48439113814,"North Richland Hills, TX",51832
33011200300,"Pelham, NH",51832
36093032403,"Schenectady, NY",51832
36055013508,"Rochester, NY",51832
39173021100,"Pemberville, OH",51831
40143007523,"Broken Arrow, OK",51831
41067031909,"Bull Mountain, Portland, OR",51830
6059032050,"Rancho Santa Margarita, CA",51829
48201350601,"Heritage Park, Friendswood, TX",51829
19119950100,"George, IA",51828
42091203303,"East Norriton, PA",51826
18057110808,"Fishers, IN",51826
34035053105,"Somerset, Franklin Township, NJ",51825
36081022002,"Queens County, NY",51825
17163504303,"Mascoutah, IL",51824
44003022201,"Warwick, RI",51824
17031320100,"Chicago Loop, Chicago, IL",51824
6059021807,"Anaheim Hills, Anaheim, CA",51823
33011002800,"Pinardville, Manchester, NH",51823
17043846603,"Addison, IL",51822
4013420604,"Mesa, AZ",51822
51061930705,"Bealeton, VA",51820
36047000900,"Kings County, NY",51819
34021002702,"Hamilton Township, NJ",51819
17037001700,"Hinckley, IL",51818
24031701414,"Silver Spring, MD",51818
24003731310,"Green Haven, Pasadena, MD",51818
51059482202,"Reston, VA",51816
48113013719,"Central Carrollton, Carrollton, TX",51816
6097150612,"Petaluma, CA",51815
25009220102,"Rockport, MA",51812
36067004800,"Southside, Syracuse, NY",51811
36103158202,"Port Jefferson Station, NY",51811
15003010505,"Kaneohe, HI",51810
19169010300,"Nevada, IA",51810
31055007463,"Millard, Omaha, NE",51809
42071012502,"Stevens, PA",51808
55131470203,"Germantown, WI",51808
16029960200,"Soda Springs, ID",51807
18157010800,"Lafayette, IN",51806
38059020300,"Mandan, ND",51805
21219950400,"Trenton, KY",51805
6081609202,"San Carlos, CA",51804
48317950100,"Lenorah, TX",51804
55049950600,"Mineral Point, WI",51803
38101010400,"Minot, ND",51802
6071000816,"Upland, CA",51802
19049050100,"Woodward, IA",51800
39113040406,"Dayton, OH",51800
24031700208,"Damascus, MD",51798
51003010202,"Arbor Park, Earlysville, VA",51798
20091052419,"Seven Hills, Shawnee, KS",51797
22051023904,"River Ridge, LA",51797
17163503202,"Belleville, IL",51796
36081014000,"Queens County, NY",51795
17179021202,"East Peoria, IL",51794
4013420216,"Alta Mesa Community Association, Mesa, AZ",51793
27003050505,"Anoka, MN",51793
24005402201,"Randallstown, MD",51792
48439105405,"Fort Worth, TX",51792
17031811200,"River Grove, IL",51791
8035013901,"Parker, CO",51790
6013333200,"Concord, CA",51790
27037060739,"Burnsville, MN",51790
49049001501,"Little Rock Canyon, Provo, UT",51789
48039662600,"West Columbia, TX",51788
1055001100,"Gadsden, AL",51787
24021752802,"Myersville, MD",51786
42133023902,"Felton, PA",51786
12011070208,"Davie, FL",51786
25005644102,"Somerset, MA",51785
28121020209,"Brandon, MS",51784
36081086400,"Queens County, NY",51780
49005000600,"Logan, UT",51779
27085950200,"Hutchinson, MN",51775
49057210402,"Farr West, UT",51774
53063010700,"Five Mile Prairie, Spokane, WA",51772
42077005602,"Hokendauqua, PA",51772
49043964102,"Coalville, UT",51772
42003564500,"Finleyville, PA",51771
42073010201,"New Castle, PA",51770
6037214901,"Beverly Grove, West Hollywood, CA",51768
49057210304,"Pleasant View, UT",51768
29189217806,"Ballwin, MO",51767
17113005102,"Hudson, IL",51766
34023003001,"Woodbridge, Woodbridge Township, NJ",51766
49035113515,"Taylorsville, UT",51765
6085502500,"Central San Jose, San Jose, CA",51762
40109108519,"Northwest Oklahoma City, Oklahoma City, OK",51762
48367140706,"Aledo, TX",51761
6037124500,"Van Nuys, Los Angeles, CA",51758
48367140704,"Aledo, TX",51757
4013422508,"Gilbert, AZ",51757
34037371000,"Montague Township, NJ",51757
34023001702,"Edison, NJ",51757
34029720206,"Manchester Township, NJ",51756
34033021300,"Mannington Township, NJ",51756
30065000100,"Roundup, MT",51756
4013104223,"Sweetwater Estates, Glendale, AZ",51753
27137010600,"Duluth, MN",51750
34033021600,"Salem County, NJ",51749
55117011300,"Oostburg, WI",51749
18003011606,"Fort Wayne, IN",51749
34007606800,"Bellmawr, NJ",51749
8013012204,"Central Boulder, Boulder, CO",51748
42133022600,"Seven Valleys, PA",51745
26163563300,"Canton, MI",51744
34015501800,"Newfield, NJ",51744
39049006722,"Worthington, OH",51743
20209044703,"I-435 West KC-KS, Kansas City, KS",51743
29095019300,"Lake Tapawingo, MO",51743
42017100207,"Bensalem, PA",51743
31179978600,"Winside, NE",51742
8059012041,"Littleton, CO",51742
26163564600,"Canton, MI",51741
6081601902,"Sunshine Gardens, South San Francisco, CA",51737
26163591900,"Brownstown Charter Township, MI",51737
51085320803,"Mechanicsville, VA",51736
29183312097,"Foristell, MO",51735
26163564402,"Canton, MI",51734
19169000400,"Ames, IA",51734
41067030806,"Metzger, Tigard, OR",51732
6053013200,"Monterey, CA",51732
12099007713,"Delray Beach, FL",51732
1089010621,"Huntsville, AL",51731
8123002017,"Longmont, CO",51731
55139002000,"Omro, WI",51730
6073009509,"Grantville, San Diego, CA",51726
24031701418,"Silver Spring, MD",51726
26125139400,"South Lyon, MI",51725
22055001700,"Lafayette, LA",51725
21067004107,"Cumberland Hill, Lexington, KY",51725
48113018142,"Garland, TX",51725
6029003808,"Bakersfield, CA",51724
34029722900,"Toms River, NJ",51724
11001001200,"Northwest Washington, Washington, DC",51723
4013617800,"Glendale, AZ",51723
4013216835,"McCormick Ranch, Scottsdale, AZ",51721
24031703901,"Forest Glen, Silver Spring, MD",51721
49005001101,"Providence, UT",51720
6029006008,"Tehachapi, CA",51718
42091203203,"Blue Bell, PA",51718
17091010400,"Kankakee, IL",51717
36083041100,"Troy, NY",51717
36027140801,"Wappingers Falls, NY",51717
17131040300,"Aledo, IL",51716
26099231100,"Sterling Heights, MI",51715
26005030402,"Caledonia, MI",51713
6037650401,"Madrona, Torrance, CA",51713
33013032800,"Concord, NH",51712
42011013000,"Boyertown, PA",51712
42007605500,"Monaca, PA",51710
17119402802,"Moro, IL",51710
24021750600,"Frederick, MD",51709
6037577200,"Belmont Heights, Long Beach, CA",51706
6053010702,"Salinas, CA",51706
34027044701,"Lake Hopatcong, Jefferson, NJ",51706
36047004900,"Kings County, NY",51704
6059075701,"Tustin, CA",51704
48091310503,"New Braunfels, TX",51704
17119403801,"Worden, IL",51702
6013335000,"Concord, CA",51702
15003008925,"Waipahu, HI",51700
25017341700,"Malden, MA",51700
31131966600,"Nebraska City, NE",51700
48139060803,"Midlothian, TX",51699
42125731000,"Claysville, PA",51699
40125500800,"Shawnee, OK",51697
27003050704,"Coon Rapids, MN",51696
17197880120,"Bolingbrook, IL",51695
51059415402,"Alexandria, VA",51695
12103027903,"Paradise Island, Treasure Island, FL",51694
4013815400,"Spectrum At Val Vista, Gilbert, AZ",51694
36071014101,"Monroe, NY",51694
55133200102,"Menomonee Falls, WI",51693
36029014601,"Buffalo, NY",51692
55055101202,"Fort Atkinson, WI",51692
39061023002,"Cincinnati, OH",51692
17037000400,"Heron Creek Country Estates, Sycamore, IL",51690
13135050216,"Suwanee, GA",51690
6065041913,"Corona, CA",51689
29183310902,"Saint Charles, MO",51689
49049010305,"Mapleton, UT",51689
6037503602,"La Mirada, CA",51687
36001013707,"Albany, NY",51687
37119000100,"Fourth Ward, Charlotte, NC",51687
53033031206,"Lea Hill, Auburn, WA",51686
48175960100,"Goliad, TX",51685
48121021616,"Far North Dallas, Dallas, TX",51684
26077003003,"Mattawan, MI",51684
25001013400,"East Sandwich, Sandwich, MA",51682
15003007811,"Aiea, HI",51681
46127020200,"Elk Point, SD",51681
24033800519,"Bowie, MD",51679
46099001801,"Sioux Falls, SD",51679
53021020605,"Pasco, WA",51679
6037481201,"Temple City, CA",51679
12103020106,"Tierra Verde, FL",51678
53035090102,"Kingston, WA",51677
29219820202,"Marthasville, MO",51677
4013216813,"South Scottsdale, Scottsdale, AZ",51674
42003490002,"South Park Township, PA",51674
24031703212,"Silver Spring, MD",51670
18019050801,"Borden, IN",51670
55079140201,"Greendale, WI",51669
18179040200,"Markle, IN",51669
48003950300,"Andrews, TX",51668
6001421700,"North Berkeley, Berkeley, CA",51667
6073017010,"Poway, CA",51666
23005002502,"Falmouth, ME",51666
13067030228,"Town Center, Kennesaw, GA",51665
6037571101,"Lakewood, CA",51665
36081134700,"Queens County, NY",51664
48157672001,"Barrington Place, Sugar Land, TX",51664
17097861009,"Lindenhurst, IL",51662
17179021701,"Mackinaw, IL",51661
26163563800,"Canton, MI",51660
22055001406,"Lafayette, LA",51659
13121011626,"Johns Creek, GA",51659
39153530605,"Stow, OH",51659
55133204200,"Hickory Creek, Oconomowoc, WI",51659
36029013900,"East Aurora, NY",51658
12011070404,"Cooper City, FL",51658
25017310500,"Pawtucketville, Lowell, MA",51658
36079010900,"Putnam Valley, NY",51657
13067030220,"Kennesaw, GA",51656
42101021600,"Northwest Philadelphia, Philadelphia, PA",51655
55105000900,"Janesville, WI",51655
55079090100,"Grantosa, Milwaukee, WI",51655
12097043301,"Saint Cloud, FL",51654
6013332000,"Dana Estates, Concord, CA",51654
9009150200,"Milford, CT",51654
6099000102,"Oakdale, CA",51654
17043841315,"Bartlett, IL",51652
4013616900,"Paradise Valley Village, Phoenix, AZ",51650
24031700306,"Germantown, MD",51649
34023007304,"Parlin, Sayreville, NJ",51648
20177003605,"Southwest Topeka, Topeka, KS",51648
17031081500,"Near North, Chicago, IL",51648
36047055400,"Kings County, NY",51646
12086015400,"Miami, FL",51645
8001009409,"North Central Westminster, Westminster, CO",51642
34035053402,"Princeton, NJ",51641
8123002103,"Mead, CO",51640
6037571102,"Lakewood, CA",51640
17161024103,"Taylor Ridge, IL",51640
8059012052,"Columbine West, Littleton, CO",51639
27003050813,"Minneapolis, MN",51638
15003007702,"Aiea, HI",51638
34005704200,"Bordentown, NJ",51636
36029007302,"Grand Island, NY",51636
6085512047,"Edenvale, San Jose, CA",51635
6037910807,"Santa Clarita, CA",51634
6013340001,"Walnut Creek, CA",51633
34029731001,"Bayville, Berkeley Township, NJ",51633
45063021110,"Columbia, SC",51631
6095250105,"Vallejo, CA",51630
29189211331,"Florissant, MO",51630
19181020400,"Carlisle, IA",51629
42091206201,"Royersford, PA",51629
48309004000,"Crawford, TX",51628
6085512033,"South San Jose, San Jose, CA",51628
19061010300,"Bernard, IA",51628
26161444000,"Dexter, MI",51628
36081061900,"Queens County, NY",51625
17043840911,"Glendale Heights, IL",51624
17197883209,"Far West, Joliet, IL",51623
25007200300,"Edgartown, MA",51621
48113014121,"Coppell, TX",51620
49027974200,"Hinckley, UT",51620
48039662800,"Sweeny, TX",51619
34009020205,"Ocean City, NJ",51619
42011013702,"Shoemakersville, PA",51618
6079011503,"San Luis Obispo, CA",51617
19057001000,"Sperry, IA",51617
36081008600,"Queens County, NY",51616
15003001202,"Palolo, Honolulu, HI",51615
22095070400,"LaPlace, LA",51615
17007010500,"Belvidere, IL",51614
26099223400,"Macomb, MI",51611
55079019600,"Highwood Estates, Milwaukee, WI",51609
17179022100,"Washington, IL",51609
29071800402,"Leslie, MO",51609
53033023601,"Wilburton, Bellevue, WA",51608
40017300100,"Calumet, OK",51608
27069090200,"Hallock, MN",51608
51650010200,"Langley Air Force Base, Hampton, VA",51607
55015020700,"Appleton, WI",51606
55133200103,"Menomonee Parkway, Menomonee Falls, WI",51606
55025011402,"Sun Prairie, WI",51605
34017014501,"North Bergen, NJ",51604
37119006211,"Huntersville, NC",51604
21111011604,"Jeffersontown, KY",51603
6037143500,"Studio City, Los Angeles, CA",51603
36047026600,"Kings County, NY",51603
37183053418,"Shepherds Vineyard, Apex, NC",51602
6065042401,"Moreno Valley, CA",51602
48367140705,"Hudson Oaks, TX",51600
19109950200,"Wesley, IA",51600
39035173106,"Middleburg Heights, OH",51598
42041011802,"Mechanicsburg, PA",51598
15003000800,"Kaimuki, Honolulu, HI",51597
6037920036,"Santa Clarita, CA",51597
6019005702,"Clovis, CA",51596
36093032200,"Scotia, NY",51596
42017105807,"Fairless Hills, PA",51594
6013303204,"Brentwood, CA",51593
48029191413,"Cadillac Drive, San Antonio, TX",51593
6085512032,"Edenvale, San Jose, CA",51592
51085321001,"Mechanicsville, VA",51591
34029714100,"Brick, NJ",51590
13051011108,"Savannah, GA",51588
34007604600,"Oaklyn, NJ",51587
17119403502,"Collinsville, IL",51587
55079160204,"Oak Creek, WI",51587
36061001300,"Lower Manhattan, New York, NY",51584
17111871202,"Crystal Lake, IL",51583
24009860401,"Chesapeake Beach, MD",51583
6085504321,"North San Jose, San Jose, CA",51582
48423001102,"Tyler, TX",51582
48085030516,"McKinney, TX",51581
6037574500,"Los Altos, Long Beach, CA",51580
38017000904,"Prairiewood, Fargo, ND",51578
48309002504,"Woodway, TX",51577
18097310103,"Indianapolis, IN",51576
6037111205,"Northridge, Los Angeles, CA",51575
6037264302,"Brentwood, Los Angeles, CA",51575
17177000200,"Freeport, IL",51573
33011002500,"Manchester, NH",51572
22033003702,"Broadmoor/Sherwood Forest, Baton Rouge, LA",51571
49049000603,"Lindon, UT",51570
19099040800,"Monroe, IA",51569
6059062632,"Laguna Beach, CA",51568
30057000200,"Cardwell, MT",51568
31109010100,"Waverly, NE",51568
30093000700,"Butte, MT",51566
6013389100,"El Cerrito, CA",51566
22087030206,"Chalmette, LA",51566
55087013200,"Shiocton, WI",51566
17031806001,"Des Plaines, IL",51565
25017321200,"Marlborough, MA",51564
12117020705,"Longwood, FL",51564
6073007200,"Sunset Cliffs, San Diego, CA",51564
36029009115,"Buffalo, NY",51563
39035189109,"Westlake, OH",51562
33011010302,"Nashua, NH",51562
53033005301,"Northeast Seattle, Seattle, WA",51561
48029121115,"North Central Thousand Oaks, San Antonio, TX",51561
25027749200,"Uxbridge, MA",51560
12086016200,"Miami, FL",51560
6073019806,"Ocean Hills, Oceanside, CA",51559
34007606700,"Barrington, NJ",51558
39049006990,"Annehurst Village, Westerville, OH",51558
8005083400,"Seven Hills, Aurora, CO",51557
6059001506,"Brea, CA",51557
53033028901,"Des Moines, WA",51556
9003430201,"Southington, CT",51556
24005440200,"Nottingham, MD",51556
48157673102,"Katy, TX",51556
18147953000,"Richland City, IN",51555
36081048300,"Queens County, NY",51555
51810045424,"Virginia Beach, VA",51553
20121100200,"Spring Hill, KS",51553
53053070313,"Bonney Lake, WA",51552
27053023300,"Hopkins, MN",51551
24005408503,"Cockeysville, MD",51549
9005296100,"Goshen, CT",51549
48439113212,"Fort Worth, TX",51547
26125137100,"Novi, MI",51547
6037554513,"Cerritos, CA",51547
34039035000,"Linden, NJ",51545
6001450200,"Dublin, CA",51544
20113788400,"McPherson, KS",51544
42017100805,"Levittown, PA",51543
6013339001,"Walnut Creek, CA",51542
34007608901,"Atco, NJ",51542
48201540700,"Concord Bridge, Houston, TX",51541
4013614100,"Sierra Verde at Arrowhead Ranch, Glendale, AZ",51540
39049007941,"Golfview Woods, Columbus, OH",51539
36005024600,"Bronx County, NY",51539
48201252000,"Summerwood, Houston, TX",51538
20091051804,"Pinebrooke, Overland Park, KS",51537
55139002400,"Neenah, WI",51537
4013816600,"Cortina, Queen Creek, AZ",51537
48121021305,"Southridge, Denton, TX",51534
47157020652,"East Hampton, Bartlett, TN",51533
26115833900,"Temperance, MI",51532
36081055200,"Queens County, NY",51532
24027601108,"Ellicott City, MD",51532
13121009602,"Buckhead, Atlanta, GA",51530
34025811402,"Howell, NJ",51529
4013723307,"Estrella Mountain Ranch, Goodyear, AZ",51529
36047054200,"Kings County, NY",51528
36029011700,"West Seneca, NY",51527
9009345202,"Naugatuck, CT",51527
32031002412,"Northwest Reno, Reno, NV",51526
53061051923,"Bothell, WA",51526
27103480200,"Saint Peter, MN",51526
12086008102,"Pinecrest, FL",51526
39099811002,"Youngstown, OH",51525
51179010202,"Stafford, VA",51525
46099010406,"Sioux Falls, SD",51524
6085511100,"Duveneck - St. Francis, Palo Alto, CA",51523
36093032000,"Schenectady County, NY",51523
8005083300,"Aurora Knolls - Hutchinson Heights, Aurora, CO",51522
51700031800,"Central Newport News, Newport News, VA",51522
36103159102,"East Patchogue, NY",51521
48381021605,"Amarillo, TX",51521
36081069300,"Queens County, NY",51520
17031813200,"Oak Park, IL",51520
55133202102,"River Place, Waukesha, WI",51520
17089852805,"North Aurora, IL",51519
36083052201,"Poestenkill, NY",51519
34033020800,"Woodstown, NJ",51519
53005011402,"Kennewick, WA",51519
26163581200,"Southgate, MI",51519
34007606600,"Haddonfield, NJ",51519
36103158711,"Medford, NY",51518
27053111200,"Southwest Minneapolis, Minneapolis, MN",51518
6073013701,"La Mesa, CA",51516
34017018200,"Weehawken, NJ",51516
26125128900,"Orion charter Township, MI",51515
39035177604,"Parma, OH",51514
48329010106,"Wydewood Estates, Midland, TX",51512
36063022702,"Lockport, NY",51512
40145030508,"Broken Arrow, OK",51512
6065046602,"Norco, CA",51512
20173009605,"Wichita, KS",51510
42129807200,"Greensburg, PA",51510
6061021044,"Quail Glen, Roseville, CA",51510
36067016600,"Skaneateles, NY",51509
6073013604,"El Cajon, CA",51508
6059063103,"East Side Costa Mesa, Costa Mesa, CA",51508
39153533502,"Akron, OH",51507
17031811100,"River Grove, IL",51506
39061020761,"Cincinnati, OH",51505
42017102600,"Telford, PA",51504
42133021711,"Spring Grove, PA",51504
26125157300,"West Bloomfield Township, MI",51504
15003003407,"Makiki - Lower Punchbowl - Tantalus, Honolulu, HI",51502
24033800212,"Laurel, MD",51502
42129800500,"New Kensington, PA",51502
40027201510,"Norman, OK",51501
4027000908,"Rancho Verde, Yuma, AZ",51501
48209010809,"Austin, TX",51499
8005006858,"Denver Tech Center, Greenwood Village, CO",51499
22071007606,"West End, New Orleans, LA",51498
29189217932,"Ballwin, MO",51498
36061003900,"Lower Manhattan, New York, NY",51497
6001450750,"Dublin, CA",51497
17097860810,"Antioch, IL",51496
48365950500,"Carthage, TX",51496
34025810501,"Freehold, NJ",51496
24003740800,"Gambrills, MD",51495
27053026402,"Hopkins, MN",51495
6077004600,"Acampo, CA",51494
6013331000,"Concord, CA",51494
13135050720,"Snellville, GA",51493
41067030300,"Portland, OR",51492
6065040604,"Mira Loma, Jurupa Valley, CA",51490
8035014123,"Castle Rock, CO",51489
42017104204,"Doylestown, PA",51489
53061052705,"Marysville, WA",51488
48383950100,"Big Lake, TX",51488
55073001500,"Merrill, WI",51487
25027709201,"Leominster, MA",51487
42129807100,"Mount Pleasant, PA",51486
36081074500,"Queens County, NY",51486
9009361300,"Wolcott, CT",51485
42133022910,"Red Lion, PA",51485
39153532502,"Richfield, OH",51484
48167720503,"League City, TX",51484
20091051000,"Prairie Fields, Prairie Village, KS",51484
6073009103,"Bay Park, San Diego, CA",51482
6059099604,"Huntington Beach, CA",51482
36047028400,"Kings County, NY",51481
6095252311,"Fairfield, CA",51481
13057090802,"Canton, GA",51481
42133023821,"New Freedom, PA",51481
28121020213,"Brandon, MS",51480
6073016612,"Santee, CA",51480
26017285500,"Bay City, MI",51480
4013216836,"Central Scottsdale, Scottsdale, AZ",51480
9007550202,"East Hampton, CT",51479
17043846701,"Addison, IL",51479
22057020703,"Thibodaux, LA",51478
24021773500,"Walkersville, MD",51477
17091010100,"Grant Park, IL",51477
49035112302,"Murray, UT",51477
6019005518,"Harlan Ranch, Clovis, CA",51477
4013420303,"Rancho de Arboleda Unit #4, Mesa, AZ",51476
16037960200,"Challis, ID",51474
6059099250,"Fountain Valley, CA",51472
53061052118,"Silver Firs, Snohomish, WA",51472
8059010306,"Allendale Area, Arvada, CO",51472
24005400200,"Catonsville, MD",51472
36103201001,"East Hampton, NY",51472
47093005809,"Farragut, TN",51471
42003526301,"Holiday Park, Pittsburgh, PA",51471
19183960100,"Kalona, IA",51471
17031828100,"Lansing, IL",51470
42003495000,"Monongahela, PA",51470
9005425500,"Terryville, Plymouth, CT",51468
4013061025,"Surprise Farms, Surprise, AZ",51468
53033031302,"Enumclaw, WA",51466
6081607200,"South San Mateo, San Mateo, CA",51465
25027730100,"Indian Hill, Worcester, MA",51464
34029723200,"Toms River, NJ",51464
6059110003,"Garden Grove, CA",51462
25017326101,"Groton, MA",51461
6059032058,"Ladera Ranch, CA",51461
53045960100,"Matlock, WA",51457
41067032609,"Hillsboro, OR",51456
45091060700,"Rock Hill, SC",51456
31055007312,"North Central Omaha, Omaha, NE",51456
27037060503,"Inver Grove Heights, MN",51455
53007961301,"Wenatchee, WA",51455
53061041605,"Silver Lake, Everett, WA",51455
17031150700,"Portage Park, Chicago, IL",51454
31055006504,"North Central Omaha, Omaha, NE",51454
55009940001,"De Pere, WI",51453
24003740103,"Hanover, MD",51453
32031001104,"Reno, NV",51452
36085012804,"Richmond County, NY",51452
13067030407,"Marietta, GA",51452
27173970200,"Canby, MN",51451
24003730502,"South Gate, Glen Burnie, MD",51451
40109108218,"Northwest Oklahoma City, Edmond, OK",51448
6059001505,"Fullerton, CA",51447
19091970400,"Humboldt, IA",51446
6001450400,"Dublin, CA",51445
6053012100,"Pacific Grove, CA",51445
39049006395,"Misty Meadows, Columbus, OH",51444
36047000502,"Kings County, NY",51443
17043841606,"Warrenville, IL",51443
42041011700,"Mechanicsburg, PA",51441
42077006600,"Emmaus, PA",51441
4013216806,"McCormick Ranch, Scottsdale, AZ",51439
53035091201,"Silverdale, WA",51438
31099966600,"Minden, NE",51438
36029009600,"Buffalo, NY",51437
32005001300,"Gardnerville, NV",51437
34029727002,"Ortley Beach, Seaside Heights, NJ",51435
31153010502,"Bellevue, NE",51435
36055011205,"Webster, NY",51435
17085020200,"East Dubuque, IL",51435
53053071100,"Tacoma, WA",51434
17011964800,"Walnut, IL",51434
6037271400,"Mar Vista, Los Angeles, CA",51433
6067007104,"North Sacramento, Sacramento, CA",51433
17047957000,"Albion, IL",51432
42107003000,"Orwigsburg, PA",51432
55079187000,"Northpoint, Milwaukee, WI",51431
17031811500,"Franklin Park, IL",51429
40017301202,"Yukon, OK",51429
42011011601,"Reading, PA",51429
34007603505,"Ashland, Cherry Hill, NJ",51428
35001000107,"Glenwood Hills South Casa Grande, Albuquerque, NM",51428
48439123300,"Fort Worth, TX",51428
42003479000,"Pittsburgh, PA",51428
25001013200,"Cotuit, Barnstable, MA",51427
8059060400,"North Central Westminster, Broomfield, CO",51425
9015903200,"Putnam, CT",51424
6065043262,"Temecula, CA",51421
47189030309,"Mount Juliet, TN",51421
6037430721,"Arcadia, CA",51418
6019005606,"Clovis, CA",51417
18003010900,"Woodburn, IN",51417
6081602800,"Fairmont, Pacifica, CA",51417
12057011520,"Citrus Park Community, Tampa, FL",51415
48113019203,"Richardson, TX",51414
6065041810,"Corona, CA",51414
6001428200,"Alameda, CA",51413
55025012501,"Oregon, WI",51413
33011016100,"Milford, Milford, NH",51412
41051001900,"Laurelhurst, Portland, OR",51412
39095008202,"Sylvania, OH",51410
26067031500,"Portland, MI",51410
31137967200,"Loomis, NE",51410
6037267902,"Rancho Park, Los Angeles, CA",51407
19105070400,"Anamosa, IA",51407
13135050309,"Duluth, GA",51406
47165021007,"Hendersonville, TN",51406
26081011001,"Belmont, Plainfield charter Township, MI",51404
36103122705,"Deer Park, NY",51404
35001003730,"Heritage East, Albuquerque, NM",51401
15003005000,"Liliha - Kapalama, Honolulu, HI",51401
55071010400,"Valders, WI",51400
36091062505,"Mechanicville, NY",51400
15003011000,"Kailua, HI",51398
36047075000,"Kings County, NY",51398
6073008324,"Del Mar Heights, Del Mar, CA",51398
34007604700,"Oaklyn, NJ",51397
6059099511,"Old Towne, Seal Beach, CA",51397
39057210500,"Dayton, OH",51397
53033004500,"Wallingford, Seattle, WA",51395
53067010700,"Olympia, WA",51394
53033031400,"Enumclaw, WA",51394
36081024700,"Queens County, NY",51392
6073016606,"Santee, CA",51392
34001013101,"Margate City, NJ",51391
53033030306,"Federal Way, WA",51390
44007011403,"Cumberland Hill, Cumberland, RI",51390
24003731003,"Annapolis, MD",51389
51550021601,"Western Branch North, Chesapeake, VA",51389
6059063806,"Mesa Verde, Costa Mesa, CA",51388
53053072109,"Steilacoom, WA",51387
27171100300,"Clearwater, MN",51387
6037403319,"Westmont, Diamond Bar, CA",51386
27163070703,"Oak Park Heights, MN",51385
33017084600,"Rochester, NH",51384
13073030103,"Evans, GA",51382
6037189400,"Central LA, Los Angeles, CA",51380
31055006804,"South Central Omaha, Omaha, NE",51378
26139021603,"Jenison, Georgetown Township, MI",51378
6037267800,"West Los Angeles, Los Angeles, CA",51378
40017300901,"Yukon, OK",51378
55079035200,"Fox Point, WI",51377
15003008924,"Waipahu, HI",51377
42017100102,"Bensalem, PA",51377
42071013702,"Lancaster, PA",51375
31081969100,"Hampton, NE",51375
24037875100,"Mechanicsville, MD",51374
6075026301,"Crocker-Amazon, San Francisco, CA",51374
27053126100,"Central Minneapolis, Minneapolis, MN",51373
40027201404,"Norman, OK",51373
36047054600,"Kings County, NY",51373
42003452000,"Coraopolis, PA",51371
17031807400,"Skokie, IL",51369
19153011114,"West Des Moines, IA",51368
18141011404,"Granger, IN",51368
6037310602,"Burbank, CA",51367
40109108525,"Northwest Oklahoma City, Oklahoma City, OK",51366
48205950200,"Dalhart, TX",51365
12086015700,"Miami, FL",51363
29099700109,"Imperial, MO",51361
48491020604,"Georgetown, TX",51361
25015821500,"Hatfield, MA",51360
20085082600,"Mayetta, KS",51356
24003731308,"Pasadena, MD",51356
25009210900,"Peabody, MA",51356
55021970100,"Cambria, WI",51355
6037408625,"Hacienda Heights, CA",51354
6085504201,"Alum Rock, San Jose, CA",51353
47157020634,"Bartlett Woodlands East, Memphis, TN",51353
49057211202,"Ogden, UT",51353
49005000701,"Logan, UT",51353
22089063000,"Ama, LA",51353
26147633100,"North Street, MI",51353
36029015201,"Hamburg, NY",51353
6077005001,"Ripon, CA",51353
53061053302,"Stanwood, WA",51350
55087012506,"Appleton, WI",51349
42077005601,"Lehigh County, PA",51347
18089042300,"Merrillville, IN",51346
4013104801,"Mountain Side Estates, Phoenix, AZ",51346
21111010307,"Louisville, KY",51345
48439110903,"Benbrook, TX",51344
6061022400,"East Roseville Parkway, Roseville, CA",51344
53053073405,"Puyallup, WA",51343
36029013701,"Orchard Park, NY",51343
36081011700,"Queens County, NY",51342
18173030703,"Newburgh, IN",51341
41067032108,"Sherwood - Tualatin South, Tualatin, OR",51341
42007604902,"Aliquippa, PA",51341
6013359203,"Hercules, CA",51340
42091208604,"Royersford, PA",51340
25005615100,"Dighton, MA",51340
31093970500,"Saint Paul, NE",51339
25027761300,"North Grafton, Grafton, MA",51337
25009270100,"Rowley, MA",51335
6037920020,"Santa Clarita, CA",51335
34033021202,"Salem, NJ",51335
9001011300,"Greenwich, CT",51334
45063021019,"Lexington, SC",51334
29037060302,"Raymore, MO",51333
30029001301,"Bigfork, MT",51333
53033032103,"Gilman, Issaquah, WA",51332
36121970400,"Varysburg, NY",51331
33015065006,"Hampton, NH",51331
42045403501,"Glenolden, PA",51330
6037271100,"West Los Angeles, Los Angeles, CA",51330
8013012707,"Boulder, CO",51330
55025012800,"Mount Horeb, WI",51329
53005010201,"Richland, WA",51329
18057110807,"Summerfield, Fishers, IN",51328
42017104400,"New Hope, PA",51328
8069002501,"Fort Collins, CO",51327
28121020212,"Brandon, MS",51327
27003050111,"East Bethel, MN",51327
48493000402,"Floresville, TX",51326
48157671502,"Oyster Creek Plantation, Missouri City, TX",51326
6037500300,"Whittier, CA",51326
36065021303,"Utica, NY",51325
6001433600,"Washington Manor - Bonaire, San Leandro, CA",51325
25009262100,"Merrimac, MA",51325
36081025700,"Queens County, NY",51324
56033000500,"Sheridan, WY",51324
27123040502,"White Bear Lake, MN",51323
12103027314,"Palm Harbor, FL",51321
19163013100,"Davenport, IA",51321
6073009502,"Tierrasanta, San Diego, CA",51320
48041002014,"College Station, TX",51319
48091310300,"New Braunfels, TX",51318
8013012505,"South Boulder, Boulder, CO",51317
6111007512,"Simi Valley, CA",51317
27019091000,"Chaska, MN",51316
36047038800,"Kings County, NY",51316
22019002203,"Moss Bluff, LA",51315
26121002500,"Norton Shores, MI",51315
48381021900,"Canyon, TX",51315
47157021138,"Cordova, Memphis, TN",51314
51059491702,"Fairfax, VA",51313
6073021304,"Jamul, CA",51311
34001011805,"Egg Harbor Township, NJ",51309
42029300800,"Phoenixville, PA",51309
49049010700,"American Fork, UT",51308
25021442202,"Franklin, MA",51308
39049007198,"Sunbury Woods, Westerville, OH",51307
49035112917,"West Jordan, UT",51307
47037010202,"Goodlettsville, TN",51305
36027180001,"Lagrangeville, NY",51305
6067005901,"Edison Estates, Sacramento, CA",51304
30043962300,"Whitehall, MT",51304
19169001302,"Ames, IA",51303
42095017607,"Bethlehem, PA",51303
6113010508,"Stonegate, Davis, CA",51302
29510102200,"Princeton Heights, St. Louis, MO",51302
28089030301,"Madison, MS",51300
6037301501,"Grandview, Glendale, CA",51299
39173021200,"Perrysburg, OH",51299
48239950100,"Ganado, TX",51298
34003030300,"Lodi, NJ",51297
23005003701,"Cape Elizabeth, ME",51297
26005030300,"Dorr, MI",51297
31153010633,"Omaha, NE",51296
36081077500,"Queens County, NY",51295
13117130503,"Gainesville, GA",51293
19049050600,"Earlham, IA",51292
22051020102,"Bonnabel Place, Metairie, LA",51292
37129010600,"Wilmington, NC",51291
31033955000,"Sidney, NE",51291
6085512020,"Berry Park, San Jose, CA",51290
19011960400,"Shellsburg, IA",51289
26099261500,"Warren Woods, Warren, MI",51288
6037108102,"Northridge, Los Angeles, CA",51287
24013507601,"Westminster, MD",51287
36047058600,"Kings County, NY",51286
6085511301,"University South, Palo Alto, CA",51286
48015760400,"New Ulm, TX",51286
6037910805,"Acton, CA",51285
18089041900,"Hobart, IN",51284
12117021616,"Wekiva Springs, FL",51284
6085505001,"Santa Clara, CA",51283
13121010209,"Sandy Springs, GA",51283
17043846515,"Aurora, IL",51283
6037400402,"Glendora, CA",51282
25023500104,"Hull, MA",51282
22033004402,"Greenwell Springs, Central, LA",51281
8013060600,"Superior, CO",51280
12109021403,"St. Augustine, FL",51280
40131050405,"Owasso, OK",51278
42129804900,"New Stanton, PA",51276
34013007400,"Newark, NJ",51273
36055011505,"Penfield, NY",51273
42091210400,"Glenside, PA",51272
40073958300,"Kingfisher, OK",51272
53033030305,"Federal Way, WA",51270
19013001302,"Waterloo, IA",51270
8001008524,"Thornton, CO",51268
42003426700,"Glenshaw, PA",51268
26081014704,"Pine Rest, Grand Rapids, MI",51268
31085961500,"Hayes County, NE",51266
27003051202,"Fridley, MN",51266
27103480501,"North Mankato, MN",51266
6037111206,"Northridge, Los Angeles, CA",51265
36081014900,"Queens County, NY",51265
42095017402,"Easton, PA",51265
39061024001,"Cincinnati, OH",51265
53061051702,"Lynnwood, WA",51264
32023960200,"Tonopah, NV",51264
34029711100,"Point Pleasant, NJ",51263
20053086600,"Ellsworth, KS",51262
31055007457,"South Central Omaha, Omaha, NE",51262
30109000100,"Wibaux, MT",51262
24033806800,"Berwyn Heights, MD",51261
27113090100,"Goodridge, MN",51260
6075025701,"Excelsior, San Francisco, CA",51260
12021010208,"Pelican Bay, Naples, FL",51260
18097381002,"Perry Township, Indianapolis, IN",51258
18043071004,"Greenville, IN",51257
22071000607,"Algiers, New Orleans, LA",51256
29095014903,"Grain Valley, MO",51256
6037621301,"South Redondo, Redondo Beach, CA",51254
39045033100,"South Columbus, Pickerington, OH",51254
25025060400,"South Boston, Boston, MA",51254
42091201607,"Abington, PA",51254
6037920026,"Santa Clarita, CA",51254
39017011003,"Hamilton, OH",51253
42003478100,"Brentwood, PA",51253
6065043272,"Murrieta, CA",51252
13121010113,"Atlanta, GA",51252
8001008550,"Thornton, CO",51250
12117020704,"Heathrow, FL",51250
12011070401,"Cooper City, FL",51250
39055311900,"Chagrin Falls, OH",51250
40143007639,"Crescent, Tulsa, OK",51249
48453001707,"Summerwood, Austin, TX",51248
18001030100,"Decatur, IN",51248
48453001862,"Pflugerville, TX",51247
19157370200,"Grinnell, IA",51246
8001008547,"Thornton, CO",51244
21067003600,"Stonewall Community, Lexington, KY",51244
17197880412,"Joliet, IL",51244
17031803901,"Palatine, IL",51243
47157021136,"Cordova, Memphis, TN",51242
25021413402,"Norwood, MA",51241
39049007922,"Hilliard, OH",51238
40015161700,"Hydro, OK",51238
17111871209,"Lake in the Hills, IL",51238
6077004902,"Escalon, CA",51237
4013082019,"Garden Lake Estates, Avondale, AZ",51236
19139050300,"West Liberty, IA",51236
53073000804,"Bellingham, WA",51235
53053071205,"Puyallup, WA",51235
17173959500,"Stewardson, IL",51235
6085504314,"Berryessa, San Jose, CA",51235
12031013000,"Westside, Jacksonville, FL",51234
1073012803,"Vestavia Hills, AL",51233
6037134304,"Canoga Park, Los Angeles, CA",51233
18097320700,"Warfleigh, Indianapolis, IN",51233
39035177606,"Parma, OH",51232
24003702208,"Crofton, MD",51231
17031806502,"Des Plaines, IL",51231
4013812300,"Carino Estates, Chandler, AZ",51230
51085321300,"Mechanicsville, VA",51230
24005404404,"Reisterstown, MD",51230
56037971000,"Rock Springs, WY",51229
12099000208,"West Palm Beach, FL",51229
6037620102,"El Segundo, CA",51229
49051940500,"Heber City, UT",51226
6037143300,"Studio City, Los Angeles, CA",51225
17015960500,"Milledgeville, IL",51225
42077006202,"Breinigsville, PA",51225
8059012023,"Stony Creek, Littleton, CO",51224
36005023200,"Bronx County, NY",51223
55055101702,"Ixonia, WI",51223
49011125600,"Clearfield, UT",51222
37081016203,"Colfax, NC",51220
36055011601,"Penfield, NY",51219
6075012100,"Lower Nob Hill, San Francisco, CA",51218
29095014501,"Independence, MO",51217
18179040700,"Poneto, IN",51215
6001433200,"Floresta Gardens - Bradrick, San Leandro, CA",51215
17111870401,"Wonder Lake, IL",51214
36081023000,"Queens County, NY",51214
45019000100,"Charleston, SC",51214
48491020319,"Block House Creek, Leander, TX",51213
42125741100,"McDonald, PA",51213
6037143700,"Studio City, Los Angeles, CA",51212
27107960200,"Halstad, MN",51212
25009205100,"Lynn, MA",51212
12086000119,"Aventura, FL",51212
27013171500,"Vernon Center, MN",51211
33011000101,"North End, Manchester, NH",51211
51179010405,"Fredericksburg, VA",51209
17031560700,"Garfield Ridge, Chicago, IL",51209
48491020105,"Georgetown, TX",51208
51013102301,"Alcova Heights, Arlington, VA",51207
9011705200,"Stonington, CT",51207
49035113107,"Herriman Towne Center, Herriman, UT",51207
25009205700,"Lynn, MA",51204
55025000100,"Spring Harbor, Madison, WI",51204
1073012907,"Vestavia Hills, AL",51204
28049010805,"Clinton, MS",51202
27133570200,"Luverne, MN",51201
55027961200,"Horicon, WI",51199
9003405300,"Forestville, Bristol, CT",51199
12011031101,"Pompano Beach, FL",51199
53033032601,"Fall City, WA",51199
34015500201,"West Deptford, NJ",51197
6037650200,"Northwest Torrance, Torrance, CA",51196
27015960500,"Sleepy Eye, MN",51196
39093010200,"Avon Lake, OH",51196
34035051900,"North Plainfield, NJ",51195
13135050714,"Lilburn, GA",51195
34023008604,"Princeton Meadows, NJ",51194
8059011701,"Belmar Park, Lakewood, CO",51193
46005956600,"Cavour, SD",51193
42041011200,"Shiremanstown, PA",51193
39049007811,"Columbus, OH",51192
53053061001,"West End, Tacoma, WA",51189
6073017303,"Solana Beach, CA",51189
6085503312,"Alum Rock, San Jose, CA",51186
8123001600,"Kersey, CO",51186
48113019026,"Garland, TX",51185
24035810901,"Stevensville, MD",51184
12099005955,"Delray Beach, FL",51183
48233950500,"Fritch, TX",51182
6067008504,"Natoma Station, Folsom, CA",51181
12086014300,"Miami, FL",51179
6001437000,"Southgate, Hayward, CA",51179
36053030502,"Cazenovia, NY",51179
55029101000,"Brussels, WI",51177
53033011600,"Gatewood, Seattle, WA",51173
48439111407,"Southwest Arlington, Arlington, TX",51173
6001436100,"San Lorenzo, CA",51173
6073017601,"Encinitas, CA",51172
29189211000,"Florissant, MO",51171
42071014201,"Narvon, PA",51170
6001435800,"San Lorenzo, CA",51170
42129806300,"Scottdale, PA",51169
31059091600,"Fairmont, NE",51168
22033004800,"Highlands/Perkins, Baton Rouge, LA",51167
55039041000,"Fond du Lac, WI",51167
42091203401,"Eagleville, PA",51167
47157020633,"Ellendale, Memphis, TN",51166
26087340000,"Almont, MI",51165
27165950300,"Saint James, MN",51165
24005411302,"White Marsh, MD",51165
49011125403,"Syracuse, UT",51164
48339691900,"Spring, TX",51164
42125791000,"Coal Center, PA",51164
24510271300,"Roland Park, Baltimore, MD",51164
53033021903,"Kingsgate, Kirkland, WA",51163
25017314102,"Dracut, MA",51163
26049010604,"Flushing, MI",51162
34021003800,"Pennington, NJ",51162
19049050700,"Adel, IA",51162
36055013604,"Rochester, NY",51161
51550021012,"Great Bridge East, Chesapeake, VA",51161
8093000400,"Fairplay, CO",51160
48201250401,"Atasca Woods, Humble, TX",51160
26081011301,"Northview, Grand Rapids, MI",51160
42003415002,"Pittsburgh, PA",51160
55079018200,"Bay View, Milwaukee, WI",51158
34023000502,"Piscataway Township, NJ",51158
17073030500,"Annawan, IL",51158
19111490300,"Fort Madison, IA",51156
42003487000,"Dravosburg, PA",51155
49035113102,"Teton Estates, West Jordan, UT",51155
21029020602,"Shepherdsville, KY",51154
46025955800,"Clark, SD",51153
6067009324,"Elk Grove, CA",51153
34029711400,"Point Pleasant, NJ",51153
36005024800,"Bronx County, NY",51152
27045960600,"Lanesboro, MN",51151
36001014614,"Albany, NY",51150
6037480703,"South Pasadena, CA",51150
48439111313,"Mansfield, TX",51146
27003050235,"Andover, MN",51146
6017030803,"Shingle Springs, CA",51146
6059001101,"Los Nietos, La Habra, CA",51144
5119004216,"Rock Creek, Little Rock, AR",51144
6037406300,"West Covina, CA",51144
55089610102,"Belgium, WI",51144
42027010200,"Clarence, PA",51144
6111006000,"Ventura County, CA",51143
29183310100,"Saint Charles, MO",51143
8005005619,"Littleton, CO",51142
41051007100,"Portland, OR",51142
48071710500,"Anahuac, TX",51141
53053072305,"Fircrest, WA",51141
26081011902,"Ada, MI",51140
39049009740,"Grove City, OH",51139
34029714300,"Brick, NJ",51138
6059052515,"Westpark, Irvine, CA",51138
36029013201,"Hamburg, NY",51136
42029302500,"West Chester, PA",51136
48201540100,"Lakes On Eldridge North, Houston, TX",51135
6073016902,"Lakeside, CA",51135
34003023200,"Hackensack, NJ",51134
25017353800,"Mid-Cambridge, Cambridge, MA",51134
56037970601,"Green River, WY",51133
12011040602,"Central Fort Lauderdale, Fort Lauderdale, FL",51131
26125193300,"Rochester Hills, MI",51131
55009002001,"Green Bay, WI",51130
6073008337,"Rancho Peñasquitos, San Diego, CA",51129
48029181819,"Northwest Side, San Antonio, TX",51127
48439111304,"Mansfield, TX",51127
39103407000,"Medina, OH",51126
17043842400,"Wheaton, IL",51124
36067016001,"Syracuse, NY",51124
36029007902,"A. Hamilton / St. Amelia's, Tonawanda, NY",51123
51059471402,"Falls Church, VA",51123
36027070301,"Hyde Park, NY",51122
42037050900,"Bloomsburg, PA",51122
6061021128,"Rocklin, CA",51122
54033031100,"Bridgeport, WV",51122
1089002912,"Huntsville, AL",51121
8005080200,"Village East, Aurora, CO",51121
42011010801,"Reading, PA",51119
6061021109,"Rocklin, CA",51117
6037573700,"Carson Park, Long Beach, CA",51117
25017322300,"Hudson, Hudson, MA",51115
37119005911,"Charlotte, NC",51115
24005440800,"Rosedale, MD",51115
25025110501,"Roslindale, Boston, MA",51115
35045000201,"Farmington, NM",51114
48085031629,"Park Forest, Plano, TX",51114
27037060735,"Eagan, MN",51113
17099963500,"Ottawa, IL",51112
48029121118,"Thousand Oaks, San Antonio, TX",51111
6037920312,"Newhall, Santa Clarita, CA",51110
34035050300,"Somerville, NJ",51110
6073022100,"Carlsbad, CA",51110
47093005811,"Knoxville, TN",51109
37183052507,"Northwest Raleigh, Raleigh, NC",51109
8059009843,"Golden, CO",51109
12109020803,"Saint Johns, FL",51108
6017031503,"El Dorado County, CA",51107
6075010600,"North Beach, San Francisco, CA",51107
48113000606,"Oak Lawn, Dallas, TX",51106
51013100700,"Arlington, VA",51105
48085031713,"Far North Dallas, Dallas, TX",51105
6073009705,"Del Cerro, San Diego, CA",51105
42019911800,"Harmony, PA",51104
49035112913,"West Jordan, UT",51102
6111006900,"Thousand Oaks, CA",51102
49035113017,"Riverton, UT",51101
6071002018,"Rancho Cucamonga, CA",51101
42011012103,"Birdsboro, PA",51100
4013216832,"Las Brisas At Scottsdale Ranch, Scottsdale, AZ",51099
42071013601,"Millersville, PA",51099
6037910810,"Santa Clarita, CA",51098
40143006708,"Jenks, OK",51095
17097860904,"Ingleside, IL",51095
19043070600,"Strawberry Point, IA",51094
32003005831,"Las Vegas, NV",51094
6013338102,"Concord, CA",51093
36001001902,"Whitehall, Albany, NY",51093
42045406902,"Aston, PA",51093
55039041100,"Fond du Lac, WI",51093
42071013101,"Leola, Leacock-Leola-Bareville, PA",51092
27111961400,"Ottertail, MN",51091
27003051002,"Minneapolis, MN",51091
25019950100,"Nantucket, MA",51091
48339691602,"Grogan's Mill, Spring, TX",51091
25023521101,"Whitman, MA",51090
6037574000,"Plaza, Long Beach, CA",51088
34029713500,"Brick, NJ",51087
33017081200,"Dover, NH",51086
27003050402,"Anoka, MN",51085
27157490600,"Plainview, MN",51085
46099001700,"Sioux Falls, SD",51085
36071013100,"New Windsor, NY",51084
8077001600,"Grand Junction, CO",51084
6037920118,"Castaic, CA",51083
56045951100,"Osage, WY",51083
48395960300,"Franklin, TX",51083
10001041802,"Dover, DE",51081
4013814300,"White Fence Farms, Gilbert, AZ",51081
42107001600,"Pottsville, PA",51081
36085012500,"Richmond County, NY",51081
55139001803,"Oshkosh, WI",51080
39035174105,"North Olmsted, OH",51079
6037570800,"Lakewood, CA",51079
29189221900,"St. Louis, MO",51077
9001050500,"Westport, CT",51072
42101000402,"Center City, Philadelphia, PA",51071
6061020602,"Loomis, CA",51071
48453001605,"Old West Austin, Austin, TX",51069
27107960100,"Gary, MN",51068
36103158712,"Medford, NY",51066
6013313203,"Pittsburg, CA",51065
25009260402,"Haverhill, MA",51063
36065025003,"Clinton, NY",51063
32031002301,"Reno, NV",51063
50007003301,"South Burlington, VT",51062
53033028700,"Des Moines, WA",51062
33011011402,"Nashua, NH",51061
42077005503,"Schnecksville, PA",51060
6065050600,"Murrieta, CA",51059
4013422404,"Settler's Point, Gilbert, AZ",51059
34007603902,"Haddon Township, NJ",51059
42003484500,"Munhall, PA",51057
36029013400,"Hamburg, NY",51057
56019955100,"Buffalo, WY",51055
39085206400,"Valley Creek Estates, Kirtland, OH",51054
25017315403,"South Tewksbury, Tewksbury, MA",51054
34013007900,"Ironbound District, Newark, NJ",51054
20197483200,"Eskridge, KS",51053
35001003721,"Desert Mountain At High Desert, Albuquerque, NM",51053
40109101700,"Central Oklahoma City, Oklahoma City, OK",51052
48157672301,"Townewest, Sugar Land, TX",51051
20091051908,"Wycliff, Overland Park, KS",51051
27053025403,"East Bloomington, Minneapolis, MN",51049
49035112822,"Sandy, UT",51047
36027080103,"Poughkeepsie, NY",51046
25013813403,"East Longmeadow, MA",51044
31109010400,"Hickman, NE",51044
25009266400,"Amesbury, MA",51044
21111011112,"Louisville, KY",51043
27015960600,"Springfield, MN",51043
27039950500,"Kasson, MN",51043
13223120104,"Dallas, GA",51042
6037432102,"Temple City, CA",51042
6073016807,"Lakeside, CA",51041
6037621326,"South Redondo, Redondo Beach, CA",51039
29189220502,"St. Louis, MO",51039
6071000817,"Upland, CA",51039
42107002400,"New Philadelphia, PA",51038
34005982111,"McGuire Air Force Base, NJ",51037
39095007203,"Glendale-Heatherdowns, Toledo, OH",51036
6037920115,"Valencia, Santa Clarita, CA",51035
32031003110,"Sparks, NV",51034
22103040802,"Slidell, LA",51034
45063020506,"West Columbia, SC",51034
26163564100,"Canton, MI",51034
20091052004,"Meyers Estates, Shawnee, KS",51034
10003013607,"Wilmington, DE",51033
53061051802,"Lynnwood, WA",51033
9003496300,"West Hartford, CT",51032
8005086500,"Saddle Rock Golf Club, Aurora, CO",51032
6085505800,"Central San Jose, San Jose, CA",51031
6059052519,"Woodbridge, Irvine, CA",51031
34005702913,"Mount Laurel, NJ",51031
51059452600,"Alexandria, VA",51031
34005703104,"Lumberton, NJ",51031
12109020704,"Ponte Vedra Beach, FL",51028
34037374900,"Hopatcong, NJ",51026
51153901209,"Woodbridge, VA",51026
6001441602,"Centerville, Fremont, CA",51025
36081024300,"Queens County, NY",51025
25025010204,"Fenway/Kenmore, Boston, MA",51022
6085512029,"Anderson East, San Jose, CA",51022
6111007612,"Moorpark, CA",51021
6085512019,"Edenvale, San Jose, CA",51021
47157021520,"Collierville, TN",51021
27143170300,"Gaylord, MN",51019
24005400100,"Catonsville, MD",51019
37183053719,"Umstead, Raleigh, NC",51019
28049010806,"Clinton, MS",51019
55105001302,"Janesville, WI",51018
19031450200,"Mechanicsville, IA",51018
27037060401,"South Saint Paul, MN",51016
32031003108,"Sparks, NV",51016
26163550400,"Grosse Pointe, MI",51016
36059303900,"Westbury, NY",51016
26081012203,"Grand Rapids, MI",51015
48039662700,"Sweeny, TX",51014
36001014803,"Westerlo, NY",51012
4013612700,"Tatum Ranch, Cave Creek, AZ",51012
37119005711,"Mint Hill, NC",51011
31153010624,"Papillion, NE",51011
6073016802,"El Cajon, CA",51010
9011693500,"Waterford, CT",51009
27157490100,"Wabasha, MN",51009
18127050604,"Valparaiso, IN",51008
33015100200,"Salem, NH",51007
42029311000,"Spring City, PA",51007
12103025120,"Seminole, FL",51007
27025110402,"Stacy, MN",51007
37183053516,"Misty Woods Apartments, Cary, NC",51004
6085509201,"Jackson Park, Mountain View, CA",51003
42043024102,"Hershey, PA",51002
48439111551,"Mansfield, TX",51001
56021001901,"Cheyenne, WY",51000
6071000109,"Chino Hills, CA",51000
9009175300,"Wallingford Center, Wallingford, CT",50999
42003453003,"Oakdale, PA",50999
6059052427,"Foothill Ranch, Lake Forest, CA",50998
26125165000,"Farmington, MI",50998
36061008800,"Midtown, New York, NY",50998
6087100300,"Santa Cruz, CA",50998
39017011109,"Butler County, OH",50997
48113018139,"Rowlett, TX",50996
6037113232,"Canoga Park, Los Angeles, CA",50996
8059010504,"Applewood, Lakewood, CO",50992
34037372100,"Newton, NJ",50992
1089010901,"Owens Cross Roads, AL",50991
4013216853,"Aztec Corridor, Scottsdale, AZ",50989
31013951200,"Alliance, NE",50988
4013420402,"Lehi Community Improvement, Mesa, AZ",50988
48121020204,"Sanger, TX",50987
27151960100,"Murdock, MN",50987
55139003600,"Neenah, WI",50986
51041100912,"Brandermill, Midlothian, VA",50986
26045020101,"Waverly, Lansing, MI",50986
48477170300,"Brenham, TX",50986
36047150200,"Kings County, NY",50984
48113007601,"Northwest Dallas, Dallas, TX",50983
41067032107,"Sherwood - Tualatin South, Tualatin, OR",50983
51059452302,"Annandale, VA",50982
12103025015,"Terrace Park & Five Towns, Saint Petersburg, FL",50982
32033970200,"Ely, NV",50979
19083480400,"Buckeye, IA",50979
29095013704,"Lee's Summit, MO",50979
6013359105,"Hercules, CA",50979
27015960200,"New Ulm, MN",50977
49035112805,"Sandy, UT",50976
34029738001,"North Beach Haven, Long Beach Township, NJ",50976
36103190604,"Hampton Bays, NY",50976
18003010400,"Fort Wayne, IN",50973
23005002101,"North Deering, Portland, ME",50973
47093005813,"Knoxville, TN",50973
18081610202,"Greenwood, IN",50971
12099007605,"Boca Raton, FL",50971
6067008209,"Folsom, CA",50970
12011020322,"Oakwood, Coral Springs, FL",50970
42129803800,"Greensburg, PA",50969
6111005203,"Camarillo, CA",50967
40143007619,"Tulsa, OK",50966
6061020805,"Cresthaven, Roseville, CA",50965
15003004000,"Downtown, Honolulu, HI",50962
17111870604,"McHenry, IL",50961
25025180101,"Winthrop, MA",50960
49049000506,"Pleasant Grove, UT",50960
1101005611,"Montgomery, AL",50959
37183052902,"Grissom Farms, Garner, NC",50959
19113010800,"Mount Vernon, IA",50958
6073017039,"Sabre Springs, San Diego, CA",50957
36103147901,"Bayport, NY",50957
25005633200,"Rehoboth, MA",50956
34001012701,"Somers Point, NJ",50956
6019004405,"Fresno, CA",50956
17001010100,"Mendon, IL",50955
30093000800,"Butte, MT",50953
35045000302,"Farmington, NM",50953
48339690201,"Magnolia, TX",50952
4013071506,"Sun City, AZ",50952
29077004103,"Springfield, MO",50952
8059012026,"Evergreen, CO",50950
48439113108,"North Arlington, Arlington, TX",50950
12086008806,"Miami, FL",50949
6085511609,"Palo Alto, CA",50949
33001966402,"Gilford, NH",50949
48029191817,"Far North Central, San Antonio, TX",50948
17043846510,"Aurora, IL",50946
26099261000,"Warren, MI",50945
42027010700,"Bellefonte, PA",50944
27059130100,"Stanchfield, MN",50944
36047017800,"Kings County, NY",50942
17167001001,"Springfield, IL",50941
26049011209,"Grand Blanc, MI",50939
32003002939,"The Lakes, Las Vegas, NV",50939
25017383300,"Framingham, MA",50938
39035123400,"Kamm's Corners, Cleveland, OH",50937
39035195900,"Chagrin Falls, OH",50937
25013812902,"Westfield, MA",50936
53033021804,"Bothell, WA",50936
34001011000,"Hammonton, NJ",50935
12127090306,"DeLand, FL",50934
22113950901,"Abbeville, LA",50934
22055001405,"Lafayette, LA",50933
53061052502,"Snohomish, WA",50933
19139050200,"Moscow, IA",50933
49011126002,"Layton, UT",50932
6073020304,"Mesa Rock, Escondido, CA",50932
13117130305,"Cumming, GA",50932
34029717101,"Jackson, NJ",50932
36047013600,"Kings County, NY",50932
17031170400,"Dunning, Chicago, IL",50931
4013812800,"Chandler, AZ",50930
39049009751,"Grove City, OH",50930
17179022000,"Minier, IL",50929
30031001001,"Bozeman, MT",50928
17111870704,"McHenry, IL",50928
6067009408,"Galt, CA",50928
24017851002,"La Plata, MD",50927
51153901229,"Woodbridge, VA",50926
24033800410,"Bowie, MD",50926
27161790300,"Waseca, MN",50926
36085011202,"Richmond County, NY",50926
8031006701,"Southeast, Denver, CO",50923
53033005200,"Northeast Seattle, Seattle, WA",50921
53029971300,"Greenbank, WA",50920
35045000900,"Bloomfield, NM",50920
6013303205,"Campanello, Brentwood, CA",50919
36119011200,"Elmsford, NY",50919
26099241500,"Clinton Township, MI",50919
36071014102,"Monroe, NY",50918
12085000607,"Palm City, FL",50917
8123002020,"Firestone, CO",50916
31153010206,"Bellevue, NE",50915
39095001301,"Ottawa, Toledo, OH",50915
6037800327,"Agoura Hills, CA",50914
24027606704,"Owen Brown, Columbia, MD",50914
48233951000,"Borger, TX",50914
39075976801,"Sugarcreek, OH",50913
35015000700,"Carlsbad, NM",50912
48085031631,"Plano, TX",50912
40109108703,"Choctaw, OK",50910
48085030514,"McKinney, TX",50910
6085503207,"South San Jose, San Jose, CA",50909
31019969100,"Gibbon, NE",50909
53033021700,"Kenmore, WA",50908
31111959700,"Maxwell, NE",50907
12011092000,"Hollywood Lakes, Hollywood, FL",50907
26081012400,"Plymouth Heights, Grand Rapids, MI",50907
36081011100,"Queens County, NY",50906
17031804403,"Elgin, IL",50906
53053070100,"Orting, WA",50905
39049010601,"Lakewood, Hilliard, OH",50905
27053021002,"Valley Place, Minneapolis, MN",50905
8031002000,"Central, Denver, CO",50905
21111010008,"Louisville, KY",50902
34029722600,"Toms River, NJ",50901
6001441401,"Northgate, Fremont, CA",50901
36047025000,"Kings County, NY",50900
6013387000,"El Cerrito, CA",50900
26163565000,"Canton, MI",50897
42045410601,"Folsom, PA",50896
55121100300,"Independence, WI",50895
48121021611,"North Central Carrollton, Carrollton, TX",50893
55087012400,"Kaukauna, WI",50893
6065044922,"Palm Desert, CA",50893
4013420109,"Valley View, Mesa, AZ",50893
26163594200,"Trenton, MI",50891
36055012900,"Brighton, NY",50890
6085503804,"East San Jose, San Jose, CA",50890
18003010809,"Countryside, Fort Wayne, IN",50889
39103408003,"Medina, OH",50889
12057011519,"Twin Branch Acres, Tampa, FL",50888
24031703210,"Silver Spring, MD",50888
41051001202,"Southeast Portland, Portland, OR",50887
48245000306,"Beaumont, TX",50887
42097080700,"Danville, PA",50887
8041007000,"Briargate, Colorado Springs, CO",50886
6037113237,"Chatsworth, Los Angeles, CA",50886
48025950201,"Beeville, TX",50884
34023001600,"Edison, NJ",50884
36083052402,"East Greenbush, NY",50883
42125782700,"North Charleroi, PA",50883
6001406700,"Dimond, Oakland, CA",50883
17031825303,"Tinley Park, IL",50881
33015069100,"Portsmouth, NH",50881
24005451701,"Middle River, MD",50881
48201555501,"Pine Country Of Tomball, Tomball, TX",50881
17173959100,"Moweaqua, IL",50881
42003434000,"Ben Avon, PA",50878
27147960800,"Blooming Prairie, MN",50878
17031831800,"North Park, Chicago, IL",50878
8039961206,"Elizabeth, CO",50878
17161024101,"Milan, IL",50878
6037621002,"Hermosa Beach, CA",50877
6001442400,"South Sundale, Fremont, CA",50877
53057950800,"Bow, WA",50877
21111008800,"Highlands Douglass, Louisville, KY",50876
36063024600,"North Tonawanda, NY",50875
42129804802,"Irwin, PA",50875
6001437101,"Hayward, CA",50874
42003429700,"Pittsburgh, PA",50874
47037018409,"Bellevue, Nashville, TN",50873
25009208101,"Saugus, MA",50873
24031701102,"Rockville, MD",50873
17167003901,"Rochester, IL",50873
24031701201,"Rockville, MD",50873
55087011400,"Appleton, WI",50872
34021003904,"Pennington, NJ",50872
5007021407,"Rogers, AR",50872
6037207502,"Downtown, Los Angeles, CA",50872
6061020502,"Auburn, CA",50871
42003521401,"Turnpike Gardens, Monroeville, PA",50871
9009171100,"Meriden, CT",50869
42043024105,"Hummelstown, PA",50869
17031170300,"Dunning, Chicago, IL",50869
42007603000,"Aliquippa, PA",50868
34025806504,"Monmouth County, NJ",50868
21015070401,"Hebron, KY",50868
6001404700,"Oakmore, Oakland, CA",50867
22103040708,"Slidell, LA",50867
8035014203,"Littleton, CO",50866
24031701315,"Olney, MD",50866
48171950100,"Fredericksburg, TX",50866
39137030100,"Leipsic, OH",50866
42003140100,"Squirrel Hill North, Pittsburgh, PA",50865
6059099226,"Fountain Valley, CA",50865
48287000200,"Lincoln, TX",50865
6059099408,"Bolsa Chica-Heil, Huntington Beach, CA",50865
6095252915,"Vacaville, CA",50863
48113020700,"Southwest Carrollton, Carrollton, TX",50863
41067032700,"North Plains, OR",50863
22055001500,"Lafayette, LA",50863
24027601201,"Elkridge, MD",50863
6037920313,"Newhall, Santa Clarita, CA",50861
6037135203,"West Hills, Los Angeles, CA",50861
6059099413,"Huntington Beach, CA",50860
20091053105,"Lexington Park, Overland Park, KS",50859
27147960200,"Owatonna, MN",50859
53033021000,"Parkwood, Shoreline, WA",50858
53033030308,"Federal Way, WA",50857
6037103300,"Los Angeles, CA",50857
48201343200,"La Porte, TX",50857
39113040306,"Montgomery County, OH",50856
42101033800,"Fox Chase/ Burholme, Philadelphia, PA",50856
42007602300,"Beaver, PA",50856
42065951100,"Punxsutawney, PA",50856
18141011405,"Granger, IN",50855
51013103402,"Crystal City, Arlington, VA",50855
9011870701,"East Lyme, CT",50854
4013610600,"North Gateway, Phoenix, AZ",50854
44003021600,"Warwick, RI",50853
4013611400,"Deer Valley, Phoenix, AZ",50852
6113010312,"West Sacramento, CA",50850
42129802400,"Jeannette, PA",50849
8123000401,"Greeley, CO",50849
53025011300,"Warden, WA",50847
47065011324,"Chattanooga, TN",50846
34035053103,"Somerset, Franklin Township, NJ",50846
10003016608,"Middletown, DE",50846
46055960100,"Philip, SD",50845
27137011100,"Saginaw, MN",50845
9009175100,"Wallingford Center, Wallingford, CT",50845
17031823806,"Worth, IL",50843
6037207101,"Central LA, Los Angeles, CA",50842
6073017051,"Rancho Bernardo, San Diego, CA",50840
55063010800,"Coon Valley, WI",50839
25027744400,"Milford, MA",50838
40109106708,"Northwest Oklahoma City, Oklahoma City, OK",50836
13073030102,"Martinez, GA",50836
42043024700,"Dauphin, PA",50835
53067011720,"Olympia, WA",50833
36085000800,"Richmond County, NY",50833
15003004700,"Liliha - Kapalama, Honolulu, HI",50831
12021010904,"City of Marco, Marco Island, FL",50831
27139080600,"Shakopee, MN",50829
18141011306,"Granger, IN",50828
55025011504,"Sun Prairie, WI",50827
39095008901,"Whitehouse, OH",50827
24017850600,"La Plata, MD",50826
8005005614,"Centennial, CO",50826
41067031504,"Rock Creek, Portland, OR",50826
39049007044,"Worthington Highlands, Westerville, OH",50825
37135010706,"Chapel Hill, NC",50824
6037920326,"Valencia, Stevenson Ranch, CA",50824
27109001602,"Glendale, Rochester, MN",50822
24017851400,"Waldorf, MD",50822
24037875802,"Lexington Park, MD",50822
27163071012,"Woodbury, MN",50821
29189213101,"Bridgeton, MO",50820
55121100600,"Arcadia, WI",50818
6099003907,"Turlock, CA",50818
27037060805,"Apple Valley, MN",50818
48259970301,"Boerne, TX",50817
55079014400,"East Town, Milwaukee, WI",50817
37081016408,"Jamestown, NC",50816
26099210000,"Richmond, MI",50816
39035160500,"Lakewood, OH",50816
25023521201,"Whitman, MA",50814
5143010503,"Springdale, AR",50814
42071013304,"Lancaster, PA",50813
51177020106,"Fredericksburg, VA",50812
36121970300,"Attica, NY",50811
19163010102,"Le Claire, IA",50810
17089851907,"South Elgin, IL",50809
40143004101,"Tulsa, OK",50809
36047013000,"Kings County, NY",50808
17193958300,"Enfield, IL",50807
6075026200,"Outer Mission, San Francisco, CA",50807
6001440308,"Union City, CA",50804
31035962100,"Harvard, NE",50803
55009001801,"Green Bay, WI",50803
40073958100,"Hennessey, OK",50803
53061052606,"Lake Stevens, WA",50803
26045020302,"Grand Ledge, MI",50803
18089040900,"Griffith, IN",50803
6037192001,"Central LA, Los Angeles, CA",50802
31061964600,"Upland, NE",50801
26163559000,"Livonia, MI",50801
6061021502,"Auburn, CA",50801
6097151309,"Santa Rosa, CA",50799
26125188100,"Huntington Woods, MI",50799
6065043265,"Temecula, CA",50798
31153010619,"Papillion, NE",50798
36001014609,"Albany, NY",50798
36081055800,"Queens County, NY",50798
36055011207,"Webster, NY",50798
6037181300,"Northeast Los Angeles, Los Angeles, CA",50795
38067950400,"Canton City, ND",50794
22113951100,"Abbeville, LA",50794
32003005835,"Las Vegas, NV",50793
25025170601,"Revere, MA",50793
33015100301,"Salem, NH",50793
6111007514,"Simi Valley, CA",50793
42075004000,"Palmyra, PA",50792
21059001602,"Philpot, KY",50792
25017312300,"South Lowell, Lowell, MA",50789
17031650500,"South Side, Chicago, IL",50788
25027706100,"Hubbardston, MA",50787
25027750100,"Whitinsville, Northbridge, MA",50787
27103480100,"New Ulm, MN",50786
12057014011,"Kings Point Condo, Sun City Center, FL",50785
48201241101,"North Spring, Spring, TX",50785
48423002004,"Tyler, TX",50783
12103026811,"Clearwater, FL",50782
36083052203,"Averill Park, NY",50782
36001000403,"Melrose, Albany, NY",50781
34023007702,"Old Bridge, Old Bridge Township, NJ",50781
18087970300,"Shipshewana, IN",50779
26125154100,"West Bloomfield Township, MI",50779
55055101100,"Jefferson, WI",50778
27163070912,"Oakdale, MN",50777
48041001301,"University Park, College Station, TX",50777
40145030509,"Broken Arrow, OK",50777
9005360400,"Oakville, Watertown, CT",50776
30085080100,"Culbertson, MT",50776
48085031611,"Westgate, Plano, TX",50775
24031704401,"Bethesda, MD",50775
55045960300,"Monroe, WI",50775
53063013500,"Spokane, WA",50775
53033029403,"Kent, WA",50775
13247060407,"Conyers, GA",50775
53033025701,"Renton, WA",50773
6085506502,"Downtown, Campbell, CA",50773
25001011400,"South Dennis, Dennis, MA",50772
6075010500,"Financial District, San Francisco, CA",50772
55079080100,"Shorewood, WI",50771
36067013400,"Liverpool, NY",50771
42017105812,"Levittown, PA",50771
40109108113,"Edmond, OK",50770
25017310602,"Pawtucketville, Lowell, MA",50768
4013813800,"Sunbird Golf Resort, Chandler, AZ",50767
55055100800,"Sullivan, WI",50764
9015820000,"Hampton, CT",50764
6073015502,"El Cajon, CA",50764
27045960100,"City Of Rushford Village, MN",50764
19037070400,"New Hampton, IA",50763
9015901100,"Woodstock, CT",50763
39035153103,"Fairview Park, OH",50762
13121011610,"Alpharetta, GA",50760
48201433300,"Westside, Houston, TX",50759
42101021100,"Northwest Philadelphia, Philadelphia, PA",50758
26163576200,"Allen Park, MI",50758
19149970100,"Le Mars, IA",50758
27137000500,"Hunters Park, Duluth, MN",50757
6037300400,"Crescenta Highlands, Glendale, CA",50757
12115000700,"Lido Key, Sarasota, FL",50757
26147647000,"Clay Township, MI",50757
42011010400,"Bernville, PA",50756
13059002000,"Athens, GA",50756
16001010331,"Boise, ID",50756
55021970800,"Lodi, WI",50756
53021020606,"Pasco, WA",50755
4013422216,"Dobson Woods, Mesa, AZ",50755
55009021000,"Green Bay, WI",50754
19149970500,"Kingsley, IA",50753
8035014126,"Westridge, Highlands Ranch, CO",50753
22001960200,"Eunice, LA",50752
36081086100,"Queens County, NY",50752
27141030403,"Big Lake, MN",50750
13135050527,"Lawrenceville, GA",50750
49049000707,"Bonneville, Orem, UT",50749
17197880502,"Lockport, IL",50747
20113788200,"Lindsborg, KS",50747
46019967600,"Butte County, SD",50745
19001960100,"Casey, IA",50745
48121021623,"Northwest Carrollton, Carrollton, TX",50744
55029100400,"Egg Harbor, WI",50742
6037311700,"Burbank, CA",50742
18057110202,"Cicero, IN",50741
36047025200,"Kings County, NY",50740
8059009808,"Golden, CO",50740
6035040600,"Doyle, CA",50739
48167726100,"Galveston, TX",50738
42019911300,"Fenelton, PA",50737
13073030308,"Evans, GA",50736
18097381102,"Perry Township, Indianapolis, IN",50736
36047056100,"Kings County, NY",50735
17031760803,"O'Hare, Chicago, IL",50733
39003014000,"Delphos, OH",50733
6071001901,"Chino, CA",50733
55087011800,"Little Chute, WI",50731
18141011305,"Swanson Highlands, South Bend, IN",50730
37063002018,"Durham, NC",50730
17143004901,"Glasford, IL",50730
27111960102,"Perham, MN",50729
34039038400,"Scotch Plains, NJ",50728
36081047300,"Queens County, NY",50727
34039032700,"Union, NJ",50726
18141011702,"Mishawaka, IN",50726
8123001906,"Fort Lupton, CO",50726
34005700402,"Maple Shade Township, NJ",50723
6037125600,"North Hollywood, Los Angeles, CA",50723
32003003308,"Las Vegas, NV",50722
48029191804,"Far North Central, San Antonio, TX",50720
17031570200,"Archer Heights, Chicago, IL",50720
17119403604,"Highland, IL",50719
42091205805,"King of Prussia, PA",50719
48329000401,"Bel-Air, Midland, TX",50716
56039967800,"Jackson, WY",50716
6097153807,"Windsor, CA",50716
42125755100,"Washington, PA",50716
5007021308,"Rogers, AR",50714
29183312095,"Wentzville, MO",50714
17111871109,"Huntley, IL",50713
36029011300,"Buffalo, NY",50713
27089080200,"Newfolden, MN",50713
53063013202,"Liberty Lake, WA",50712
8039961209,"Elbert, CO",50711
27053022301,"Minnehaha, Saint Louis Park, MN",50711
55011960300,"Alma, WI",50710
6059001102,"Los Nietos, La Habra, CA",50709
36067011401,"Baldwinsville, NY",50709
17079977500,"Newton, IL",50708
6013337200,"Concord, CA",50708
1117030345,"Pelham, AL",50707
48439111529,"West Arlington, Arlington, TX",50707
42091203106,"Conshohocken, PA",50705
22051022400,"Metairie, LA",50705
33015051000,"Chester, NH",50705
24025301204,"Abingdon, MD",50704
36071010200,"Newburgh, NY",50704
27141030102,"Princeton, MN",50704
48085030604,"McKinney, TX",50701
30031000501,"Bozeman, MT",50700
42095018100,"Easton, PA",50698
46081966301,"Spearfish, SD",50698
25023543100,"Plympton, MA",50698
27145011000,"Paynesville, MN",50697
12021011201,"Urban Estates, Naples, FL",50696
12099005931,"Delray Beach, FL",50696
42005951700,"Shelocta, PA",50696
17167003500,"New Berlin, IL",50696
21111010402,"Louisville, KY",50695
34025808500,"Wall Township, NJ",50694
34029717102,"Jackson, NJ",50693
33017081100,"Dover, NH",50693
37119005516,"Highland Creek, Charlotte, NC",50691
18123952300,"Tell City, IN",50691
24005451200,"Middle River, MD",50689
25005653301,"South Dartmouth, Dartmouth, MA",50689
53033009800,"North Admiral, Seattle, WA",50689
22089062900,"Luling, LA",50688
6067008008,"Fair Oaks, CA",50688
41005020304,"Oak Creek, Lake Oswego, OR",50687
15003008906,"Mililani, HI",50684
15003007505,"Aliamanu - Salt Lakes - Foster Village, Honolulu, HI",50684
6037403401,"Valle Lindo, West Covina, CA",50684
40129960000,"Cheyenne, OK",50684
46011958600,"White, SD",50682
6097151307,"Rohnert Park, CA",50681
41067031815,"Sexton Mountain, Beaverton, OR",50680
6073017813,"Carlsbad, CA",50680
17197880701,"Lockport, IL",50679
26099254100,"Fraser, MI",50679
19013002901,"Waterloo, IA",50679
12031016711,"Southside, Jacksonville, FL",50678
5119002206,"Pleasantree, Little Rock, AR",50678
12057011304,"Carrollwood, Greater Carrollwood, FL",50677
55083101300,"Sobieski, Little Suamico, WI",50677
27099001200,"Sargeant, MN",50676
6059042338,"Dana Point, CA",50676
6037571000,"Lakewood, CA",50676
17031804305,"Streamwood, IL",50675
33003956300,"Moultonborough, NH",50675
24003740203,"Severn, MD",50675
25017354400,"West Cambridge, Cambridge, MA",50675
34025800200,"Atlantic Highlands, NJ",50674
17037001900,"Somonauk, IL",50674
10005051301,"Dagsboro, DE",50674
6059032045,"Wagon Wheel, Trabuco Canyon, CA",50674
6067004008,"Southwestern Sacramento, Sacramento, CA",50673
13121008904,"Hanover West, Atlanta, GA",50672
42101002702,"Pennsport, Philadelphia, PA",50668
48409010604,"Portland, TX",50668
42077006203,"Allentown, PA",50667
36081094700,"Queens County, NY",50667
20173009504,"Wichita, KS",50667
53053072505,"Gig Harbor, WA",50667
39103417100,"Wadsworth, OH",50667
53061053602,"Granite Falls, WA",50662
5143010107,"Fayetteville, AR",50662
26161403300,"Abbot, Ann Arbor, MI",50662
13135050726,"Loganville, GA",50661
27129790300,"Sacred Heart, MN",50661
48477170500,"Brenham, TX",50661
49049010212,"Lehi, UT",50660
18127051002,"Valparaiso, IN",50660
24031703502,"Kensington, MD",50660
9007550201,"East Hampton, CT",50659
29099700117,"Arnold, MO",50659
48113016413,"Grand Prairie, TX",50659
48259970401,"Boerne, TX",50657
27067780600,"Willmar, MN",50657
36085029102,"Richmond County, NY",50656
6001442800,"28 Palms, Fremont, CA",50656
24013507802,"Westminster, MD",50654
17197880420,"Plainfield, IL",50653
6085506000,"Santa Clara, CA",50653
34029717200,"Jackson, NJ",50652
42003476200,"Pittsburgh, PA",50651
36029010003,"Buffalo, NY",50651
48201541500,"Windsong, Houston, TX",50650
36071011900,"Goshen, NY",50649
6037135202,"Canoga Park, Los Angeles, CA",50649
53053060906,"West End, Tacoma, WA",50649
48413950300,"Eldorado, TX",50648
24031700819,"Germantown, MD",50645
19169000600,"Ames, IA",50645
34007611700,"Mount Ephraim, NJ",50645
8005080300,"Village East, Aurora, CO",50644
38017000202,"Northport, Fargo, ND",50644
20029977100,"Aurora, KS",50643
46083010101,"Tea, SD",50641
6029003500,"Taft, CA",50641
6037311000,"Burbank, CA",50641
36059405200,"Elmont, NY",50640
20103071203,"Basehor, KS",50639
36065023902,"Utica, NY",50638
55073001400,"Wausau, WI",50638
27037060202,"South Saint Paul, MN",50637
4019004722,"Fairfield Sunrise East, Tucson, AZ",50636
25005631200,"Attleboro, MA",50636
49035111302,"Cottonwood Heights, UT",50633
6073016401,"El Cajon, CA",50633
40131050604,"Claremore, OK",50632
25021456302,"Stoughton, MA",50631
6113010511,"Aspen, Davis, CA",50631
42011011603,"Reading, PA",50631
17179022200,"Washington, IL",50630
55079070300,"Whitefish Bay, WI",50629
6037554406,"Bellflower, CA",50628
18089041002,"Griffith, IN",50627
26163576300,"Allen Park, MI",50627
12099007721,"Wellington, FL",50627
22109000401,"Houma, LA",50624
8035014114,"Acres Green, Littleton, CO",50624
31089974200,"Atkinson, NE",50624
51810044401,"Northeast Virginia Beach, Virginia Beach, VA",50624
39035189105,"Westlake, OH",50623
8001008537,"Henderson, CO",50622
47157021142,"Cordova, Memphis, TN",50621
31153010208,"Bellevue, NE",50621
26063950800,"Sebewaing, MI",50621
6085503322,"Alum Rock, San Jose, CA",50621
33017081400,"Dover, NH",50620
42033331401,"Curwensville, PA",50620
31097967500,"Sterling, NE",50619
45091061003,"Fort Mill, SC",50619
6029000506,"Fruitvale, Bakersfield, CA",50617
6001427200,"Alameda, CA",50617
51059451602,"Falls Church, VA",50615
42003516100,"Pittsburgh, PA",50614
48165950300,"Seminole, TX",50614
27123035300,"Lexington - Hamline South, Saint Paul, MN",50613
6059062638,"Aliso Viejo, CA",50612
48157672701,"Sugar Land, TX",50612
34029720103,"Manchester Township, NJ",50612
56005000400,"Gillette, WY",50611
15003011103,"Kailua, HI",50610
56003962600,"Basin, WY",50609
9001043900,"Norwalk, CT",50609
36001000401,"Dunes, Albany, NY",50607
48201540601,"Georgetown Colony, Houston, TX",50607
35025000503,"Hobbs, NM",50607
6037701902,"Downtown, Santa Monica, CA",50606
6037504001,"La Mirada, CA",50605
15003008921,"Waipahu, HI",50605
30037000100,"Ryegate, MT",50603
39049009385,"Slate Ridge, Reynoldsburg, OH",50603
6017030804,"Shingle Springs, CA",50602
31055006503,"North Central Omaha, Omaha, NE",50601
15003000700,"Kaimuki, Honolulu, HI",50600
27085950500,"Brownton, MN",50600
27003050702,"Coon Rapids, MN",50599
26163562700,"Plymouth, MI",50598
49011125406,"Layton, UT",50596
12011010604,"Pine Ridge, Coral Springs, FL",50595
17031811800,"Northlake, IL",50595
4013815000,"Ashland Ranch, Gilbert, AZ",50593
24021751702,"Union Bridge, MD",50592
53035091204,"Bremerton, WA",50591
6019005512,"Clovis, CA",50591
48201240802,"Humble, TX",50591
6073020904,"Julian, CA",50590
45051050402,"Myrtle Beach, SC",50589
27145001001,"St. Cloud, MN",50589
36005016400,"Bronx County, NY",50588
53033002900,"Greenwood, Seattle, WA",50587
20087020200,"Valley Falls, KS",50586
44003020800,"West Greenwich, RI",50585
36103159407,"Shirley, NY",50585
9009190100,"Guilford Center, Guilford, CT",50585
49049001503,"Edgemont, Provo, UT",50585
53077000400,"Yakima, WA",50583
27027030106,"Edgewood, Fargo, MN",50582
27003050607,"Coon Rapids, MN",50581
25025010801,"Back Bay East, Boston, MA",50581
6037543503,"Torrance, CA",50581
22019002204,"Lake Charles, LA",50579
25015821300,"South Hadley, MA",50578
25005612200,"Raynham, MA",50578
48303010700,"Slaton, TX",50577
6085503211,"South San Jose, San Jose, CA",50576
42041010204,"Camp Hill, PA",50576
29183312096,"Wentzville, MO",50575
29047021806,"Kearney, MO",50574
9007610100,"Clinton, CT",50574
51107611602,"Sterling, VA",50574
26161448000,"Dexter, MI",50574
13185011200,"Valdosta, GA",50574
6037571800,"Bixby Knolls, Long Beach, CA",50573
27095170500,"Milaca, MN",50573
55097960200,"Junction City, WI",50573
4013422620,"Carriage Lane, Gilbert, AZ",50573
17031807200,"Skokie, IL",50572
24033807301,"College Park, MD",50572
49049010112,"Lehi, UT",50568
49003960802,"Perry, UT",50568
55015020304,"Appleton, WI",50567
6059099223,"Westminster, CA",50566
55005000200,"Cumberland, WI",50566
6037800406,"Malibu, CA",50565
17167002100,"Leland Grove, IL",50565
39049006230,"Dublin, OH",50564
48113014307,"Irving, TX",50564
27037060726,"Saint Paul, MN",50562
55063010700,"La Crosse, WI",50562
17105960100,"Dwight, IL",50561
31109003716,"Lincoln, NE",50560
24033800505,"Bowie, MD",50560
55079160203,"Oak Creek, WI",50559
33011002600,"Manchester, NH",50559
29095013904,"Lee's Summit, MO",50559
53033031205,"Lea Hill, Auburn, WA",50559
41051006702,"Hayhurst, Portland, OR",50557
17143003700,"Chillicothe, IL",50557
42063960600,"Indiana, PA",50557
6037481500,"Alhambra, CA",50557
36083052404,"East Greenbush, NY",50556
17201000514,"Rockford, IL",50556
9011710100,"Lisbon, CT",50555
54061012000,"Morgantown, WV",50553
34023000200,"Middlesex, NJ",50552
20195955800,"WaKeeney, KS",50552
53033023803,"Northwest Bellevue, Bellevue, WA",50551
39061004602,"Mount Washington, Cincinnati, OH",50551
17143003102,"Peoria, IL",50549
36047059300,"Kings County, NY",50548
27141030200,"Big Lake, MN",50547
17105960900,"Forrest, IL",50546
36071014600,"Warwick, NY",50546
25027754100,"Webster, MA",50545
34009021100,"Cape May County, NJ",50545
18083955800,"Monroe City, IN",50544
25017385201,"Ashland, MA",50543
5119004218,"Rock Creek, Little Rock, AR",50542
53049950500,"Long Beach, WA",50542
27109002300,"Rochester, MN",50542
6095252108,"Benicia, CA",50542
20091052405,"Century Estates, Lenexa, KS",50541
24033807405,"Beltsville, MD",50541
12117021615,"Longwood, FL",50540
6001420500,"Albany, CA",50539
19013002601,"Cedar Falls, IA",50539
41051005800,"Southwest Hills, Portland, OR",50539
24021751004,"Frederick, MD",50539
34017010100,"Bayonne, NJ",50539
48397040301,"Rowlett, TX",50538
6111001102,"Oak View, CA",50537
17031828602,"Homewood, IL",50537
6037432902,"Rosemead, CA",50536
18089042504,"Crown Point, IN",50536
45063021026,"Lexington, SC",50536
19155031700,"Council Bluffs, IA",50536
48201454302,"Windgate, Houston, TX",50535
48303001707,"Lubbock, TX",50535
9001043300,"Norwalk, CT",50535
53033030401,"Federal Way, WA",50534
6071000116,"Chino Hills, CA",50532
20173010111,"Bel Aire, KS",50532
10003013608,"Newark, DE",50532
26163593000,"Woodhaven, MI",50532
15003008612,"Kapolei, HI",50530
55105003200,"Whitewater, WI",50529
46003973600,"Plankinton, SD",50528
22019002300,"Sulphur, LA",50528
37183053709,"Northwest Raleigh, Raleigh, NC",50528
36081146300,"Queens County, NY",50527
42011011602,"Mohnton, PA",50524
39025041305,"Cincinnati, OH",50524
36083052301,"Rensselaer, NY",50523
20139010100,"Carbondale, KS",50522
42003320600,"Brookline, Pittsburgh, PA",50522
6085502302,"Central San Jose, San Jose, CA",50521
22015011108,"Benton, LA",50520
26163591700,"Brownstown Charter Township, MI",50519
40109108523,"Northwest Oklahoma City, Oklahoma City, OK",50519
39165030503,"Springboro, OH",50519
31159960400,"Milford, NE",50518
51061930302,"Warrenton, VA",50518
34021004404,"Twin Rivers, East Windsor, NJ",50518
32003005839,"Las Vegas, NV",50518
13135050724,"Grayson, GA",50517
12086010193,"Miami, FL",50515
51059471201,"Tysons, VA",50515
19123950100,"Rose Hill, IA",50515
6075030202,"Inner Sunset, San Francisco, CA",50515
17089852906,"Aurora, IL",50514
42003401100,"Natrona Heights, PA",50513
24003750801,"Glen Burnie, MD",50512
21037052301,"Fort Thomas, KY",50511
55127000101,"East Troy, WI",50511
6071011102,"Green Valley Lake, CA",50511
48085030510,"The Lakes Of Preston Vineyards, Frisco, TX",50511
41037960100,"Silver Lake, OR",50511
9003476200,"Windsor Locks, CT",50509
26161402700,"Thurston, Ann Arbor, MI",50508
9009345100,"Naugatuck, CT",50508
51013101802,"Court House, Arlington, VA",50508
48085031309,"Wylie, TX",50508
48361022200,"Orange, TX",50507
25009221700,"Gloucester, MA",50507
25027721101,"Oakham, MA",50506
36081067900,"Queens County, NY",50506
36081047800,"Queens County, NY",50504
11001005600,"Northwest Washington, Washington, DC",50503
42133010130,"York, PA",50503
36047060800,"Kings County, NY",50503
53053070315,"Auburn, WA",50502
6037117202,"North Hills, Los Angeles, CA",50501
42071012002,"Lititz, PA",50501
34017015201,"West New York, NJ",50501
36047036002,"Kings County, NY",50501
55059002400,"Kenosha, WI",50500
17031811401,"Franklin Park, IL",50500
12031016803,"Southside, Jacksonville, FL",50499
17037000600,"Sycamore, IL",50497
40027202107,"Moore, OK",50497
27059130400,"North Branch, MN",50497
51179010214,"Stafford, VA",50495
8059015900,"Lakewood, CO",50494
26037010600,"Fowler, MI",50494
34017010800,"Constable Hook, Bayonne, NJ",50493
6053011900,"Pebble Beach, Del Monte Forest, CA",50492
8013013212,"Longmont, CO",50491
22005030204,"Prairieville, LA",50490
36055014906,"Spencerport, NY",50490
42019912700,"Sarver, PA",50489
36047019400,"Kings County, NY",50489
31055007470,"Omaha, NE",50487
40109108504,"Northwest Oklahoma City, Oklahoma City, OK",50486
36029013101,"Hamburg, NY",50486
29041470100,"Rothville, MO",50485
25027707500,"Gardner, MA",50484
53007960700,"Wenatchee, WA",50483
17031340300,"South Side, Chicago, IL",50482
31081969200,"Aurora, NE",50482
4013103211,"Covey, Phoenix, AZ",50481
5119003703,"Sherwood, AR",50481
55117010501,"Plymouth, WI",50480
6013355111,"Antioch, CA",50480
31023967700,"David City, NE",50480
9009180200,"The Centre, East Haven, CT",50479
9003416400,"New Britain, CT",50479
9003520301,"Glastonbury, CT",50479
48121020105,"Aubrey, TX",50479
39157020300,"Bolivar, OH",50478
20177003302,"Topeka, KS",50478
20173007302,"Wichita, KS",50476
48453000204,"Rosedale, Austin, TX",50476
26005032200,"Holland, MI",50476
17043846517,"Aurora, IL",50476
8001009327,"Northglenn, CO",50473
49035112201,"Murray, UT",50473
55015020600,"New Holstein, WI",50472
24027606904,"Laurel, MD",50470
33011012100,"Hudson, NH",50470
55025011000,"Fox Ridge, Middleton, WI",50469
10003014404,"Newark, DE",50467
9001211200,"Danbury, CT",50467
29189221503,"Eureka, MO",50466
17197882601,"Reedwood, Joliet, IL",50466
6059099310,"Huntington Beach, CA",50465
39157021400,"Stone Creek, OH",50465
17027900402,"Carlyle, IL",50464
9001021300,"Newfield - Westover - Turn of River, Stamford, CT",50463
18139974100,"Rushville, IN",50463
42063960500,"Home, PA",50462
49011127004,"Woods Cross, UT",50461
42077006303,"Macungie, PA",50461
6037207501,"Downtown, Los Angeles, CA",50461
31055003600,"South Central Omaha, Omaha, NE",50461
17105960800,"Fairbury, IL",50459
55115100100,"Cecil, WI",50458
42091200402,"Hatboro, PA",50456
26163580500,"Wyandotte, MI",50455
53033029601,"Kent, WA",50455
34023002902,"Woodbridge, Woodbridge Township, NJ",50452
53053940004,"Tacoma, WA",50451
39049006383,"Olde Sawmill, Dublin, OH",50451
55133204400,"The Buzzard Point, Oconomowoc, WI",50451
6019005703,"Clovis, CA",50449
34007609201,"Sicklerville, NJ",50448
53033030309,"Federal Way, WA",50447
32013010702,"Winnemucca, NV",50444
20177003901,"Topeka, KS",50444
44007012000,"North Providence, RI",50444
42041011301,"Enola, PA",50444
46099000408,"Sioux Falls, SD",50443
51041100929,"Midlothian, VA",50443
42007603600,"Conway, PA",50442
48201100000,"Central Business District, Houston, TX",50441
34017007200,"Downtown Jersey City, Hoboken, NJ",50441
46011959000,"Brookings, SD",50441
49045130702,"Erda, UT",50440
48187210713,"Northeast Side, Schertz, TX",50440
36021000402,"Valatie, NY",50440
42011012104,"Reading, PA",50439
6059042103,"San Clemente, CA",50439
37049960403,"Trent Woods, NC",50438
39035131104,"Beachwood, OH",50438
36001013000,"Cohoes, NY",50437
48201251700,"Huffman, TX",50437
6059075504,"Tustin, CA",50437
17043841210,"Carol Stream, IL",50437
32031003109,"Sparks, NV",50436
6059099204,"Westminster, CA",50436
40017301006,"Southwest Oklahoma City, Yukon, OK",50435
8001008402,"Strasburg, CO",50435
53033030312,"Federal Way, WA",50432
6059110304,"Buena Park, CA",50432
36081016900,"Queens County, NY",50431
55027960200,"Mayville, WI",50430
42003476100,"Castle Shannon, PA",50430
9003511100,"East Hartford, CT",50430
12109021204,"St. Augustine, FL",50430
27053027601,"Mound, MN",50429
17043840802,"Bensenville, IL",50429
36081091900,"Queens County, NY",50429
18031969000,"Greensburg, IN",50427
44001030601,"Warren, RI",50427
54033032101,"Bridgeport, WV",50426
12057010211,"New Tampa, Tampa, FL",50426
32031002411,"Northwest Reno, Reno, NV",50425
6055201300,"Yountville, CA",50425
55079005800,"Enderis Park, Milwaukee, WI",50425
53011040905,"Ridgefield, WA",50424
26093744700,"South Lyon, MI",50421
48453001845,"North Austin, Austin, TX",50420
5143010510,"Springdale, AR",50420
42075002300,"Annville, PA",50419
6055201403,"Napa, CA",50419
31055007315,"Northwest Omaha, Omaha, NE",50418
34021002701,"Hamilton Township, NJ",50417
26163574202,"Dearborn, MI",50416
42003525100,"Upper Oakmont, Oakmont, PA",50416
29047021102,"Gladstone, MO",50416
18003011604,"Fort Wayne, IN",50416
48201542700,"Katy, TX",50415
6073008330,"Carmel Valley, San Diego, CA",50415
12105012126,"Lakeland, FL",50415
34025804600,"Tinton Falls, NJ",50413
4013617900,"Glendale, AZ",50412
53033000100,"North Seattle, Seattle, WA",50411
19155021702,"Carson, IA",50411
44003021200,"Pilgrim Park, Warwick, RI",50411
36067011012,"Liverpool, NY",50410
17117957100,"Mount Olive, IL",50410
12071001903,"Fort Myers, FL",50409
31109003708,"Lincoln, NE",50409
51059461802,"Oakton, VA",50409
24025305100,"Street, MD",50409
6037124400,"North Hollywood, Los Angeles, CA",50409
26093710500,"Fenton, MI",50409
26161414900,"Bryant Pattengill West, Ann Arbor, MI",50409
25017339900,"Medford, MA",50408
32003005437,"Lake Las Vegas, Henderson, NV",50408
6067007905,"Glen Olive Oaks, Carmichael, CA",50408
39157021300,"Sugarcreek, OH",50407
49035101400,"University, Salt Lake City, UT",50407
8077001402,"Grand Junction, CO",50407
37119006203,"Cornelius, NC",50407
38073969000,"Lisbon, ND",50407
36055014103,"Rochester, NY",50406
42003465600,"Crafton, PA",50405
12099000509,"Riviera Beach, FL",50404
51760070100,"Huguenot, Richmond, VA",50404
8005082500,"Meadowood, Aurora, CO",50403
42017104701,"Doylestown, PA",50402
26115833000,"Ottawa Lake, MI",50400
45045002805,"Greenville, SC",50399
39061021003,"Cincinnati, OH",50399
55083101200,"Oconto Falls, WI",50399
8035014505,"Castle Rock, CO",50398
26093743800,"Whitmore Lake, MI",50393
12099006401,"Delray Beach, FL",50393
4013613100,"Pinnacle Peak, Scottsdale, AZ",50393
46115000300,"Doland, SD",50393
6085506606,"Campbell, CA",50392
24005492101,"Parkville, MD",50392
6001451401,"Livermore, CA",50391
6037570901,"Lakewood, CA",50391
42067070300,"Thompsontown, PA",50391
22071000618,"Algiers, New Orleans, LA",50390
6065042217,"Mission Grove, Riverside, CA",50386
51059450300,"Falls Church, VA",50386
36081032900,"Queens County, NY",50386
46099001105,"Sioux Falls, SD",50386
13089021101,"North Brookhaven, Atlanta, GA",50385
36103190603,"Hampton Bays, NY",50385
42019910700,"Chicora, PA",50384
42129808402,"Ligonier, PA",50383
48381021101,"Amarillo, TX",50382
22033003703,"Broadmoor/Sherwood Forest, Baton Rouge, LA",50382
39103408301,"Medina, OH",50381
26049011214,"Grand Blanc, MI",50381
51061930205,"Warrenton, VA",50381
6059032054,"Rancho Santa Margarita, CA",50380
17031821102,"Oak Lawn, IL",50380
48233950200,"Stinnett, TX",50379
25017356300,"Arlington, MA",50377
12057011409,"Carrollwood Village Phase I, Tampa, FL",50377
37119005843,"Provincetowne, Charlotte, NC",50377
6111005503,"Camarillo, CA",50376
6095253300,"Dixon, CA",50374
44007011702,"Lincoln, RI",50373
5125010303,"Benton, AR",50372
34007603700,"Erlton-Ellisburg, Cherry Hill, NJ",50372
22055001801,"Lafayette, LA",50372
44007011301,"Cumberland, RI",50371
48113014137,"Las Colinas, Irving, TX",50371
55111001100,"Loganville, WI",50371
6019006405,"Clovis, CA",50371
48201343301,"La Porte, TX",50371
9003430601,"Southington, CT",50370
53033031603,"Black Diamond, WA",50367
42125752700,"Washington, PA",50367
6067009309,"Elk Grove, CA",50364
40109106503,"Central Oklahoma City, Oklahoma City, OK",50363
53033020300,"Echo Lake, Shoreline, WA",50362
26099240300,"Clinton Township, MI",50362
36079010200,"Patterson, NY",50361
34001012402,"Northfield, NJ",50361
48085030202,"Celina, TX",50361
6037191902,"Central LA, Los Angeles, CA",50361
25005611201,"Norton, MA",50360
47157021611,"Collierville, TN",50358
9003460202,"Farmington, CT",50358
6001406800,"Dimond, Oakland, CA",50357
31079001200,"Grand Island, NE",50357
41051006200,"South Burlingame, Portland, OR",50354
18089040700,"Highland, IN",50354
6037920017,"Santa Clarita, CA",50354
6111005100,"Somis, CA",50354
4013614000,"Hillcrest Ranch Homeowners, Glendale, AZ",50354
24033800900,"Aquasco, MD",50353
37135011500,"Chapel Hill, NC",50353
34023003201,"Woodbridge Township, NJ",50352
15003007805,"Pearl City, HI",50352
42101037900,"North Philadelphia, Philadelphia, PA",50348
9003492200,"Wethersfield, CT",50348
42001030101,"York Springs, PA",50348
47189030202,"Lebanon, TN",50348
15003000901,"Waialae - Kahala, Honolulu, HI",50345
53033031000,"Lakeland Hills, Auburn, WA",50345
32007951401,"Spring Creek, NV",50344
26093740800,"Brighton, MI",50343
6037503601,"La Mirada, CA",50343
34029732002,"Forked River, Lacey Township, NJ",50343
42071010600,"Elizabethtown, PA",50343
36083052002,"Troy, NY",50342
55027961100,"Juneau, WI",50341
36067011232,"Liverpool, NY",50340
6037920339,"Stevenson Ranch, CA",50339
36047044200,"Kings County, NY",50339
34003021300,"Garfield, NJ",50339
46099001804,"Sioux Falls, SD",50338
4013319906,"Camelot Village, Tempe, AZ",50338
42019912303,"Seven Fields, PA",50338
41005022105,"Clackamas, OR",50335
42107001700,"Yorkville, Pottsville, PA",50334
48113007909,"Dallas, TX",50332
51087200119,"Innsbrook, Glen Allen, VA",50332
45045002608,"Greer, SC",50331
55071000300,"Manitowoc, WI",50330
37119002400,"Elizabeth, Charlotte, NC",50329
19113000100,"Marion, IA",50328
17031824701,"Midlothian, IL",50328
29189217931,"Ballwin, MO",50326
48439113218,"Fort Worth, TX",50326
46103011002,"Rapid City, SD",50326
5007020704,"Bentonville, AR",50324
17031171000,"Dunning, Chicago, IL",50324
4013216819,"Fountain Hills, AZ",50324
39169001700,"Apple Creek, OH",50323
36029009106,"Buffalo, NY",50323
9013881500,"Storrs, Mansfield, CT",50323
6037113401,"Canoga Park, Los Angeles, CA",50323
8013013202,"Longmont, CO",50322
17067954000,"Nauvoo, IL",50322
15003001300,"Kaimuki, Honolulu, HI",50322
39055311700,"Chagrin Falls, OH",50321
6059110005,"Garden Grove, CA",50320
42011012900,"Oley, PA",50320
55009021200,"Green Bay, WI",50319
48201342400,"Bowling Green, Pasadena, TX",50319
29183312192,"Wentzville, MO",50318
45003020801,"North Augusta, SC",50317
42095017000,"Easton, PA",50316
6067009616,"Elk Grove, CA",50316
42045403601,"Norwood, PA",50315
42081011800,"Jersey Shore, PA",50315
42077005302,"New Tripoli, PA",50314
8031005300,"South, Denver, CO",50314
19017004700,"Sumner, IA",50311
4013116719,"Ahwatukee Foothills Village, Phoenix, AZ",50309
12086000121,"Aventura, FL",50308
6037141700,"Sherman Oaks, Beverly Hills, CA",50308
6029002807,"Olde Stockdale, Bakersfield, CA",50308
36047061004,"Kings County, NY",50308
39035177607,"Parma, OH",50308
49011126600,"Bountiful, UT",50306
25009221901,"Gloucester, MA",50306
44007011901,"North Providence, RI",50304
6073009304,"Mission Valley East, San Diego, CA",50304
6065043229,"Murrieta, CA",50303
42011011903,"Douglassville, PA",50303
25005653304,"Dartmouth, MA",50302
25009265101,"Georgetown, MA",50301
39041011102,"Sunbury, OH",50301
38101010200,"Minot, ND",50300
42017105809,"Fairless Hills, PA",50299
6077003106,"Lincoln Village West, Stockton, CA",50299
17111870200,"Harvard, IL",50298
22071003800,"French Quarter, New Orleans, LA",50297
22019002201,"Lake Charles, LA",50297
49049000203,"American Fork, UT",50296
39103415800,"Brunswick, OH",50296
55043961100,"Cuba City, WI",50295
27097780400,"Morrison County, MN",50294
22103041207,"Covington, LA",50294
51700032001,"Central Newport News, Newport News, VA",50294
18003011801,"Hoagland, IN",50294
49051960200,"Heber City, UT",50294
19065080200,"Fayette, IA",50294
6077005501,"Tracy, CA",50293
6059088202,"Garden Grove, CA",50293
29510103400,"Lindenwood Park, St. Louis, MO",50292
26161446400,"Chelsea, MI",50292
42125711000,"Burgettstown, PA",50291
6001450300,"Dublin, CA",50290
26065004600,"Haslett, East Lansing, MI",50290
8013013506,"Longmont, CO",50288
18057111007,"Carmel, IN",50287
36027060302,"Fishkill, NY",50287
48491021201,"Taylor, TX",50286
18019050704,"Sellersburg, IN",50286
12011042000,"East Fort Lauderdale, Fort Lauderdale, FL",50286
42079217002,"Luzerne County, PA",50285
48157674700,"Riverpark West, Richmond, TX",50283
25023509102,"Kingston, MA",50283
48491020411,"Milwood, Austin, TX",50283
44007012300,"Johnston, RI",50283
20177003500,"Silver Lake, KS",50282
48245010600,"Groves, TX",50282
42133022800,"York, PA",50282
26099230900,"Sterling Heights, MI",50282
20055960100,"Garden City, KS",50279
27119020800,"Fertile, MN",50279
54107010102,"Parkersburg, WV",50279
42011011400,"Reading, PA",50277
53033022005,"North Juanita, Kirkland, WA",50276
9009347200,"Prospect, CT",50276
17091010601,"Bourbonnais, IL",50276
17037000700,"Sycamore, IL",50274
36081015500,"Queens County, NY",50274
44005040103,"Portsmouth, RI",50273
39085201100,"Willoughby Hills, OH",50273
8005005626,"Centennial, CO",50272
53033006900,"Queen Anne, Seattle, WA",50271
18069961300,"Huntington, IN",50270
25017342101,"Everett, MA",50270
13089021217,"Dunwoody, GA",50270
44007011500,"Manville, Lincoln, RI",50270
31153010621,"La Vista, NE",50269
18097380901,"Perry Township, Indianapolis, IN",50268
37081016003,"Greensboro, NC",50268
27145000401,"St. Cloud, MN",50267
29047021803,"Kansas City, MO",50267
48029182001,"Northwest Side, Helotes, TX",50267
36047004100,"Kings County, NY",50266
6065042737,"Winchester, CA",50266
17161021300,"Moline, IL",50266
6001431200,"Castro Valley, CA",50265
35001003737,"Peppertree-Royal Oak, Albuquerque, NM",50265
34007611100,"Bellmawr, NJ",50265
38017010203,"West Fargo, ND",50265
22061960700,"Douglas, Choudrant, LA",50264
55073002300,"Athens, WI",50261
8041007202,"Colorado Springs, CO",50260
41067033400,"Banks, OR",50260
42041011102,"Mechanicsburg, PA",50260
6037181000,"Northeast Los Angeles, Los Angeles, CA",50260
39085202800,"Hometown Park, Mentor, OH",50260
21111012301,"Cloverleaf, Louisville, KY",50258
27055020100,"La Crescent, MN",50257
42077009200,"Bethlehem, PA",50254
36061007700,"Lower Manhattan, New York, NY",50253
6059099216,"Huntington Beach, CA",50253
1073011110,"Pinson, AL",50251
55071010600,"Newton, WI",50251
55141010900,"Wisconsin Rapids, WI",50250
48401950501,"Henderson, TX",50249
55133202500,"Broadway Heights, Waukesha, WI",50249
33015003703,"Londonderry, NH",50248
36081120100,"Queens County, NY",50246
6097150611,"Petaluma, CA",50246
1023956900,"Needham, AL",50245
31121966600,"Clarks, NE",50245
24031703402,"Silver Spring, MD",50245
45063021027,"Lexington, SC",50245
19171290200,"Traer, IA",50244
42071012103,"Lititz, PA",50244
6085512042,"South San Jose, San Jose, CA",50243
15003008929,"Mililani Mauka - Launani Valley, Mililani, HI",50243
29183310802,"Saint Charles, MO",50242
17023060400,"Martinsville, IL",50242
48453001828,"North Austin, Austin, TX",50241
6001405000,"Trestle Glen, Oakland, CA",50241
6067007702,"Frontier Oaks, Carmichael, CA",50240
25021420301,"Randolph, MA",50239
36047046800,"Kings County, NY",50239
36087011502,"Spring Valley, NY",50238
8041007102,"Briargate, Colorado Springs, CO",50237
56025001000,"Casper, WY",50237
4013723308,"Estrella Mountain Ranch, Goodyear, AZ",50237
26099222500,"New Baltimore, MI",50235
17031070400,"Lincoln Park, Chicago, IL",50233
46103010905,"Rapid City, SD",50231
36001001901,"Helderberg, Albany, NY",50230
39113040303,"Centerville, OH",50229
18095011502,"Pendleton, IN",50228
22109001500,"Houma, LA",50227
53053071307,"Puyallup, WA",50227
55021971200,"Columbus, WI",50226
22019001300,"Lake Charles, LA",50225
38017000901,"Clara Barton, Fargo, ND",50225
24005430400,"Halethorpe, MD",50224
1097003501,"Parkhill, Mobile, AL",50223
48039663500,"Lake Jackson, TX",50222
22101040200,"Morgan City, LA",50221
31139979100,"Pierce, NE",50220
53053060200,"New Tacoma, Tacoma, WA",50220
53005010805,"South Richland, Richland, WA",50220
36081083800,"Queens County, NY",50219
22051022700,"Metairie, LA",50219
36103158317,"Sound Beach, NY",50219
27003050109,"East Bethel, MN",50217
53033027702,"Burton, Vashon, WA",50217
18147952900,"Chrisney, IN",50216
36047036001,"Kings County, NY",50216
6071002011,"Rancho Cucamonga, CA",50216
33015062500,"Kensington, NH",50215
26093730101,"Howell, MI",50215
25009269100,"Newbury, MA",50214
53061052207,"Monroe, WA",50214
6037430003,"Duarte, CA",50212
12071080204,"Sanibel, FL",50212
17083010500,"Grafton, IL",50211
6073008312,"La Jolla, San Diego, CA",50211
27137010500,"Duluth, MN",50211
24009860801,"Saint Leonard, MD",50211
4013613000,"Cave Creek, AZ",50211
42133021010,"Mount Wolf, PA",50210
36071012900,"Cornwall-on-Hudson, NY",50210
29095017300,"South Kansas City, Kansas City, MO",50209
26125136500,"Village Oaks, Novi, MI",50207
48303001705,"Lubbock, TX",50203
22001960400,"Iota, LA",50203
24031700722,"Gaithersburg, MD",50203
29189220602,"St. Louis, MO",50202
53067010400,"Olympia, WA",50201
13117130507,"Cumming, GA",50200
40131050404,"Owasso, OK",50200
36081005800,"Queens County, NY",50200
6065043250,"Temecula, CA",50200
38001965600,"Hettinger, ND",50200
31121966700,"Chapman, NE",50199
13067030235,"Powder Springs, GA",50198
12105010603,"Lakeland, FL",50196
48201511002,"Lazybrook/ Timbergrove, Houston, TX",50196
8069001808,"Loveland, CO",50194
25017368600,"South Side, Waltham, MA",50194
4013061010,"Litchfield Park, AZ",50194
6067005701,"Del Paso Manor, Sacramento, CA",50193
53037975300,"Ellensburg, WA",50193
17031809500,"Evanston, IL",50193
17031802402,"Wheeling, IL",50192
28049010101,"Jackson, MS",50192
26161466000,"South Lyon, MI",50192
41067030200,"Cedar Hills, Portland, OR",50192
48201453501,"Alief, Houston, TX",50192
22033002000,"Mid City South, Baton Rouge, LA",50191
12115001908,"Sarasota, FL",50190
25017314101,"Dracut, MA",50189
25017374100,"Newton Upper Falls, Newton, MA",50187
26163582100,"Southgate, MI",50186
36083051901,"Schaghticoke, NY",50186
27109001502,"Elton Hills, Rochester, MN",50185
12057011103,"Lutz, FL",50185
42041011305,"Mechanicsburg, PA",50185
34021004310,"Foxmoor, Robbinsville, NJ",50185
6037401601,"Bonita, La Verne, CA",50185
41005020401,"Rosewood, Lake Oswego, OR",50184
48085030511,"Shepherds Hill, Frisco, TX",50182
12057011418,"Carrollwood Village Phase II, Tampa, FL",50182
42041012800,"Newville, PA",50182
39153532706,"Northfield, OH",50181
21113060600,"Nicholasville, KY",50181
11001000300,"Northwest Washington, Washington, DC",50178
27053027602,"Mound, MN",50178
36063024404,"Lewiston, NY",50174
18003011607,"Fort Wayne, IN",50174
36067012600,"Syracuse, NY",50173
20091053007,"Woodbrook, Olathe, KS",50171
49049001103,"Orem, UT",50171
53061052302,"Snohomish, WA",50169
6037501900,"East Whitter, Whittier, CA",50169
6085509102,"Sunnyvale West, Sunnyvale, CA",50168
42091209100,"Halfway House, Pottstown, PA",50167
6071002025,"Rancho Cucamonga, CA",50166
25009260301,"Haverhill, MA",50162
6067009332,"Elk Grove, CA",50161
55095960700,"Saint Croix Falls, WI",50161
42071013204,"Lancaster, PA",50161
6085512401,"San Martin, CA",50160
20113788300,"McPherson, KS",50160
55091950200,"Pepin, WI",50159
6037430501,"Sierra Madre, CA",50157
21185030501,"Pewee Valley, KY",50157
53061053506,"Arlington, WA",50157
30067000100,"Clyde Park, MT",50157
41051006300,"Collins View, Portland, OR",50157
48113016409,"Grand Prairie, TX",50156
21111011111,"Louisville, KY",50156
8059011711,"Foothills, Lakewood, CO",50155
6037113212,"Chatsworth, Los Angeles, CA",50154
9007580100,"Rockfall, Middlefield, CT",50154
6037128910,"Sherman Oaks, Los Angeles, CA",50153
12103027701,"Redington Beach, FL",50152
12117021317,"Oviedo, FL",50151
6085505600,"Santa Clara, CA",50151
45045002815,"Simpsonville, SC",50151
6081602700,"Westview, Pacifica, CA",50150
31055007304,"Florence, Omaha, NE",50149
48291700800,"Dayton, TX",50148
6059110115,"La Palma, CA",50147
31087962700,"Trenton, NE",50146
19141490200,"Sanborn, IA",50145
41071030302,"Newberg, OR",50144
6073015501,"El Cajon, CA",50144
31051977600,"Ponca, NE",50144
42101021900,"Roxborough-Manayunk, Philadelphia, PA",50144
32003002957,"Las Vegas, NV",50143
42017103400,"Coopersburg, PA",50143
1101000900,"Montgomery, AL",50143
6019005907,"Clovis, CA",50143
33011012300,"Hudson, NH",50142
25015822500,"Southampton, MA",50142
17089853005,"Aurora, IL",50142
6037481401,"San Gabriel, CA",50141
6037462500,"Pasadena, CA",50141
20091050200,"Mission, KS",50140
1117030334,"Helena, AL",50140
42013011300,"Martinsburg, PA",50139
26021020300,"Niles, MI",50138
24031700813,"Gaithersburg, MD",50136
6059032015,"Mission Viejo, CA",50136
20085082700,"Holton, KS",50135
53033002700,"Green Lake, Seattle, WA",50135
6113010505,"Davis, CA",50134
42017100209,"Bensalem, PA",50134
53061052805,"Marysville, WA",50133
37081016101,"Greensboro, NC",50131
26163594300,"Trenton, MI",50131
22005030600,"Gonzales, LA",50129
18097320105,"Washington Township, Indianapolis, IN",50128
55121100400,"Whitehall, WI",50127
30111001804,"West End, Billings, MT",50127
25001010900,"Brewster, MA",50127
4017963800,"Taylor, AZ",50127
39153532703,"Macedonia, OH",50127
39035189110,"Westlake, OH",50126
8103951100,"Meeker, CO",50126
6059042336,"Laguna Niguel, CA",50126
34031124601,"Clifton, NJ",50126
41005022710,"Wilsonville, OR",50125
49035103900,"Sugar House, Salt Lake City, UT",50125
40109108708,"Harrah, OK",50125
30013002300,"Great Falls, MT",50123
21059001401,"Owensboro, KY",50122
17073030202,"Cambridge, IL",50122
17031650200,"South Side, Chicago, IL",50122
6067001600,"Central Sacramento, Sacramento, CA",50122
33015065001,"Hampton, NH",50121
46083010108,"Harrisburg, SD",50121
36071014800,"Greenwood Lake, NY",50120
36119001600,"Bryn Mawr, Yonkers, NY",50119
6071002021,"Rancho Cucamonga, CA",50117
42095010400,"Bethlehem, PA",50115
18141010800,"New Carlisle, IN",50115
19193002101,"Sioux City, IA",50115
18089043401,"Lowell, IN",50115
12099007830,"Palm Beach Gardens, FL",50114
37119005835,"Matthews, NC",50114
31055007504,"Valley, NE",50113
24005440600,"Rosedale, MD",50113
35015000200,"Carlsbad, NM",50112
31153010204,"Bellevue, NE",50112
4021001706,"Maricopa, AZ",50111
16031950100,"Malta, ID",50110
42101034802,"Northeast Philadelphia, Philadelphia, PA",50108
12086008206,"Palmetto Bay, FL",50107
42045401402,"Drexel Hill, Upper Darby, PA",50105
55135101200,"New London, WI",50105
41067030805,"Metzger, Tigard, OR",50105
48029181820,"Northwest Side, San Antonio, TX",50105
17063000300,"Morris, IL",50103
36103159410,"Manorville, NY",50102
42003406000,"Tarentum, PA",50102
20015020902,"Rose Hill, KS",50100
20173009512,"Wichita, KS",50100
12057005500,"Historic Hyde Park North, Tampa, FL",50098
17119403122,"Glen Carbon, IL",50095
39103416400,"Brunswick, OH",50095
34031124323,"Clifton, NJ",50094
42003459202,"Pittsburgh, PA",50092
51085320801,"Ashland, VA",50092
22019003101,"Sulphur, LA",50091
42069110402,"Clarks Summit, PA",50090
17031804309,"Streamwood, IL",50090
53033008100,"Central Business District, Seattle, WA",50089
6073020305,"Country Club, Escondido, CA",50089
42041011801,"Mechanicsburg, PA",50088
17031171100,"Dunning, Chicago, IL",50088
42005950300,"Karns City, PA",50088
36093020101,"Schenectady, NY",50087
10003013903,"Newark, DE",50087
9011870703,"Niantic, East Lyme, CT",50087
39085206300,"Perry, OH",50085
34021003202,"Lawrence Township, NJ",50085
36071013000,"Cornwall, NY",50085
24031700310,"Churchill Village South, Germantown, MD",50083
36061004900,"Lower Manhattan, New York, NY",50083
25009208102,"Saugus, MA",50083
19103000301,"Coralville, IA",50082
42017102801,"Quakertown, PA",50082
27005450900,"Detroit Lakes, MN",50081
44009050301,"North Kingstown, RI",50081
42001031600,"Fairfield, PA",50080
29165030500,"Platte City, MO",50080
36055013300,"Rush, NY",50079
6019005510,"Fresno, CA",50079
25017342600,"Everett, MA",50078
40027202006,"South Oklahoma City, Oklahoma City, OK",50077
55139002201,"Winneconne, WI",50076
27003050110,"East Bethel, MN",50076
36081054800,"Queens County, NY",50074
36005013200,"Bronx County, NY",50074
42041010400,"Camp Hill, PA",50074
26163565200,"Westland, MI",50074
39103408202,"Medina, OH",50073
6071008706,"Yucaipa, CA",50072
42133021801,"Hanover, PA",50072
6085508800,"Lowlanders, Sunnyvale, CA",50071
55131420401,"West Bend, WI",50071
53061053102,"Arlington, WA",50070
42003564400,"North Versailles, PA",50070
48491020322,"Cedar Park, TX",50068
44001030602,"Warren, RI",50068
32003001717,"Las Vegas, NV",50067
6067007020,"North Sacramento, Sacramento, CA",50067
29047021306,"New Mark, Kansas City, MO",50066
6075018000,"Mission Bay, San Francisco, CA",50065
29037060800,"Harrisonville, MO",50065
18063210102,"Brownsburg, IN",50065
1001020500,"Prattville, AL",50063
27037060710,"Burnsville, MN",50062
42017100105,"Bensalem, PA",50060
4013812700,"Fox Crossing, Chandler, AZ",50059
27137010300,"Hermantown, MN",50059
19193003500,"Salix, IA",50059
38035010300,"Grand Forks, ND",50059
47037018203,"West Meade, Nashville, TN",50057
13089021411,"Ashford Park, Atlanta, GA",50057
34021003009,"Hamilton Township, NJ",50057
48425000100,"Glen Rose, TX",50055
49003960400,"Tremonton, UT",50054
13057091007,"Woodstock, GA",50054
6037910206,"Palmdale, CA",50052
41005022205,"Happy Valley, OR",50052
47157020622,"Elmore Park, Bartlett, TN",50052
6085506301,"West San Jose, San Jose, CA",50052
17031816200,"Melrose Park, IL",50052
49049010105,"Eagle Mountain, UT",50051
17097864203,"McHenry, IL",50051
55079007800,"Upper East Side, Milwaukee, WI",50051
17103000100,"Ashton, IL",50051
6001432200,"Old San Leandro, San Leandro, CA",50049
6013334004,"Concord, CA",50048
6075980900,"Bayview, San Francisco, CA",50048
8005085400,"Centennial, CO",50047
55139002202,"Larsen, WI",50047
51059421002,"Springfield, VA",50047
39093097400,"Avon Lake, OH",50045
41017000100,"Bend, OR",50044
12086008405,"Miami, FL",50042
6073017054,"Poway, CA",50042
18083955200,"Bruceville, IN",50042
20091052202,"Shawnee, KS",50041
36047042800,"Kings County, NY",50041
4013040520,"Vistancia, Peoria, AZ",50041
48341950100,"Sunray, TX",50040
40017301410,"Southwest Oklahoma City, Mustang, OK",50040
10003016601,"Middletown, DE",50040
45079010306,"Irmo, SC",50039
34033021000,"Elmer, NJ",50037
34035051400,"Manville, NJ",50037
17197880602,"Lockport, IL",50037
36047040400,"Kings County, NY",50037
6037571300,"Lakewood, CA",50036
12057011015,"New Tampa, Tampa, FL",50036
40143004302,"Tulsa, OK",50033
18089043001,"Crown Point, IN",50031
36027190402,"Wappingers Falls, NY",50031
20201978700,"Linn, KS",50030
53053940008,"Northeast Tacoma, Tacoma, WA",50030
48439113919,"Park Glen, Fort Worth, TX",50030
34007605200,"Gloucester City, NJ",50028
36047056900,"Kings County, NY",50028
55043960700,"Lancaster, WI",50027
26139020100,"Conklin, MI",50026
36103123500,"Amityville, NY",50026
6111008401,"Simi Valley, CA",50025
49005000101,"Richmond, UT",50025
6037135114,"Woodland Hills, Los Angeles, CA",50025
29095017600,"South Kansas City, Kansas City, MO",50025
26021001100,"Saint Joseph, MI",50025
36081073700,"Queens County, NY",50024
12057011301,"Hunter Lake, Tampa, FL",50024
9003480900,"Hazardville, Enfield, CT",50024
29183311422,"St. Peters, MO",50023
6111007614,"Moorpark, CA",50022
42129803000,"Irwin, PA",50022
36093032901,"Schenectady, NY",50022
26125192800,"Rochester, MI",50021
56013940400,"Riverton, WY",50020
8005006713,"Englewood, CO",50020
39075976302,"Dundee, OH",50020
19139050100,"Muscatine, IA",50020
6067008124,"Oak Creek, Citrus Heights, CA",50019
49035104700,"Sugar House, Salt Lake City, UT",50018
18081610702,"Bargersville, IN",50017
36103111505,"Huntington, NY",50017
55133202301,"Braintree Manor, Waukesha, WI",50017
4019004724,"Heatherwood Hills, Tucson, AZ",50016
29077004003,"Springfield, MO",50016
13057090804,"Woodstock, GA",50015
42133023301,"York, PA",50015
8059012046,"Littleton, CO",50014
9003490100,"Rocky Hill, CT",50013
36081011500,"Queens County, NY",50013
17111871104,"Huntley, IL",50012
6111001401,"Ventura, CA",50011
39035185104,"South Euclid, OH",50010
55009002003,"Green Bay, WI",50009
33017081600,"Dover, NH",50009
12011041900,"East Fort Lauderdale, Fort Lauderdale, FL",50008
26099221200,"New Baltimore, MI",50008
9011705300,"Mystic, Stonington, CT",50007
42129802700,"Jeannette, PA",50007
6059042331,"Laguna Niguel, CA",50005
19043070300,"Elkader, IA",50005
24005404101,"Owings Mills, MD",50005
6037481711,"Monterey Park, CA",50004
36081085900,"Queens County, NY",50004
12099000215,"Abacoa, Jupiter, FL",50004
36103158112,"Selden, NY",50003
13151070202,"McDonough, GA",50003
51085321002,"Mechanicsville, VA",50002
51013103601,"Aurora Highlands, Arlington, VA",50001
27081201001,"Ivanhoe, MN",50001
48201554801,"Tomball, TX",49998
24003731104,"Arnold, MD",49998
51013103602,"Aurora Highlands, Arlington, VA",49997
36083052502,"Nassau, NY",49996
29183311149,"Saint Charles, MO",49995
17031020701,"Peterson Park, Chicago, IL",49995
35001003732,"Vineyard Estates, Albuquerque, NM",49994
27049080600,"Cannon Falls, MN",49994
48113016617,"DeSoto, TX",49993
19015020200,"Boone, IA",49993
24031703601,"Kensington, MD",49991
42011013200,"Pottstown, PA",49991
42107001200,"Valley View, PA",49990
17043840910,"Glen Ellyn, IL",49989
40047001300,"Enid, OK",49988
38015011300,"Lincoln, ND",49987
6055201102,"Napa, CA",49987
10003014300,"Newark, DE",49987
32003005007,"Las Vegas, NV",49986
21111009300,"Audubon, Louisville, KY",49986
47037016500,"Midtown, Nashville, TN",49986
39095007600,"Toledo, OH",49986
24033801309,"Fort Washington, MD",49985
48201350802,"Friendswood, TX",49985
27123037000,"Baker - Annapolis, Saint Paul, MN",49984
6097153809,"Windsor, CA",49984
4019004726,"Shadow Hills, Tucson, AZ",49984
22071005603,"Lakeview, New Orleans, LA",49983
9007595101,"East Haddam, CT",49982
6037482502,"Garvey, Rosemead, CA",49981
26161413403,"Ypsilanti, MI",49980
31067965000,"Beatrice, NE",49980
22103040303,"Mandeville, LA",49979
19181021200,"Prole, IA",49979
51013101402,"Virginia Square, Arlington, VA",49978
6013304001,"Deer Ridge Country Club, Brentwood, CA",49978
48245010400,"Groves, TX",49978
55087012700,"Hortonville, WI",49977
6085509000,"Snail, Sunnyvale, CA",49977
17093890101,"Oswego, IL",49977
36119011500,"Piermont, NY",49976
36027200001,"Millbrook, NY",49975
36083052204,"Averill Park, NY",49975
6081607702,"East San Mateo, San Mateo, CA",49975
42077005800,"Coplay, PA",49974
42007601700,"New Brighton, PA",49972
4013422211,"Heatherbrook, Chandler, AZ",49972
48113019025,"Coomer Creek, Garland, TX",49972
47157020642,"Gailyn Manor Estates, Arlington, TN",49971
26081012604,"Bailey's Grove, Kentwood, MI",49969
34005700603,"Delran, NJ",49969
6059032053,"Rancho Santa Margarita, CA",49968
6013315000,"Bay Point, CA",49968
48245011304,"Beaumont, TX",49967
36001001802,"Albany, NY",49967
42029300600,"Phoenixville, PA",49967
51153900904,"Dumfries, VA",49966
39035172101,"Mayfield Heights, OH",49965
48441013500,"Tuscola, TX",49964
24005403602,"Baltimore, MD",49964
53033029802,"Auburn, WA",49964
6071002019,"Rancho Cucamonga, CA",49963
13135050610,"Dacula, GA",49963
36061020500,"Upper Manhattan, New York, NY",49963
22051020303,"Metairie, LA",49960
9005268100,"Roxbury, CT",49960
12109020805,"Fruit Cove, FL",49960
17113001105,"Bloomington, IL",49960
17167003902,"Rochester, IL",49959
42133022000,"Hanover, PA",49958
25005642400,"Fall River, MA",49957
18063210201,"Brownsburg, IN",49956
24009861001,"Lusby, MD",49955
9005290100,"Barkhamsted, CT",49953
36047046201,"Kings County, NY",49953
4013615700,"Arrowhead Phase II, Glendale, AZ",49953
20071958100,"Tribune, KS",49952
27001770200,"Hill City, MN",49951
6037137401,"Woodland Hills, Los Angeles, CA",49949
6085503105,"Kennedy, San Jose, CA",49949
34029713401,"Brick, NJ",49947
48029192300,"North Central, San Antonio, TX",49947
26099250700,"Saint Clair Shores, MI",49946
55073001800,"Mosinee, WI",49946
55079090900,"Wauwatosa, WI",49946
48439110906,"Benbrook, TX",49945
42071013901,"Willow Street, PA",49945
42133020420,"Dillsburg, PA",49944
6071010804,"Crestline, CA",49944
26099220001,"New Baltimore, MI",49943
39017010911,"Fairfield, OH",49943
37097061204,"Mooresville, NC",49942
29099700113,"Arnold, MO",49942
42003416000,"Harwick, PA",49941
49035112611,"Sandy, UT",49941
49049001001,"Scera Park North, Orem, UT",49940
27053105204,"Central Minneapolis, Minneapolis, MN",49940
48397040302,"Rockwall, TX",49940
31109010300,"Martell, NE",49940
12011110328,"Pembroke Pines, FL",49940
16005001900,"Lava Hot Springs, ID",49939
42063961500,"Blairsville, PA",49939
25017351100,"Spring Hill, Somerville, MA",49938
6073020708,"Kit Carson, Escondido, CA",49938
34029731002,"Bayville, Berkeley Township, NJ",49938
39165032201,"Maineville, OH",49938
54079020604,"Teays, Hurricane, WV",49937
42101032600,"Northeast Philadelphia, Philadelphia, PA",49936
6085504315,"North San Jose, San Jose, CA",49936
46103011005,"Rapid City, SD",49936
26163574600,"Dearborn, MI",49935
36103158103,"Centereach, NY",49934
53053073406,"Puyallup, WA",49933
42101001600,"Queen Village, Philadelphia, PA",49932
39153508000,"Merriman Valley, Akron, OH",49932
19163013705,"Bettendorf, IA",49931
45045002812,"Greenville, SC",49931
36119001402,"Lincoln Park, Yonkers, NY",49930
17031640100,"South Side, Chicago, IL",49930
6073009604,"Allied Gardens, San Diego, CA",49930
53057952302,"Mount Vernon, WA",49930
6085504505,"Milpitas, CA",49930
42007601000,"Beaver Falls, PA",49928
6073013417,"Eastlake, Chula Vista, CA",49928
48201323702,"Parkgate, Pasadena, TX",49927
26163562800,"Plymouth, MI",49926
42069110202,"Olyphant, PA",49926
21111011004,"Louisville, KY",49926
29095014002,"Oak Grove, MO",49926
26081001102,"North East Citizens Action, Grand Rapids, MI",49925
47157021331,"Balmoral, Memphis, TN",49925
12105011822,"Lakeland, FL",49925
27003051600,"Stacy, MN",49924
46103011004,"Rapid City, SD",49924
6037530003,"South Montebello, Montebello, CA",49921
6077004105,"South Woodbridge, Woodbridge, CA",49920
27111961200,"Underwood, MN",49920
41005023201,"Damascus, OR",49920
9005293100,"Colebrook, CT",49919
18043071104,"Georgetown, IN",49915
51085320805,"Mechanicsville, VA",49915
36059414303,"Freeport, NY",49915
21111011113,"Louisville, KY",49914
6085505303,"Santa Clara, CA",49914
48201555100,"Dove Meadows, Spring, TX",49913
33011018000,"Brookline, NH",49913
6075010900,"Russian Hill, San Francisco, CA",49912
19169001301,"Ames, IA",49912
36061001401,"Lower East Side, New York, NY",49911
17085020401,"The Galena Territory, Galena, IL",49911
48085031634,"Park Forest North, Plano, TX",49910
27049080200,"Red Wing, MN",49909
12086008502,"Miami, FL",49909
31001965400,"Juniata, NE",49909
39061004605,"Mount Washington, Cincinnati, OH",49909
48201555302,"Augusta Pines, Spring, TX",49907
6037134423,"West Hills, Los Angeles, CA",49907
12011090102,"Hollywood Beach, Hollywood, FL",49906
39049000120,"Clintonville, Columbus, OH",49906
36119008902,"White Plains, NY",49905
51059430700,"Springfield, VA",49905
12061050503,"Vero Beach, FL",49903
48439113711,"Grapevine, TX",49902
17135957600,"Litchfield, IL",49901
34003021100,"Garfield, NJ",49901
42019911400,"Cabot, PA",49900
6085503325,"East San Jose, San Jose, CA",49900
48303001903,"Melonie Park, Lubbock, TX",49900
48141010103,"Fort Bliss, TX",49899
12099007416,"Boca Raton, FL",49899
49043964304,"Park City, UT",49898
46115000200,"Redfield, SD",49897
36047048100,"Kings County, NY",49897
27053026812,"Minneapolis, MN",49896
19103010500,"Iowa City, IA",49896
26125130400,"White Lake, White Lake charter Township, MI",49895
48491020605,"Village At Mayfield Ranch, Round Rock, TX",49893
17117956200,"Palmyra, IL",49892
51107611021,"Ashburn, VA",49891
6081600402,"Crocker, Daly City, CA",49890
36081059500,"Queens County, NY",49890
56037970800,"Rock Springs, WY",49889
21015070308,"Florence, KY",49889
6085503210,"South San Jose, San Jose, CA",49888
36093033003,"Schenectady, NY",49887
4013611200,"Terra Vista Estates, Peoria, AZ",49887
32003006900,"Las Vegas, NV",49887
8013013208,"Longmont, CO",49887
42043024600,"Harrisburg, PA",49886
42091201605,"Roslyn, Abington, PA",49884
6001450743,"Pleasanton, CA",49884
27003050501,"Anoka, MN",49883
42003439000,"Sewickley, PA",49882
1097003301,"Llanfair, Mobile, AL",49882
9007680100,"Westbrook, CT",49882
36119005701,"New Rochelle, NY",49882
55055101300,"Fort Atkinson, WI",49880
42129808300,"New Florence, PA",49880
6037115301,"Northridge, Los Angeles, CA",49880
51041100815,"Richmond, VA",49879
24009860502,"Huntingtown, MD",49878
36081115900,"Queens County, NY",49877
18127050103,"Chesterton, IN",49877
36055011504,"Penfield, NY",49876
39095004504,"Beverly, Toledo, OH",49876
27061480600,"Warba, MN",49876
22089063200,"Des Allemands, LA",49875
48451001707,"San Angelo, TX",49875
48113014128,"Valley Ranch, Irving, TX",49875
39035185203,"South Euclid, OH",49874
17019010900,"Tolono, IL",49874
53061042006,"Mukilteo, WA",49874
42017100407,"Levittown, PA",49873
36055012201,"Rochester, NY",49873
39049006371,"Northwest Columbus, Dublin, OH",49873
21015070314,"Florence, KY",49872
6037574202,"Artcraft Manor, Long Beach, CA",49871
20091051902,"Overland Park, KS",49871
6037650004,"Northwest Torrance, Torrance, CA",49871
42055010100,"Willow Hill, PA",49870
6037800102,"Topanga, CA",49869
9011705102,"Pawcatuck, Stonington, CT",49869
42075003902,"Palmyra, PA",49869
31055004600,"Central Omaha, Omaha, NE",49869
6067007107,"North Natomas, Sacramento, CA",49869
25009268400,"Newburyport, MA",49867
4013422309,"Gilbert, AZ",49866
39061010700,"West Price Hill, Cincinnati, OH",49866
12069031308,"Clermont, FL",49866
17111870812,"Island Lake, IL",49865
36001014502,"Delmar, NY",49865
19167070400,"Hawarden, IA",49865
41005021801,"Portland, OR",49865
12057012503,"Plant City, FL",49864
8069000902,"Stonehenge, Fort Collins, CO",49864
12117020803,"Lake Mary, FL",49862
42071012602,"Narvon, PA",49862
6037463700,"South Arroyo, Pasadena, CA",49860
53033007000,"Lower Queen Anne, Seattle, WA",49858
49049000104,"Lehi, UT",49857
34027041706,"Parsippany, Parsippany-Troy Hills, NJ",49857
6037301204,"Verdugo Viejo, Glendale, CA",49856
53061052115,"Everett, WA",49856
9011702900,"Noank, Groton, CT",49855
44007010702,"Riverside, East Providence, RI",49854
55079019200,"White Manor, Milwaukee, WI",49854
17093890500,"Plano, IL",49853
9003417500,"New Britain, CT",49852
6065042013,"Orangecrest, Riverside, CA",49851
36067015100,"Fayetteville, NY",49851
34037373800,"Newton, NJ",49850
36027160004,"Rhinebeck, NY",49850
17201004002,"Rockton, IL",49850
8031004201,"East, Denver, CO",49850
36103158308,"Port Jefferson Station, NY",49850
34029732101,"Lanoka Harbor, Lacey Township, NJ",49849
42029306000,"Coatesville, PA",49849
19061000801,"Dubuque, IA",49848
12031014601,"Arlington, Jacksonville, FL",49846
47187050101,"Brentwood, TN",49844
48039660200,"Friendswood, TX",49844
24031702401,"Silver Spring, MD",49843
38017010109,"West Fargo, ND",49843
6085512022,"South San Jose, San Jose, CA",49843
53053070311,"Buckley, WA",49843
37183053109,"Pine Meadow, Fuquay Varina, NC",49843
6067008402,"Sierra Woods, Folsom, CA",49842
42041012400,"Carlisle, PA",49842
19121060200,"Winterset, IA",49842
48167722001,"Texas City, TX",49841
26099260400,"Warren, MI",49840
12057011509,"Lutz, FL",49840
13057090701,"Canton, GA",49840
48505950302,"Zapata, TX",49839
33011002200,"Manchester, NH",49839
39035192900,"Valley View, OH",49839
55073001201,"Kronenwetter, WI",49837
26163562900,"Plymouth, MI",49837
36081030903,"Queens County, NY",49834
9011660102,"Old Lyme, CT",49833
25017341200,"Malden, MA",49832
9003515101,"Keeney, Manchester, CT",49832
6019005513,"Clovis, CA",49832
22033003805,"Baton Rouge, LA",49832
6097153404,"Sebastopol, CA",49830
12105010501,"Lake Bentley, Lakeland, FL",49829
36081045000,"Queens County, NY",49828
39095007002,"Maumee, OH",49828
22103040605,"Covington, LA",49827
17195000500,"Fulton, IL",49827
46013951400,"Aberdeen, SD",49827
18011810300,"Lebanon, IN",49826
6071000819,"Upland, CA",49825
55079120400,"Greenfield, WI",49823
6037403402,"Valle Lindo, Walnut, CA",49823
6081601601,"Colma, CA",49822
26125181100,"Madison Heights, MI",49822
25027752100,"Douglas, MA",49819
8037000702,"Vail, CO",49818
4019004051,"Tucson, AZ",49817
6059021914,"Santa Ana, CA",49816
48139060802,"Midlothian, TX",49815
26115832800,"Ida, MI",49814
36119012900,"Mount Kisco, NY",49813
4013813400,"Chandler, AZ",49812
28089030204,"Madison, MS",49810
12095017105,"Windermere, FL",49810
26077002801,"Kalamazoo, MI",49810
17161024102,"Taylor Ridge, IL",49810
6073016901,"Lakeside, CA",49809
6061020711,"Johnson Ranch, Roseville, CA",49809
45015020722,"Goose Creek, SC",49809
53067011623,"Lacey, WA",49809
42091201704,"Glenside, PA",49808
17091010202,"Manteno, IL",49808
26005032402,"Holland, MI",49806
48085030515,"McKinney, TX",49806
22103041209,"Mandeville, LA",49806
19013001501,"Waterloo, IA",49805
6037620602,"North Redondo, Redondo Beach, CA",49803
55079050101,"Brown Deer, WI",49803
8069002011,"Loveland, CO",49802
23005002501,"Falmouth Foreside, Falmouth, ME",49802
8013013005,"Louisville, CO",49801
22073000200,"Monroe, LA",49800
25005985600,"North Easton, Easton, MA",49799
55139002100,"Omro, WI",49799
27111960800,"Fergus Falls, MN",49798
4013422504,"Mesa, AZ",49798
36055011605,"Penfield, NY",49798
37063001707,"Huckleberry Heights, Durham, NC",49797
6001403300,"Downtown Oakland, Oakland, CA",49796
12071040113,"Fort Myers, FL",49796
36047029200,"Kings County, NY",49796
26081010904,"Kent County, MI",49794
21111008200,"Cherokee Triangle, Louisville, KY",49794
19163010202,"Long Grove, IA",49794
53053073111,"Puyallup, WA",49793
48439113929,"Village of Woodland Springs, Fort Worth, TX",49792
49049010408,"Salem, UT",49792
36081047000,"Queens County, NY",49791
42091200800,"Hatfield, PA",49791
6013357000,"Crockett, CA",49791
34003036200,"Moonachie, NJ",49791
48423001905,"Tyler, TX",49789
37183053718,"Umstead, Raleigh, NC",49789
53021020800,"Connell, WA",49788
25005617101,"Assonet, Freetown, MA",49787
39061023210,"Cincinnati, OH",49787
24003731307,"Pasadena, MD",49787
31157953400,"Scottsbluff, NE",49786
42007605100,"Fombell, PA",49786
9001070100,"Black Rock, Bridgeport, CT",49786
12105014006,"Winter Haven, FL",49786
36029007901,"Raintree Island, Tonawanda, NY",49785
42091200307,"Willow Grove, PA",49785
17197883402,"Wilmington, IL",49784
36047057800,"Kings County, NY",49784
34023000801,"South Plainfield, NJ",49784
17163503304,"Belleville, IL",49783
48121021638,"Far North Dallas, Dallas, TX",49783
26125123100,"Oakland County, MI",49781
41005023300,"Boring, OR",49781
25025170300,"Revere, MA",49779
22033004505,"Baton Rouge, LA",49779
19147960100,"West Bend, IA",49777
31079000100,"Cairo, NE",49776
17043840704,"Bensenville, IL",49776
8075966000,"Sterling, CO",49776
42011013900,"Lenhartsville, PA",49776
27171100701,"Buffalo, MN",49775
42011014100,"Kutztown, PA",49774
17197880410,"Romeoville, IL",49774
55111000401,"Baraboo, WI",49773
9007600100,"Chester Center, Chester, CT",49773
17179021605,"Morton, IL",49772
40109106911,"10/18 Neighborhood Watch, Oklahoma City, OK",49772
6037301900,"Downtown, Glendale, CA",49771
39055312203,"Chardon, OH",49770
51145500101,"Powhatan, VA",49770
18081610404,"Greenwood, IN",49769
55117010601,"Sheboygan Falls, WI",49768
26049011101,"Grand Blanc, MI",49768
8095967700,"Haxtun, CO",49768
47065010432,"Hixson, Chattanooga, TN",49768
48295950300,"Follett, TX",49767
26099247400,"Harrison charter Township, MI",49766
36085003300,"Richmond County, NY",49765
1073014404,"Birmingham, AL",49764
40047001100,"Kremlin, OK",49763
18057110403,"Westfield, IN",49762
39025040600,"Milford, OH",49761
48113013726,"Addison, TX",49760
17111870811,"McHenry, IL",49759
53033010500,"Southwest, Seattle, WA",49758
42129807800,"Latrobe, PA",49758
36119014701,"Cortlandt, NY",49757
48201252900,"Highlands, TX",49757
6073013412,"Terra Nova, Chula Vista, CA",49757
13117130307,"Cumming, GA",49756
48439111204,"Burleson, TX",49756
25017314200,"Dracut, MA",49754
42125722700,"Hickory, PA",49753
42019911501,"Butler, PA",49753
48201323801,"Pasadena, TX",49753
37119005907,"Dixie - Berryhill, Charlotte, NC",49752
36119011000,"Elmsford, NY",49751
53011040504,"Battle Ground, WA",49751
38035011200,"Grand Forks, ND",49750
42003480101,"Pittsburgh, PA",49750
13117130505,"Cumming, GA",49750
26099262600,"Warren, MI",49749
25013812600,"Westfield, MA",49749
39093013100,"Avon, OH",49749
9005425300,"Terryville, Plymouth, CT",49748
6059052416,"Lake Forest, CA",49747
36027140700,"Poughkeepsie, NY",49746
41005023202,"Damascus, OR",49745
6087121100,"Soquel, CA",49744
53063010202,"Mead, WA",49744
46013951300,"Aberdeen, SD",49743
49035113411,"West Valley City, UT",49742
25017311600,"Highlands, Lowell, MA",49742
8005086200,"Centennial, CO",49740
34023001300,"Highland Park, NJ",49740
1073011107,"Trussville, AL",49740
6037265520,"Westwood, Los Angeles, CA",49739
36081028500,"Queens County, NY",49738
17043840801,"Bensenville, IL",49738
26125139200,"South Lyon, MI",49737
49057210510,"Roy, UT",49737
27029000100,"Bagley, MN",49737
19191950200,"Decorah, IA",49736
39153530104,"Twinsburg, OH",49736
25027730901,"Newton Square, Worcester, MA",49735
48453001855,"Pflugerville, TX",49735
12086014900,"Miami, FL",49734
6079011200,"San Luis Obispo, CA",49734
37049961202,"Havelock, NC",49734
42005950500,"Kittanning, PA",49734
8005083500,"Country Lane, Aurora, CO",49734
53053073120,"Puyallup, WA",49733
42069101800,"Scranton, PA",49733
19103000100,"Shimek, Iowa City, IA",49733
26093712602,"Howell, MI",49733
6065041805,"Corona, CA",49732
25027738100,"South Grafton, Grafton, MA",49732
51087200414,"Glen Allen, VA",49731
27123042602,"North Saint Paul, MN",49729
49045130800,"Grantsville, UT",49729
55079160202,"Oak Creek, WI",49727
31109001102,"Lincoln, NE",49727
41051009906,"Gresham Butte, Gresham, OR",49726
29077002800,"Springfield, MO",49725
48355005801,"Calallen, Corpus Christi, TX",49725
8059011709,"Kendrick Lake, Lakewood, CO",49725
34005700503,"Moorestown-Lenola, Moorestown, NJ",49724
17031080201,"Near North Side, Chicago, IL",49724
25027724100,"West Brookfield, MA",49724
31027977200,"Laurel, NE",49724
33017080202,"Durham, NH",49723
6065043822,"Beaumont, CA",49722
12021010415,"Urban Estates, Naples, FL",49721
6073019301,"Guajome, Oceanside, CA",49720
27003050228,"Ramsey, MN",49720
6001440306,"Union City, CA",49718
53033021802,"Bothell, WA",49717
6001443001,"Grimmer, Fremont, CA",49717
6085512308,"Morgan Hill, CA",49717
27061481000,"Bovey, MN",49716
48337950200,"Nocona, TX",49716
12086019000,"Miami, FL",49716
12019030701,"Orange Park, FL",49715
21145031302,"Paducah, KY",49714
34017010700,"Constable Hook, Bayonne, NJ",49713
48113009402,"Northwest Dallas, Dallas, TX",49712
6085506401,"Hamann Park, San Jose, CA",49712
17031823500,"Blue Island, IL",49711
55009020203,"Suamico, WI",49711
34003023601,"Hackensack, NJ",49710
53071920000,"Burbank, WA",49709
26099232100,"Sterling Heights, MI",49708
29189219100,"Webster Groves, MO",49708
39035181204,"Rocky River, OH",49707
26125150100,"Pontiac, MI",49706
6037920028,"Santa Clarita, CA",49705
21111012203,"Louisville, KY",49705
6069000802,"Paicines, CA",49705
34017012800,"Kearny, NJ",49704
42025020500,"Lehighton, PA",49703
48029181901,"Northwest Side, San Antonio, TX",49703
8013012103,"North Boulder, Boulder, CO",49703
48439110905,"Benbrook, TX",49702
8035014009,"Parker, CO",49701
31109003704,"Lincoln, NE",49701
6037207102,"Central LA, Los Angeles, CA",49700
42101030600,"Lawncrest, Philadelphia, PA",49700
17131040400,"Viola, IL",49699
36085003900,"Richmond County, NY",49699
6061021902,"Meadow Vista, CA",49699
48201542000,"Silvermill, Katy, TX",49698
22073005201,"Indian Lakes, West Monroe, LA",49697
42011010700,"Wernersville, PA",49696
55117010900,"Sheboygan Falls, WI",49695
39159050601,"Plain City, OH",49695
6081609100,"San Carlos, CA",49694
36091062403,"Saratoga County, NY",49693
6071009107,"Pinon Hills, CA",49693
42003507000,"East McKeesport, PA",49693
6059110117,"Cypress, CA",49692
48113019039,"Richardson, TX",49692
4013617700,"Hidden Manor HOA, Glendale, AZ",49692
26163564800,"Canton, MI",49691
26099211000,"Richmond, MI",49690
39089756202,"Reynoldsburg, OH",49688
6037910808,"Santa Clarita, CA",49687
31025965600,"Plattsmouth, NE",49686
6037910202,"Lancaster, CA",49686
26081012002,"Alto, MI",49685
44003021300,"Warwick, RI",49685
34023003203,"Woodbridge Township, NJ",49685
42133010520,"York, PA",49684
55021971100,"Fall River, WI",49684
25001010600,"North Chatham, Chatham, MA",49684
26049010603,"Flushing, MI",49683
27053020301,"Minneapolis, MN",49683
22033005000,"Highlands/Perkins, Baton Rouge, LA",49682
6073021206,"Alpine, CA",49681
37183053713,"Northwest Raleigh, Raleigh, NC",49680
48381021500,"Amarillo, TX",49679
17197880313,"Aurora, IL",49679
6065040701,"Norco, CA",49679
6037463102,"Pasadena, CA",49679
53033032704,"North Bend, WA",49678
36083041200,"Troy, NY",49676
48201553403,"Spring, TX",49676
6001440331,"Union City, CA",49675
36029011600,"Buffalo, NY",49675
27037060101,"Saint Paul, MN",49675
27003050227,"Ramsey, MN",49674
12099000101,"Jupiter, FL",49674
22051022800,"Metairie, LA",49674
42095015300,"Bangor, PA",49672
20173010200,"Valley Center, KS",49670
8069001113,"Woodridge, Fort Collins, CO",49670
25001013100,"Marstons Mills, Barnstable, MA",49670
19153011201,"Windsor Heights, IA",49669
17031770602,"Des Plaines, IL",49669
30049001100,"Helena, MT",49669
39153530502,"Stow, OH",49668
42003503002,"White Oak, PA",49668
48453001706,"Twin Mesa, Austin, TX",49667
25027709502,"Leominster, MA",49666
17113005201,"Bloomington, IL",49666
42095010100,"Bethlehem, PA",49665
42041010500,"Camp Hill, PA",49664
17031340500,"Armour Square, Chicago, IL",49663
17201000504,"Rockford, IL",49662
37119003105,"Quail Hollow, Charlotte, NC",49662
12109020711,"Ponte Vedra Beach, FL",49662
4013813100,"Chandler, AZ",49662
6037570902,"Lakewood, CA",49661
55079019500,"Morgan Heights, Milwaukee, WI",49661
48481741100,"Louise, TX",49660
12095012800,"Orlando, FL",49659
48029181823,"Northwest Side, San Antonio, TX",49659
36079010400,"Carmel Hamlet, NY",49659
4013104214,"Glendale, AZ",49658
18003010815,"Fort Wayne, IN",49657
8059012047,"Kipling Hills, Littleton, CO",49656
22109001201,"Chauvin, LA",49655
8031004005,"University Park, Denver, CO",49654
46097961600,"Howard, SD",49653
42097082300,"Herndon, PA",49652
25017341400,"Malden, MA",49652
27063480300,"Lakefield, MN",49652
6073013314,"Chula Vista, CA",49650
8123001500,"Eaton, CO",49650
8059012037,"Kings Valley, Conifer, CO",49650
15003008410,"Ewa, Ewa Beach, HI",49650
34025812300,"Shrewsbury, NJ",49649
12071050306,"Bonita Springs, FL",49649
34015502400,"Beckett, Logan Township, NJ",49649
28011950600,"Cleveland, MS",49648
25005653203,"Bliss Corner, Dartmouth, MA",49648
31141965300,"Columbus, NE",49647
6073008002,"Pacific Beach, San Diego, CA",49647
36087012101,"Monsey, NY",49647
13117130403,"Cumming, GA",49646
13073030309,"Evans, GA",49646
27137015400,"Ely, MN",49646
36081053900,"Queens County, NY",49645
51810046212,"Virginia Beach, VA",49645
12099000303,"West Palm Beach, FL",49644
34007608304,"Camden County, NJ",49644
6073019107,"Valley Center, CA",49643
26087342000,"Metamora, MI",49643
48121020402,"Denton, TX",49643
27053020303,"Minneapolis, MN",49642
42045406801,"Aston, PA",49641
42071013102,"Lancaster County, PA",49640
6019005407,"Fresno, CA",49639
36069050102,"Victor, NY",49639
6061022900,"Rocklin, CA",49638
6001420200,"Albany, CA",49638
42091208203,"Gilbertsville, PA",49638
42101031000,"Oxford Circle/ Castor, Philadelphia, PA",49636
6037432101,"El Monte City, Temple City, CA",49636
12099000408,"Jupiter, FL",49636
51059452802,"Bailey's Crossroads, VA",49635
42003401300,"Campton, Natrona Heights, PA",49635
21111010705,"Louisville, KY",49634
6075026002,"Excelsior, San Francisco, CA",49634
22073010202,"Monroe, LA",49633
35028000100,"Los Alamos, NM",49633
9005300500,"Litchfield, CT",49633
6001443002,"Grimmer, Fremont, CA",49632
6107001902,"Visalia, CA",49632
40071000300,"Ponca City, OK",49632
25027700100,"Ashburnham, MA",49631
31069952100,"Oshkosh, NE",49631
55059002800,"Salem, WI",49631
42071011804,"Lancaster, PA",49630
34007608402,"Sicklerville, NJ",49629
55131420106,"West Bend, WI",49628
36085009700,"Richmond County, NY",49628
42129804702,"Greensburg, PA",49627
31109001301,"Lincoln, NE",49624
6085506302,"Lynhaven, San Jose, CA",49624
42125795700,"Fredericktown, PA",49623
27027020600,"Moorhead, MN",49623
48121021518,"The Colony, TX",49622
6085504506,"Milpitas, CA",49621
36047067400,"Kings County, NY",49621
10003011500,"Wilmington, DE",49621
36081045900,"Queens County, NY",49620
6029003805,"Crystal Ranch, Bakersfield, CA",49620
29047021307,"Kansas City, MO",49619
48439113707,"Grapevine, TX",49618
9011715100,"Salem, CT",49617
37119003013,"Wessex Square, Charlotte, NC",49617
42049010304,"Fairview, PA",49617
19171290300,"Garwin, IA",49616
19005960500,"Postville, IA",49616
6065042003,"Riverside, CA",49615
36001013901,"Albany, NY",49615
55081950900,"Cashton, WI",49614
26163581600,"Southgate, MI",49614
19169000200,"Ames, IA",49613
6111001402,"Ventura, CA",49613
6037216300,"Central LA, Los Angeles, CA",49612
54039001902,"Charleston, WV",49612
16065950200,"Rexburg, ID",49611
26049013110,"Linden, MI",49611
46065977700,"Pierre, SD",49611
17115002902,"Decatur, IL",49611
36081077905,"Queens County, NY",49611
42019911900,"Zelienople, PA",49609
18027954500,"Loogootee, IN",49605
25023502101,"Rockland, MA",49605
6053011602,"Carmel-by-the-Sea, CA",49605
42129807500,"Latrobe, PA",49605
51041100927,"Midlothian, VA",49604
22017023100,"Springlake, University Terrace, Shreveport, LA",49604
42045406803,"Boothwyn, PA",49603
48491020404,"Anderson Mill, Austin, TX",49603
24031701219,"Rockville, MD",49601
39049000110,"Clintonville, Columbus, OH",49601
34031124700,"Clifton, NJ",49601
48201542900,"Katy, TX",49600
6059086305,"Southeast Anaheim, Anaheim, CA",49600
19113010700,"Cedar Rapids, IA",49600
49035111102,"Holladay, UT",49598
19155031900,"Council Bluffs, IA",49597
29047021305,"Nashua, Kansas City, MO",49597
51059482100,"Reston, VA",49594
9005310500,"Torrington, CT",49593
26081000600,"Westside Connection, Grand Rapids, MI",49593
19103010302,"Wickham, North Liberty, IA",49591
12057011523,"Lutz, FL",49591
27085950100,"Winsted, MN",49590
47157021137,"Cordova, Memphis, TN",49588
9003460100,"Farmington, CT",49588
27053106600,"Calhoun Isles, Minneapolis, MN",49588
30111001501,"Shepherd, MT",49587
4013216807,"McCormick Ranch, Scottsdale, AZ",49587
24031700720,"Gaithersburg, MD",49587
18145710300,"Shelbyville, IN",49587
13135050715,"Lilburn, GA",49586
41067030101,"Cedar Mill, Portland, OR",49586
49035111101,"Salt Lake City, UT",49585
39103406000,"Wadsworth, OH",49585
8039961208,"Elizabeth, CO",49585
36061014500,"Lincoln Square, New York, NY",49585
12099006603,"Boynton Beach, FL",49585
48485011700,"Wichita Falls, TX",49584
56041975400,"Evanston, WY",49584
17195000200,"Morrison, IL",49583
34005700102,"Palmyra, NJ",49583
6027000200,"Bishop, CA",49583
26125127500,"Clarkston, MI",49583
25001014002,"Pocasset, Bourne, MA",49582
25015820204,"Belchertown, Belchertown, MA",49581
48201451500,"Westside, Houston, TX",49580
6037920034,"Santa Clarita, CA",49579
36085030302,"Richmond County, NY",49579
6029002819,"Laurel Glen, Bakersfield, CA",49579
49057201400,"Ogden, UT",49579
51510201900,"Old Town, Alexandria, VA",49578
19153000702,"Lower Beaver, Des Moines, IA",49578
48201410600,"Central Business District, Houston, TX",49578
53033028300,"SeaTac, WA",49577
26037010107,"DeWitt, MI",49577
42041010900,"Camp Hill, PA",49577
26099225702,"Shelby charter Township, MI",49574
6095250104,"Vallejo, CA",49573
51199050206,"Yorktown, VA",49573
17097860906,"Ingleside, IL",49573
22055000500,"Lafayette, LA",49572
42125744200,"Canonsburg, PA",49572
20091053707,"Gardner, KS",49572
53053070404,"Orting, WA",49571
6059110301,"Buena Park, CA",49571
48121021409,"Corinth, TX",49570
55139002300,"Neenah, WI",49570
48041001900,"Bryan, TX",49568
36029009800,"Depew, NY",49567
36081000200,"Queens County, NY",49567
32005002300,"Gardnerville, NV",49567
56021001402,"Cheyenne, WY",49567
40037021201,"Sapulpa, OK",49566
4013817000,"Queen Creek, AZ",49566
39055312000,"Burton, OH",49566
27053021501,"Minneapolis, MN",49565
55141010200,"Marshfield, WI",49565
53061050401,"Edmonds, WA",49564
6113010607,"Willowcreek, Davis, CA",49564
6037119700,"Panorama City, Los Angeles, CA",49564
39151714702,"Massillon, OH",49562
1101003301,"Hillwood, Montgomery, AL",49562
41005023001,"Oregon City, OR",49562
6111007300,"Westlake Village, CA",49561
15003010305,"Kaneohe, HI",49561
25009252101,"Methuen, MA",49560
55055100900,"Jefferson, WI",49559
34029732103,"Forked River, Lacey Township, NJ",49559
6037431800,"Arcadia, CA",49559
42101033701,"Northeast Philadelphia, Philadelphia, PA",49557
44007017500,"Woonsocket, RI",49557
46067968600,"Freeman, SD",49556
17031819400,"Brookfield, IL",49556
48361021400,"Orange, TX",49556
42005950900,"Kittanning, PA",49555
55127000301,"Whitewater, WI",49554
12099000301,"Admiral's Cove, Jupiter, FL",49552
51550021006,"Great Bridge, Chesapeake, VA",49552
17103000900,"Compton, IL",49551
55025011700,"Sun Prairie, WI",49551
17043841320,"Hanover Park, IL",49550
36067011202,"Liverpool, NY",49549
26099250800,"Saint Clair Shores, MI",49549
19047070500,"Manilla, IA",49547
42005950100,"New Bethlehem, PA",49547
48091310801,"Garden Ridge, TX",49546
42071012501,"Denver, PA",49546
6073017040,"Poway, CA",49546
26161406000,"King, Ann Arbor, MI",49546
17173959600,"Herrick, IL",49546
30111001401,"Billings, MT",49545
36061002100,"Lower Manhattan, New York, NY",49545
55047100500,"Markesan, WI",49544
16001002413,"West Valley, Boise, ID",49543
34027041100,"Boonton, NJ",49543
32031002210,"Reno, NV",49543
19119950200,"Rock Rapids, IA",49542
42071013602,"Millersville, PA",49542
19011960300,"Vinton, IA",49541
6059062639,"Aliso Viejo, CA",49541
26125187000,"Pleasant Ridge, MI",49539
39109330100,"Pleasant Hill, OH",49538
17179021900,"Delavan, IL",49538
48113016519,"Duncanville, TX",49537
17197883208,"Joliet, IL",49537
6095252202,"Fairfield, CA",49534
34015501303,"Pitman, NJ",49532
17115002300,"Decatur, IL",49531
51179010502,"Fredericksburg, VA",49531
13089021808,"Doraville, GA",49531
27111961100,"Fergus Falls, MN",49530
36103159406,"Center Moriches, NY",49530
55035000900,"Eau Claire, WI",49530
29037061100,"Cleveland, MO",49529
48361021200,"Orange, TX",49529
42043023602,"Middletown, PA",49529
4013815200,"Ashley Heights, Gilbert, AZ",49527
9009180602,"Foxon, East Haven, CT",49526
26125197000,"Troy, MI",49525
42075002701,"Lebanon, PA",49524
6073017108,"Encinitas, CA",49522
25017336401,"Melrose, MA",49519
36067011022,"Syracuse, NY",49519
26163575300,"Dearborn, MI",49518
55063010101,"Bangor, WI",49518
36081118700,"Queens County, NY",49518
6059099203,"Riverview West, Santa Ana, CA",49517
37119005519,"Highland Creek, Charlotte, NC",49516
42071014602,"Kirkwood, PA",49515
6059075807,"Orange, CA",49515
48113007912,"Dallas, TX",49513
32031003515,"Sparks, NV",49512
34009020400,"Woodbine, NJ",49511
36029009114,"Buffalo, NY",49511
42129802900,"Manor, PA",49510
26125153000,"Birmingham, MI",49509
6085506604,"West San Jose, San Jose, CA",49508
44007013202,"Scituate, RI",49508
48121020112,"Little Elm, TX",49507
36047024400,"Kings County, NY",49507
38037965900,"Elgin, ND",49506
48329000500,"Midland, TX",49506
6037139504,"Encino, Los Angeles, CA",49506
53041971000,"Chehalis, WA",49506
17157951000,"Chester, IL",49505
6081600600,"Daly City, CA",49504
42045406100,"Brookhaven, PA",49503
55079170100,"South Milwaukee, WI",49503
29189217300,"Brentwood, MO",49501
19091970200,"Bradgate, IA",49501
49035100800,"Capitol Hill, Salt Lake City, UT",49501
6079012302,"Arroyo Grande, CA",49499
36059405000,"Elmont, NY",49499
27085950700,"Glencoe, MN",49499
17161021200,"Moline, IL",49498
26147651600,"Columbus, MI",49498
56021000800,"Cheyenne, WY",49497
6073015302,"El Cajon, CA",49497
25009221902,"Gloucester, MA",49496
17111870905,"Woodstock, IL",49496
24033800408,"Glenn Dale, MD",49496
26099228000,"Utica, MI",49495
6065041806,"Corona, CA",49495
26099251200,"Saint Clair Shores, MI",49495
17031822000,"Hometown, IL",49495
25023542101,"Middleborough, MA",49493
34009020600,"Woodbine, NJ",49493
12103027316,"Bentley Park, Palm Harbor, FL",49493
53025010700,"Warden, WA",49492
20113788700,"Moundridge, KS",49491
6065043246,"Temecula, CA",49490
26125190400,"Oakland charter Township, MI",49490
42003482500,"Homestead, PA",49489
40027201505,"Norman, OK",49488
36103123802,"Lindenhurst, NY",49488
48201313100,"Museum District, Houston, TX",49487
48167722002,"Texas City, TX",49487
20173010300,"Maize, KS",49485
40109108303,"Northeast Oklahoma City, Edmond, OK",49485
13057090501,"Canton, GA",49485
36061002700,"Lower Manhattan, New York, NY",49485
42091200308,"Willow Grove, PA",49484
47189030308,"Mount Juliet, TN",49484
55099970400,"Phillips, WI",49484
34007609205,"Sicklerville, NJ",49483
8035013904,"Parker North, Parker, CO",49483
22051022101,"Metairie, LA",49482
42003427200,"Pittsburgh, PA",49482
55079021700,"Goldman Park, Milwaukee, WI",49482
6037920332,"Newhall, Santa Clarita, CA",49482
49049001300,"Hillcrest, Orem, UT",49481
42077009100,"Bethlehem, PA",49481
42101003800,"Girard Estates, Philadelphia, PA",49481
48085030527,"McKinney, TX",49479
35025000702,"Hobbs, NM",49479
42077006902,"Coopersburg, PA",49479
39069000200,"Napoleon, OH",49478
8069001708,"Provincetowne, Fort Collins, CO",49478
34015501406,"Glassboro, NJ",49477
31043010400,"Hubbard, NE",49476
15003008912,"Waipahu, HI",49476
41005020600,"Sunset, West Linn, OR",49476
8069002600,"Berthoud, CO",49475
17031818402,"Westchester, IL",49474
8005084300,"Aurora, CO",49473
42007605800,"Beaver Falls, PA",49472
25025000401,"Brighton, Boston, MA",49471
48497150101,"Decatur, TX",49471
48113019024,"Richardson, TX",49470
6059062620,"Laguna Beach, CA",49469
4013422512,"Finley Farms South, Gilbert, AZ",49468
42069112700,"Old Forge, PA",49468
27053024902,"Minneapolis, MN",49467
36067011500,"Baldwinsville, NY",49465
24017850708,"Waldorf, MD",49465
18007100200,"Fowler, IN",49465
42011011902,"Douglassville, PA",49464
6059052517,"Oak Creek, Irvine, CA",49464
12086007702,"Miami, FL",49464
27105105100,"Worthington, MN",49462
26125131100,"Highland Charter Township, MI",49461
47157007300,"East Memphis, Memphis, TN",49461
40143009003,"Broken Arrow, OK",49461
41017001901,"Bend, OR",49460
6037920018,"Santa Clarita, CA",49458
36067013500,"Liverpool, NY",49458
6065041807,"Corona, CA",49456
40017301300,"Southwest Oklahoma City, Yukon, OK",49456
4013422642,"Mesa, AZ",49456
53061053603,"Lake Stevens, WA",49455
8059011708,"Glennon Heights, Lakewood, CO",49455
25001012900,"Centerville, Barnstable, MA",49455
48113019211,"Richardson, TX",49454
42133020410,"Dillsburg, PA",49453
42011010201,"Mohrsville, PA",49453
6037620002,"El Segundo, CA",49452
42003498000,"McKeesport, PA",49451
13113140303,"Peachtree City, GA",49450
17031820501,"Bridgeview, IL",49450
17031640600,"South Side, Chicago, IL",49448
17049950200,"Effingham, IL",49448
53033003400,"Phinney Ridge, Seattle, WA",49447
34035051100,"Bound Brook, NJ",49446
48201250701,"Atascocita, TX",49444
36081030902,"Queens County, NY",49444
6019005514,"Clovis, CA",49444
12011070319,"Weston, FL",49443
24033800513,"Bowie, MD",49443
17113000105,"Normal, IL",49442
6037403303,"Valle Lindo, Diamond Bar, CA",49441
6097150602,"Petaluma, CA",49438
39153507202,"Northwest Akron, Akron, OH",49438
36061019900,"Upper Manhattan, New York, NY",49438
42071010102,"Denver, PA",49437
18073100800,"Wheatfield, IN",49436
48257050205,"Forney, TX",49435
34003057101,"Wallington, NJ",49435
8123001414,"Greeley, CO",49435
42133023810,"Glen Rock, PA",49435
8077001002,"Grand Junction, CO",49435
36081062300,"Queens County, NY",49435
49049001603,"Provo, UT",49435
34039031500,"Elizabeth, NJ",49434
24025301201,"Harford County, MD",49433
12021011002,"City of Marco, Marco Island, FL",49433
17117957200,"Staunton, IL",49433
8039961204,"Parker, CO",49433
41051004700,"Northwest District, Portland, OR",49432
25005612100,"Raynham, MA",49432
35045000202,"Farmington, NM",49431
48469001501,"Victoria, TX",49431
39017010907,"Fairfield, OH",49431
6065041409,"Riverside, CA",49430
42043024800,"Halifax, PA",49430
16011950700,"Blackfoot, ID",49427
6013304005,"Discovery Bay, CA",49426
15003010602,"Kaneohe, HI",49426
6085503337,"Evergreen, San Jose, CA",49425
49035112100,"Murray, UT",49425
53011040403,"Ridgefield, WA",49424
51153900408,"Dale City, VA",49424
19041080400,"Everly, IA",49422
13117130504,"Cumming, GA",49421
48139060209,"Red Oak, TX",49420
6037293301,"Harbor City, Los Angeles, CA",49420
6073019208,"Vista, CA",49419
48167723502,"Santa Fe, TX",49417
12086016400,"Miami, FL",49417
42019910900,"Butler, PA",49414
49035101500,"Central City, Salt Lake City, UT",49414
13117130509,"Cumming, GA",49414
17119400951,"Granite City, IL",49413
38073968900,"Ransom County, ND",49413
34023001901,"Edison, NJ",49413
48453001764,"Spicewood, TX",49412
40019892200,"Graham, OK",49411
27003050115,"Oak Grove, MN",49410
48139060212,"Waxahachie, TX",49410
32003003239,"Las Vegas, NV",49410
36067012100,"Camillus, NY",49409
17075950200,"Clifton, IL",49409
51153901212,"Dale City, VA",49408
20025967100,"Ashland, KS",49407
26161456000,"Lakewood, Ann Arbor, MI",49406
6065043267,"Temecula, CA",49404
48491020320,"Block House Creek, Leander, TX",49404
26093740700,"Brighton, MI",49404
55059002300,"Kenosha, WI",49404
27067780100,"New London, MN",49404
39017010800,"Hamilton, OH",49402
55141010400,"Marshfield, WI",49401
17177001000,"Freeport, IL",49401
4013816000,"Shamrock Estates, Gilbert, AZ",49401
39153530604,"Stow, OH",49401
48139061400,"Ennis, TX",49400
36029012901,"Buffalo, NY",49400
41067033000,"Cornelius, OR",49399
55049950200,"Highland, WI",49399
19041080100,"Dickens, IA",49397
48351950400,"Orange, TX",49392
6065042014,"Orangecrest, Riverside, CA",49392
6065043823,"Beaumont, CA",49392
31039972900,"Bancroft, NE",49392
6067009632,"Elk Grove, CA",49391
41067030700,"Metzger, Tigard, OR",49390
15003011104,"Kailua, HI",49390
6085505007,"Santa Clara, CA",49389
48453001501,"Allandale, Austin, TX",49389
34007607100,"Runnemede, NJ",49389
17201003705,"Cherry Valley, IL",49388
9009345201,"Naugatuck, CT",49388
42095017401,"Easton, PA",49388
8069002801,"Estes Park, CO",49386
12086015500,"Miami, FL",49386
34041032200,"Phillipsburg, NJ",49386
28089030205,"Ridgeland, MS",49386
36047040800,"Kings County, NY",49385
36081013600,"Queens County, NY",49385
36081048100,"Queens County, NY",49383
4013612000,"North Gateway, Phoenix, AZ",49383
34007605300,"Brooklawn, NJ",49383
9001200200,"Bethel, Bethel, CT",49382
6029002820,"Tevis Ranch, Bakersfield, CA",49382
42133010220,"East York, PA",49380
29095015000,"Buckner, MO",49380
36047006200,"Kings County, NY",49379
39173020500,"Perrysburg, OH",49379
55025011800,"Marshall, WI",49379
34039032600,"Union, NJ",49379
22033004504,"Broadmoor/Sherwood Forest, Baton Rouge, LA",49377
26125166800,"Farmington Hills, MI",49375
49049001701,"Tree Streets, Provo, UT",49375
40039960700,"Weatherford, OK",49374
53053072105,"Lakewood, WA",49374
34029713000,"Brick, NJ",49373
36065025001,"Clinton, NY",49373
12021000301,"Park Shore, Naples, FL",49371
37167930300,"Albemarle, NC",49370
27053108000,"Calhoun Isles, Minneapolis, MN",49369
53011040510,"Washougal, WA",49368
48113018134,"Rowlett, TX",49367
17037000200,"Kingston, IL",49364
42095016201,"Northampton, PA",49363
49035112810,"Riverton, UT",49363
55087011501,"Appleton, WI",49362
42045406201,"Brookhaven, PA",49361
40083600700,"Crescent, OK",49360
27119020900,"Erskine, MN",49360
6037276500,"Westchester, Los Angeles, CA",49360
48113013716,"Original Town, Carrollton, TX",49360
24021752501,"Middletown, MD",49358
31055007408,"West Omaha, Omaha, NE",49358
53033024800,"Eastgate, Bellevue, WA",49358
35025000504,"Hobbs, NM",49357
46011958900,"Brookings, SD",49356
36081061301,"Queens County, NY",49355
39041011200,"Delaware, OH",49353
21111007700,"Crescent Hill, Louisville, KY",49351
26099260100,"Warren, MI",49351
27123030100,"St. Anthony Park, Saint Paul, MN",49351
18141011000,"South Bend, IN",49350
36059411000,"Inwood, NY",49349
6013302010,"Oakley, CA",49348
5045030403,"Conway, AR",49347
39035130106,"Bay Village, OH",49347
29183311296,"St. Peters, MO",49347
6073021205,"Alpine, CA",49344
9001211000,"Danbury, CT",49344
19045001200,"Bryant, IA",49344
17089851908,"Elgin, IL",49342
25025000502,"Brighton, Boston, MA",49342
39035177403,"Parma, OH",49340
6001404502,"Montclair, Oakland, CA",49339
4021000604,"Tucson, AZ",49339
27053025302,"East Bloomington, Minneapolis, MN",49338
41067032200,"Sherwood, OR",49334
36061009500,"Midtown, New York, NY",49334
27037060301,"South Saint Paul, MN",49334
4013420704,"The Groves, Mesa, AZ",49334
18125954200,"Winslow, IN",49334
25001011200,"Harwich Port, Harwich, MA",49333
12086008803,"Miami, FL",49332
42045407000,"Glen Mills, PA",49329
42095017502,"Easton, PA",49327
36067015700,"Manlius, NY",49327
37119005615,"Charlotte, NC",49327
6073017041,"Poway, CA",49326
34003030200,"Lodi, NJ",49326
36047015300,"Kings County, NY",49325
39099811902,"Youngstown, OH",49325
45045002804,"Greenville, SC",49325
8001008546,"Thornton, CO",49323
48439111532,"Southwest Arlington, Arlington, TX",49322
34023007600,"South Amboy, NJ",49319
24037875500,"Leonardtown, MD",49318
26125134500,"Commerce Charter Township, MI",49318
42127960200,"Lakewood, PA",49317
42091204200,"Conshohocken, PA",49316
26125181200,"Madison Heights, MI",49315
36027160005,"Rhinebeck Village, Rhinebeck, NY",49314
42129804200,"Greensburg, PA",49314
6111008202,"Simi Valley, CA",49313
25025000402,"Brighton, Boston, MA",49313
27117460100,"Holland, MN",49313
53063013000,"Veradale, Spokane Valley, WA",49312
42019912102,"Cranberry Township, PA",49312
29189220001,"Affton, MO",49312
45091061103,"Fort Mill, SC",49312
53053070207,"Buckley, WA",49312
12086008901,"Miami, FL",49312
26161454000,"Dexter, MI",49312
42129806500,"Scottdale, PA",49311
31135959300,"Grant, NE",49311
48051970200,"Caldwell, TX",49311
49049000103,"Lehi, UT",49311
12057011007,"Lutz, FL",49311
9003405200,"Forestville, Bristol, CT",49310
4013810900,"Chandler, AZ",49310
36081004001,"Queens County, NY",49310
39049010000,"Little Turtle, Westerville, OH",49309
22019001903,"Lake Charles, LA",49309
6037296300,"San Pedro, Los Angeles, CA",49308
25001015100,"Mashpee, MA",49308
26081011101,"Comstock Park, MI",49308
31055007102,"South Omaha, Omaha, NE",49307
25009204400,"Salem, MA",49305
25027709702,"Leominster, MA",49304
25017321300,"Marlborough, MA",49303
4013071509,"Tierra Norte, Peoria, AZ",49303
6057001203,"Truckee, CA",49302
18003010707,"Fort Wayne, IN",49302
25001013600,"Forestdale, Sandwich, MA",49301
53011040301,"Ridgefield, WA",49301
36047019200,"Kings County, NY",49301
6065041803,"Corona, CA",49300
6037139503,"Encino, Los Angeles, CA",49300
6037701100,"West Los Angeles, Los Angeles, CA",49299
47165021205,"Hendersonville, TN",49298
36081055400,"Queens County, NY",49298
6075020300,"The Castro, San Francisco, CA",49297
44007003601,"College Hill, Providence, RI",49296
34023007703,"Old Bridge, Old Bridge Township, NJ",49296
6081611000,"Palm Park, Redwood City, CA",49295
6061021035,"Junction West, Roseville, CA",49295
53033030304,"Federal Way, WA",49295
32031003106,"Sparks, NV",49294
51059416000,"Alexandria, VA",49293
6085512024,"Edenvale, San Jose, CA",49293
6073008513,"Clairemont Mesa West, San Diego, CA",49293
42029307800,"Oxford, PA",49293
27147960500,"Owatonna, MN",49292
6037481713,"Monterey Park, CA",49292
6037554521,"Cerritos, CA",49292
4013422205,"Dobson Ranch, Mesa, AZ",49291
36087010601,"Garnerville, West Haverstraw, NY",49291
24031703209,"Silver Spring, MD",49291
51570830300,"Colonial Heights, VA",49290
24031700105,"Gaithersburg, MD",49289
6085502101,"Central San Jose, San Jose, CA",49287
46099001108,"Sioux Falls, SD",49287
29135385100,"California, MO",49287
26099232400,"Sterling Heights, MI",49287
53033020402,"Ballinger, Lake Forest Park, WA",49287
6037920029,"Santa Clarita, CA",49287
48085030520,"Dominion at Panther Creek, Frisco, TX",49286
36091061100,"Saratoga Springs, NY",49285
48491020410,"Los Indios, Austin, TX",49285
36047043000,"Kings County, NY",49284
55055101701,"Watertown, WI",49283
19031450100,"Lowden, IA",49282
29189215005,"St. Louis, MO",49281
48421950200,"Stratford, TX",49280
55055100400,"Waterloo, WI",49279
48139060900,"Waxahachie, TX",49277
17067954200,"Warsaw, IL",49276
6085504700,"Mountain View, CA",49275
51019030201,"Forest, VA",49275
27163070910,"Oakdale, MN",49274
55063010201,"Holmen, WI",49274
51085321100,"Mechanicsville, VA",49273
13067030232,"Marietta, GA",49273
40017301407,"Southwest Oklahoma City, Mustang, OK",49273
6085506702,"San Tomas, Campbell, CA",49272
39035172201,"Mayfield Heights, OH",49271
21111008900,"Belknap, Louisville, KY",49271
6037141304,"Sherman Oaks, Los Angeles, CA",49270
53035090201,"Poulsbo, WA",49268
39035172102,"Mayfield Heights, OH",49268
25027755100,"Dudley, MA",49267
12011010504,"Parkland, FL",49267
56035000101,"Big Piney, WY",49266
51683910202,"Manassas, VA",49266
29165030001,"Breen Hills, Kansas City, MO",49265
30043962201,"Clancy, MT",49265
36047005800,"Kings County, NY",49264
48201543001,"Cypress, TX",49264
48201554200,"Charterwood, Houston, TX",49264
24025303605,"Bel Air, MD",49263
39123051100,"Curtice, OH",49263
55027961300,"Mayville, WI",49262
13117130302,"Cumming, GA",49262
24033804200,"Cheverly, MD",49261
48201410401,"Hyde Park, Houston, TX",49261
6037300600,"Montrose, Glendale, CA",49261
55079101100,"West Allis, WI",49260
12115001203,"Sarasota, FL",49259
34001012401,"Northfield, NJ",49259
27053025401,"East Bloomington, Minneapolis, MN",49259
42125751100,"Washington, PA",49258
4013422502,"Mesa, AZ",49258
6075031201,"Ingleside, San Francisco, CA",49256
40143008700,"Tulsa, OK",49255
55109120100,"Hudson, WI",49254
49035113016,"Riverton, UT",49254
49005001202,"Logan, UT",49253
41067032608,"Hillsboro, OR",49252
17001010600,"Quincy, IL",49252
42133022200,"Hanover, PA",49251
26099260900,"Warren, MI",49250
36061020300,"Upper Manhattan, New York, NY",49249
55079007600,"Murray Hill, Milwaukee, WI",49248
9009166001,"Hamden, CT",49247
17031061200,"Wrigleyville, Chicago, IL",49246
18073101000,"De Motte, IN",49246
25023542300,"Middleborough Center, Middleborough, MA",49246
47037015619,"Antioch, Nashville, TN",49245
36059416702,"Long Beach, NY",49245
42041010201,"Enola, PA",49245
8013012509,"South Boulder, Boulder, CO",49245
12011040101,"East Fort Lauderdale, Lauderdale-by-the-Sea, FL",49244
6013355107,"Antioch, CA",49243
55019950500,"Loyal, WI",49243
26163564200,"Canton, MI",49243
6037408705,"Rowland Heights, CA",49243
42071014601,"Quarryville, PA",49243
17031819100,"Lyons, IL",49242
25001013900,"Monument Beach, Bourne, MA",49241
28089030202,"Madison, MS",49240
53053073118,"Graham, WA",49240
20115489500,"Lincolnville, KS",49240
6037269100,"Pico - Robertson, Los Angeles, CA",49239
22051025102,"Gretna, LA",49239
9011696200,"Yantic, Norwich, CT",49239
6037574901,"Los Altos, Long Beach, CA",49238
40143007524,"Tulsa, OK",49238
36029008101,"Paramount, Buffalo, NY",49238
48201233002,"Northeast Houston, Houston, TX",49237
24510240200,"Riverside, Baltimore, MD",49237
28089030203,"Madison, MS",49236
34029731103,"Toms River, NJ",49236
6037401101,"Glendora, CA",49235
8041003708,"Northwest Colorado Springs, Colorado Springs, CO",49235
8097000100,"Snowmass, CO",49234
47187051002,"Franklin, TN",49234
17141961300,"Oregon, IL",49232
18063210606,"Avon, IN",49230
53033030310,"Federal Way, WA",49229
34001010506,"Galloway, NJ",49229
31065963900,"Arapahoe, NE",49229
49035113105,"Herriman, UT",49228
34007607200,"Runnemede, NJ",49227
42019902100,"Butler, PA",49226
19157370500,"Montezuma, IA",49225
6085503903,"East San Jose, San Jose, CA",49224
51179010205,"Stafford, VA",49224
48201341800,"Shady River, La Porte, TX",49223
17115002700,"Blue Mound, IL",49223
42079211205,"Dallas, PA",49221
51041100928,"Charter Colony, Midlothian, VA",49218
26093744600,"Brighton, MI",49218
55119960500,"Medford, WI",49218
29183312193,"Stone Meadows, Wentzville, MO",49217
42007602500,"Beaver, PA",49216
26161423600,"Saline, MI",49216
42071011705,"Lancaster, PA",49216
6081601300,"Hillside, Daly City, CA",49216
42091208204,"Gilbertsville, PA",49215
42077007000,"Coopersburg, PA",49215
25001010208,"Provincetown, MA",49215
42001030900,"New Oxford, PA",49214
42091208400,"Perkiomenville, PA",49214
39085202900,"Mentor, OH",49214
20173010700,"Cheney, KS",49213
39041011550,"Lewis Center, OH",49212
31055004500,"Central Omaha, Omaha, NE",49211
1069040202,"Dothan, AL",49209
55025000201,"Glen Oak Hills, Madison, WI",49209
27109001000,"Meadow Park, Rochester, MN",49208
39165032007,"Loveland, OH",49208
6073008344,"University City, San Diego, CA",49207
42073011000,"New Castle, PA",49205
48113007825,"Lake Highlands, Dallas, TX",49204
6001422300,"North Berkeley, Berkeley, CA",49204
48439113519,"Euless, TX",49202
31059091700,"Geneva, NE",49202
18113972500,"Avilla, IN",49202
46099010402,"Valley Springs, SD",49202
48441012700,"Chimney Rock Area, Abilene, TX",49201
18127050602,"Valparaiso, IN",49200
48453001749,"East Oak Hill, Austin, TX",49199
17031811402,"Franklin Park, IL",49199
27047181000,"Glenville, MN",49199
19005960400,"Waterville, IA",49198
48491021508,"Legends Village, Round Rock, TX",49197
36029010803,"Cheektowaga, NY",49197
17043840000,"Bensenville, IL",49196
48439111408,"Southwest Arlington, Arlington, TX",49195
36061006200,"Kips Bay, New York, NY",49194
6071009717,"Apple Valley, CA",49194
31151960600,"Crete, NE",49192
12057011709,"Town N Country Alliance, Tampa, FL",49191
49049010106,"Saratoga Springs, UT",49191
6067008909,"Tiffany West, Sacramento, CA",49190
50007002800,"Chittenden County, VT",49189
26163559200,"Livonia, MI",49185
6081603000,"Sharp Park, Pacifica, CA",49185
8063962300,"Flagler, CO",49185
12009064128,"Fieldstone, Melbourne, FL",49183
13247060403,"Conyers, GA",49183
18141012100,"North Liberty, IN",49182
27037061005,"Rosemount, MN",49182
36047025400,"Kings County, NY",49181
42011013500,"Blandon, PA",49181
39165032400,"Blanchester, OH",49180
18097380100,"Perry Township, Indianapolis, IN",49180
32003003232,"Las Vegas, NV",49178
17113001103,"Bloomington, IL",49177
45091061404,"Rock Hill, SC",49177
48167720502,"League City, TX",49176
48085031806,"Richardson, TX",49175
17117956500,"Carlinville, IL",49175
47157021125,"Cordova, Memphis, TN",49173
21067004205,"Clemens Heights/ Clemens Grove, Lexington, KY",49173
42107003100,"Orwigsburg, PA",49172
30065000200,"Roundup, MT",49171
42011012200,"Mount Penn, PA",49170
36021001700,"Ancramdale, NY",49170
26081010600,"Rockford, MI",49169
11001005800,"Northwest Washington, Washington, DC",49166
24027602600,"Ellicott City, MD",49166
48201411700,"Greenway/Upper Kirby, Houston, TX",49165
25009223200,"Ipswich, Ipswich, MA",49164
19061001202,"Dubuque, IA",49164
17031820800,"Chicago, IL",49164
34003018100,"Fairview, NJ",49164
36071011702,"Westtown, NY",49164
8014031200,"Broomfield, CO",49163
26147631600,"Fort Gratiot Township, MI",49163
27101900300,"Slayton, MN",49163
27003050224,"Ramsey, MN",49162
42129801702,"Apollo, PA",49162
42001031202,"Littlestown, PA",49161
25023523201,"East Bridgewater, MA",49161
21111010602,"Saint Matthews, KY",49161
13067030408,"Marietta, GA",49160
48439110809,"Benbrook, TX",49160
37183053203,"Bridgewater, Holly Springs, NC",49158
39049007207,"West Albany, Westerville, OH",49158
40145030502,"Broken Arrow, OK",49157
48439113926,"Fort Worth, TX",49156
18091042800,"Union Mills, IN",49155
55011960400,"Cochrane, WI",49155
39133600301,"Aurora, OH",49155
31055006806,"South Central Omaha, Omaha, NE",49154
48491021202,"Taylor, TX",49154
39055312201,"Chardon, OH",49153
4019004642,"Oro Valley, AZ",49152
34015501405,"Glassboro, NJ",49152
12031014411,"Southside, Jacksonville, FL",49152
17031040800,"Lincoln Square, Chicago, IL",49151
39035131102,"Beachwood, OH",49150
29183311712,"O'Fallon, MO",49149
36091062406,"Saratoga County, NY",49149
18003010812,"Kensington Downs, Fort Wayne, IN",49149
40015162300,"Cyril, OK",49146
9009345400,"Naugatuck, CT",49145
48167726000,"Galveston, TX",49144
19113000400,"Marion, IA",49143
21117065300,"Taylor Mill, KY",49142
26077002004,"West Portage, Portage, MI",49142
36119002203,"CenTuck, Yonkers, NY",49141
33015105100,"Kingston, NH",49141
12103025205,"Largo, FL",49139
53005010811,"Kennewick, WA",49139
9009351800,"Waterbury, CT",49139
6085504806,"Lakewood, Sunnyvale, CA",49139
8035014007,"Meridian, Englewood, CO",49138
16011950300,"Sterling, ID",49137
48439121608,"West Arlington, Arlington, TX",49137
17165955700,"Galatia, IL",49137
19149970600,"Hinton, IA",49136
28047001600,"Gulfport, MS",49136
42011014000,"Kutztown, PA",49136
31067964900,"Beatrice, NE",49135
18003010804,"Maplewood Terrace & Downs, Fort Wayne, IN",49135
44007013800,"Cranston, RI",49134
17143003401,"Peoria, IL",49134
9005360300,"Oakville, Watertown, CT",49133
44003021401,"Warwick, RI",49132
26055550900,"Traverse City, MI",49132
36061004200,"Lower Manhattan, New York, NY",49131
39035190502,"Cuyahoga County, OH",49130
48439113624,"Bedford, TX",49129
27123033200,"South St. Anthony, Saint Paul, MN",49128
40143007618,"Woodland, Tulsa, OK",49128
48113001703,"Oak Lawn, Dallas, TX",49127
18109510702,"Martinsville, IN",49125
48291701300,"Hull, TX",49124
17197880116,"Bolingbrook, IL",49124
36047042200,"Kings County, NY",49123
36029000800,"Abbott McKinley, Buffalo, NY",49123
33011018502,"Mason, NH",49121
42011013100,"Boyertown, PA",49120
6037101400,"Tujunga, Los Angeles, CA",49120
53033030403,"Federal Way, WA",49119
55025000504,"Madison, WI",49119
17201003807,"Loves Park, IL",49117
36055014802,"Spencerport, NY",49116
55139001801,"Oshkosh, WI",49115
25025120103,"Jamaica Hills / Pond, Boston, MA",49114
6073017035,"Rancho PeÃ±asquitos, San Diego, CA",49114
6111007904,"Simi Valley, CA",49113
42107003600,"Pine Grove, PA",49113
36081018900,"Queens County, NY",49110
36027190401,"Wappingers Falls, NY",49109
36103169704,"Calverton, NY",49109
41005022707,"Wilsonville, OR",49108
27093560500,"Litchfield, MN",49108
48251130205,"Burleson, TX",49108
36047006000,"Kings County, NY",49108
18063210502,"Danville, IN",49108
26125122200,"Ortonville, Brandon Township, MI",49105
6085512026,"Del Robles, San Jose, CA",49105
37183053804,"Ethans Glen, Raleigh, NC",49104
33011020000,"New Boston, NH",49104
4017963300,"Snowflake, AZ",49103
53035091900,"Bremerton, WA",49103
53053072309,"University Place, WA",49102
39089754102,"Newark, OH",49102
4013612500,"Desert View Village, Cave Creek, AZ",49102
12105011821,"Lakeland, FL",49100
6037311400,"Burbank, CA",49099
12095015801,"Winter Park, FL",49099
20091052606,"Heartland Hills, Shawnee, KS",49097
42079211301,"Shavertown, PA",49096
42133020522,"Spring Grove, PA",49096
18157010902,"Lafayette, IN",49096
26163559100,"Livonia, MI",49095
36027190301,"Wappingers Falls, NY",49092
36055014104,"Rochester, NY",49092
24017850500,"Welcome, MD",49092
27137012800,"Mountain Iron, MN",49090
36029007303,"Grand Island, NY",49090
31093970600,"Saint Paul, NE",49089
39113040305,"Montgomery County, OH",49089
36081068300,"Queens County, NY",49089
27095970100,"Isle, MN",49088
8005082200,"Aurora, CO",49087
45019004608,"Mount Pleasant, SC",49087
25027732802,"Broadmeadow Brook, Worcester, MA",49087
42133010110,"York, PA",49086
48423001901,"Tyler, TX",49086
6065042714,"Canyon Lake, CA",49084
6075061500,"South of Market, San Francisco, CA",49084
37183054109,"Raleigh, NC",49084
18033020700,"Auburn, IN",49082
42003520001,"Pittsburgh, PA",49082
20063955100,"Quinter, KS",49081
17007010400,"Belvidere, IL",49081
27025110501,"Lindstrom, MN",49080
53033002800,"Northwest Seattle, Seattle, WA",49080
53017950400,"East Wenatchee, WA",49079
22051020511,"Kenner, LA",49076
48397040505,"Rockwall, TX",49075
25017338200,"Winchester, MA",49075
6081613501,"Half Moon Bay, CA",49073
49035110701,"Millcreek, UT",49073
12099007603,"Boca Raton, FL",49072
12086019400,"Miami, FL",49072
6073013414,"Rancho\Del Rey III, Chula Vista, CA",49070
27143170200,"Winthrop, MN",49070
48303010403,"Preston Smith, Lubbock, TX",49069
33015069200,"Portsmouth, NH",49069
45013002105,"Bluffton, SC",49069
25021402102,"Dedham, MA",49068
25013802602,"Forest Park, Springfield, MA",49068
53033025301,"Renton, WA",49067
6083001706,"Carpinteria, CA",49067
48423002006,"Tyler, TX",49066
56037970903,"Rock Springs, WY",49066
12011070320,"Weston, FL",49063
47037018202,"Bellevue, Nashville, TN",49063
12117021312,"Oviedo, FL",49062
6085512509,"Gilroy, CA",49062
42127960800,"Honesdale, PA",49062
13057090905,"Woodstock, GA",49061
31127968200,"Auburn, NE",49061
17197884103,"Crest Hill, IL",49061
53061051921,"Bothell, WA",49060
6085512034,"Edenvale, San Jose, CA",49060
24025302801,"Aberdeen, MD",49059
42003563300,"Sewickley, PA",49059
27127750500,"Walnut Grove, MN",49058
6073020405,"Felicita, Escondido, CA",49058
53033021100,"Ridgecrest, Shoreline, WA",49056
18057110100,"Noblesville, IN",49056
37119002200,"Wendover - Sedgewood, Charlotte, NC",49055
4013420211,"Mesa, AZ",49055
31153010625,"Omaha, NE",49051
17119403531,"Troy, IL",49051
21059001100,"Owensboro, KY",49050
6019005504,"Fresno, CA",49050
36069050500,"Bloomfield, NY",49049
42063961000,"Indiana, PA",49048
1073014405,"Hoover, AL",49048
48085030304,"Prosper, TX",49046
48201431900,"Southwest Houston, Houston, TX",49044
27037060502,"Inver Grove Heights, MN",49043
27095170400,"Milaca, MN",49043
39049008000,"Franklin County, OH",49043
12019031107,"Starke, FL",49042
36081100801,"Queens County, NY",49042
25013811900,"Holyoke, MA",49041
15003008006,"Pearl City, HI",49041
8013012104,"North Boulder, Boulder, CO",49041
37063002017,"North Garrett Road, Durham, NC",49039
20051072702,"Hays, KS",49039
39149971400,"Jackson Center, OH",49038
25005641600,"Fall River, MA",49038
6059087704,"Southwest Anaheim, Anaheim, CA",49038
4011960100,"Clifton, AZ",49037
18085961200,"Warsaw, IN",49037
37183053413,"Parkside On The Creek, Apex, NC",49037
38093967300,"Jamestown, ND",49035
6077004800,"Linden, CA",49035
6013303102,"Brentwood, CA",49034
6081607800,"Shoreview, San Mateo, CA",49034
48453001733,"Oak Hill, Austin, TX",49034
17099964000,"Ottawa, IL",49033
19143460200,"Melvin, IA",49033
20121100100,"Spring Hill, KS",49032
26163572200,"Dearborn Heights, MI",49032
6111001202,"Ventura, CA",49031
6013364002,"San Pablo, CA",49030
6029002821,"Bakersfield, CA",49030
17167003700,"Sherman, IL",49030
12011070405,"Hollywood, FL",49029
26163580400,"Wyandotte, MI",49029
54049021200,"White Hall, WV",49029
25009251800,"Lawrence, MA",49028
32003005712,"Henderson, NV",49028
53041971400,"Chehalis, WA",49027
32003005360,"Mission Hills, Henderson, NV",49027
13089021706,"Atlanta, GA",49026
48309003801,"Lorena, TX",49025
51153901601,"Manassas, VA",49025
24033800215,"Laurel, MD",49024
48495950200,"Kermit, TX",49024
19079960200,"Jewell, IA",49023
37183052301,"Southwest Raleigh, Raleigh, NC",49022
36061013100,"Midtown, New York, NY",49022
25017388200,"Shirley, MA",49022
6037554802,"Artesia, CA",49022
5045030600,"Conway, AR",49022
6037574300,"Los Altos, Long Beach, CA",49021
19055950100,"Dyersville, IA",49021
56017967900,"Thermopolis, WY",49020
13113140403,"Fayetteville, GA",49020
36067011021,"Liverpool, NY",49018
48201411300,"Southwest Houston, Houston, TX",49018
12071001402,"Carillon Woods, Fort Myers, FL",49017
6065030603,"Victoria, Riverside, CA",49015
17031804108,"Schaumburg, IL",49015
44007016900,"Pawtucket, RI",49014
34015501107,"Oak Valley, Wenonah, NJ",49014
22071011600,"Audubon, New Orleans, LA",49013
39153532708,"Macedonia, OH",49012
55021971000,"Rio, WI",49012
8077001102,"Grand Junction, CO",49010
42003488300,"West Mifflin, PA",49010
42003070900,"Shadyside, Pittsburgh, PA",49010
6037194402,"Beverly Grove, Los Angeles, CA",49009
17131040100,"Sherrard, IL",49007
6037277000,"Westchester, Los Angeles, CA",49007
8125963100,"Wray, CO",49007
19113001001,"Cedar Rapids, IA",49007
55079020900,"Tippecanoe, Milwaukee, WI",49006
48057000500,"Seadrift, TX",49006
10003013400,"Wilmington, DE",49006
48201341700,"Harris County, TX",49006
46045962200,"Roscoe, SD",49002
36119009100,"White Plains, NY",49002
49049000504,"Pleasant Grove, UT",49001
36047068200,"Kings County, NY",49001
26093713700,"Howell, MI",48999
42003519000,"Pittsburgh, PA",48998
18003011000,"New Haven, IN",48998
42071011503,"Mountville, PA",48998
18127050402,"Portage, IN",48997
8014030700,"Broomfield, CO",48996
40145030601,"Coweta, OK",48994
9007560200,"Portland, Portland, CT",48994
48439110806,"Fort Worth, TX",48993
19171290100,"Dysart, IA",48992
53011041327,"Vancouver, WA",48992
6085505008,"North San Jose, San Jose, CA",48992
26081012800,"Mapleview, Kentwood, MI",48991
27081201002,"Lake Benton, MN",48990
42095018200,"Mount Bethel, PA",48988
48453000101,"Austin, TX",48987
6065040815,"Corona, CA",48987
17019010601,"Mahomet, IL",48986
6075012402,"Civic Center, San Francisco, CA",48986
17113002102,"Bloomington, IL",48984
48415950300,"Snyder, TX",48984
55087011502,"Appleton, WI",48984
25013813102,"Southwick, MA",48984
36081018501,"Queens County, NY",48984
6059099220,"Huntington Beach, CA",48983
24013505207,"Sykesville, MD",48982
18173030500,"Boonville, IN",48982
44007016800,"Pawtucket, RI",48982
13135050525,"Suwanee, GA",48981
42007603900,"Ambridge, PA",48981
25023542200,"Middleborough, MA",48980
5031000801,"Jonesboro, AR",48978
29099700303,"Fenton, MO",48977
1069040400,"Dothan, AL",48977
12086008414,"Miami, FL",48976
17031811600,"Schiller Park, IL",48976
17077010100,"Ava, IL",48975
8005085800,"Prides Crossing, Aurora, CO",48975
6037401312,"Bonita, San Dimas, CA",48972
26081014807,"Caledonia, MI",48972
53053073302,"Sumner, WA",48971
48135000100,"Odessa, TX",48971
56033000200,"Sheridan, WY",48971
6077005202,"Tracy, CA",48971
1089002922,"Huntsville, AL",48970
48309002503,"Waco, TX",48969
25017360100,"Hanscom Air Force Base, MA",48969
24033801307,"Fort Washington, MD",48966
12099007741,"Boca Raton, FL",48966
55009002002,"Green Bay, WI",48964
40143007518,"Broken Arrow, OK",48963
6085506605,"West San Jose, San Jose, CA",48962
9011870100,"Lebanon, CT",48962
48029171924,"Far West Side, San Antonio, TX",48961
12095017808,"Apopka, FL",48960
13121011618,"Alpharetta, GA",48960
31037964700,"Schuyler, NE",48959
25027753100,"Oxford, Oxford, MA",48959
12011110303,"SilverLakes, Pembroke Pines, FL",48958
17097864510,"Mundelein, IL",48958
12099007604,"Boca Raton, FL",48957
38017000400,"Washington, Fargo, ND",48955
9005310804,"Torrington, CT",48954
53061052806,"Marysville, WA",48953
8013012904,"Lafayette, CO",48953
6001444500,"Newark, CA",48953
6013325000,"Pleasant Hill, CA",48953
48187210607,"New Braunfels, TX",48952
39151711311,"North Canton, OH",48952
51061930100,"The Plains, VA",48949
26065004802,"Haslett, Meridian charter Township, MI",48949
12115002009,"Sarasota, FL",48949
39049006944,"Northgate, Columbus, OH",48949
9003420500,"Plainville, CT",48949
25005600202,"South Easton, Easton, MA",48948
53067011420,"Lacey, WA",48945
6085506305,"West San Jose, San Jose, CA",48944
36081044800,"Queens County, NY",48944
29157470300,"Perryville, MO",48944
50023955800,"Waitsfield, VT",48943
49035112812,"Sandy, UT",48943
56037970500,"Green River, WY",48943
29189215500,"Olivette, MO",48942
6071000115,"Chino Hills, CA",48941
56013940201,"Riverton, WY",48941
42079216900,"Luzerne County, PA",48940
26163577700,"Lincoln Park, MI",48938
6077003114,"Brookside, Stockton, CA",48938
47093005707,"Knoxville, TN",48938
55047100600,"Markesan, WI",48938
8041003100,"Colorado Springs, CO",48938
12086009704,"Miami, FL",48938
36081047200,"Queens County, NY",48936
37183052602,"North Hills, Raleigh, NC",48934
36093032601,"Antonia Hills, Schenectady, NY",48934
27009021101,"Sauk Rapids, MN",48934
24033800504,"Bowie, MD",48933
17111870500,"Wonder Lake, IL",48933
26125170300,"Berkley, MI",48933
48479001721,"Del Mar Hills Area A, Laredo, TX",48933
46073974100,"Wessington Springs, SD",48932
12101031601,"Heritage Springs, Trinity, FL",48932
19017004200,"Waverly, IA",48931
26021001400,"Stevensville, MI",48930
41067031003,"Highland, Beaverton, OR",48929
8059009833,"Lake Arbor Fairways, Arvada, CO",48929
48165950100,"Seagraves, TX",48927
47157021141,"Cordova, Memphis, TN",48926
48355005415,"South Side, Corpus Christi, TX",48925
49049003205,"Spanish Fork, UT",48925
39035172202,"Mayfield Heights, OH",48925
55085970101,"Three Lakes, WI",48924
48113018129,"Country View, Garland, TX",48924
39173020300,"Rossford, OH",48924
44001030902,"Bristol, RI",48923
39049009450,"South Columbus, Canal Winchester, OH",48923
42049010904,"Erie, PA",48923
24021752302,"Adamstown, MD",48923
27129790600,"Fairfax, MN",48923
55055100601,"Lake Mills, WI",48922
24005451000,"Essex, MD",48921
36065021602,"Utica, NY",48921
48425000200,"Glen Rose, TX",48919
48201552200,"Cypress Chase, Cypress, TX",48919
51075400200,"Crozier, VA",48918
31055007310,"Northwest Omaha, Omaha, NE",48917
6037651222,"Southwood Riviera, Torrance, CA",48917
36047030000,"Kings County, NY",48915
22063040402,"Walker, LA",48914
31025966000,"Murray, NE",48914
27121970400,"Glenwood, MN",48914
21111011515,"Louisville, KY",48914
45051060207,"Myrtle Beach, SC",48913
17169970300,"Rushville, IL",48912
48123970500,"Yorktown, TX",48912
17097861010,"Lake Villa, IL",48911
12057013414,"Bloomingdale, Valrico, FL",48910
42119090400,"New Berlin, PA",48910
6037128602,"Van Nuys, Los Angeles, CA",48910
12101032105,"Wesley Chapel, FL",48910
15003008412,"Ewa, Ewa Beach, HI",48910
49053270500,"Santa Clara, UT",48910
4013116711,"Ahwatukee, Phoenix, AZ",48910
29037060305,"Raymore, MO",48909
25017350400,"Powder House Square, Somerville, MA",48907
20191962200,"Conway Springs, KS",48906
9011701200,"Gales Ferry, Ledyard, CT",48905
25001010700,"West Chatham, Chatham, MA",48904
17115002602,"Macon, IL",48904
38093967200,"Jamestown, ND",48904
48029191812,"Far North Central, San Antonio, TX",48903
6073016811,"Lakeside, CA",48903
29049960400,"Gower, MO",48902
18163010403,"Westside, Evansville, IN",48901
31159960200,"Seward, NE",48901
12085000604,"Palm City, FL",48900
6067009619,"Elk Grove, CA",48900
32003005842,"Las Vegas, NV",48898
29189216800,"Richmond Heights, MO",48898
6067007105,"North Natomas, Sacramento, CA",48898
36113070602,"Lake George, NY",48897
20091052604,"Shawnee, KS",48897
4013107800,"Arizona Biltmore Estates, Phoenix, AZ",48896
4013216826,"Manzanita Villas, Scottsdale, AZ",48895
6073018514,"Ivey Ranch / Rancho Del Oro, Oceanside, CA",48895
25013812101,"Holyoke, MA",48895
12099007410,"Delray Beach, FL",48894
36061004800,"Gramercy Park, New York, NY",48894
37179020309,"Matthews, NC",48892
12109020807,"Saint Johns, FL",48892
55139002601,"Menasha, WI",48891
36081000700,"Queens County, NY",48891
22113950500,"Abbeville, LA",48891
8005006603,"Littleton, CO",48891
22057020600,"Thibodaux, LA",48890
36047056600,"Kings County, NY",48890
27003050710,"Coon Rapids, MN",48890
4013613800,"Peoria, AZ",48890
36063022902,"North Tonawanda, NY",48889
27003051502,"Minneapolis, MN",48888
48453001765,"The Reserve At Twin Creeks, Cedar Park, TX",48888
42001030700,"Gettysburg, PA",48888
51800075201,"Suffolk, VA",48888
24031700903,"Rockville, MD",48886
8017960600,"Cheyenne Wells, CO",48885
42049011102,"Erie, PA",48885
29189218201,"Kirkwood, MO",48884
36029015202,"Colden, NY",48883
17001010400,"Fowler, IL",48883
39161020100,"Middle Point, OH",48883
19115450300,"Wapello, IA",48882
6001403000,"Chinatown, Oakland, CA",48881
39035175201,"North Royalton, OH",48881
6081604101,"San Bruno, CA",48880
24005491500,"Parkville, MD",48880
6085504412,"Milpitas, CA",48879
13235950300,"Hawkinsville, GA",48879
6055201006,"American Canyon, CA",48879
26077002901,"Kalamazoo, MI",48879
36001013100,"Green Island, NY",48879
39049008400,"Gladdington Heights, Columbus, OH",48879
22017025405,"Shreveport, LA",48878
26099261100,"Warren, MI",48878
27137000600,"Lakeside/Lester Park, Duluth, MN",48878
44007010101,"Rumford, East Providence, RI",48877
6071008402,"North Redlands, Redlands, CA",48877
21015070402,"Hebron, KY",48877
6037115201,"Northridge, Los Angeles, CA",48876
12101032300,"Dade City, FL",48874
12109020806,"Saint Johns, FL",48873
48453001853,"Austin, TX",48872
36119010300,"Hastings-on-Hudson, NY",48872
40039961000,"Custer City, OK",48871
6037651102,"Torrance Heights Civic, Torrance, CA",48871
6037401202,"Charter Oak, Glendora, CA",48869
47001020201,"Oak Ridge, TN",48869
39169002901,"Doylestown, OH",48868
12011010601,"Parkland, FL",48868
8059012058,"Richmond Hill Corridor, Conifer, CO",48867
51059452301,"Annandale, VA",48867
53077003002,"Naches, WA",48866
6029003305,"Frazier Park, CA",48866
36005034300,"Bronx County, NY",48866
34013000400,"Upper Roseville, Newark, NJ",48866
42007602400,"Beaver, PA",48865
51810043004,"Northeast Virginia Beach, Virginia Beach, VA",48864
27053109000,"Howe, Minneapolis, MN",48863
6081608501,"South San Mateo, San Mateo, CA",48863
27131070400,"Faribault, MN",48862
6037800329,"Agoura Hills, CA",48862
6001423602,"South Berkeley, Berkeley, CA",48862
31055007456,"Millard, Omaha, NE",48861
6037102103,"Sun Valley, Los Angeles, CA",48861
6037650800,"Park Plaza, Torrance, CA",48861
27107960300,"Ada, MN",48861
30017961900,"Miles City, MT",48860
42063960200,"Marion Center, PA",48860
21211040501,"Finchville, KY",48860
1129044000,"Chatom, AL",48859
25009252201,"Methuen, MA",48858
17119403002,"Edwardsville, IL",48857
6037503702,"Whittier, CA",48857
23005002600,"Pride's Corner, Westbrook, ME",48856
13057090901,"Woodstock, GA",48856
48113017808,"Palos Verdes, Mesquite, TX",48856
15003003300,"Makiki - Lower Punchbowl - Tantalus, Honolulu, HI",48856
24027606603,"Oakland Mills, Columbia, MD",48856
41067031806,"Beaverton, OR",48855
44003020601,"Coventry, RI",48855
9007630100,"Centerbrook, Essex, CT",48854
51059421702,"Alexandria, VA",48853
42029304201,"Downingtown, PA",48853
18179040300,"Bluffton, IN",48853
6059063301,"Downtown, Costa Mesa, CA",48853
48085032008,"Royal Oaks, Plano, TX",48852
6001422500,"Northside, Berkeley, CA",48852
33015003901,"Londonderry, Londonderry, NH",48852
12099007009,"Boca Raton, FL",48851
6001437200,"Mount Eden, Hayward, CA",48851
26125183100,"Royal Oak, MI",48851
50007002301,"Colchester Village, Colchester, VT",48849
6007000901,"Chico, CA",48849
48029131801,"Saint Hedwig, TX",48847
48201333901,"Southbelt/ Ellington, Houston, TX",48846
36081057900,"Queens County, NY",48846
8013012300,"Boulder, CO",48846
39049007812,"Knolls Thomas, Columbus, OH",48845
6077004901,"Escalon, CA",48844
17031150502,"Portage Park, Chicago, IL",48842
48201530900,"Northside, Houston, TX",48841
6085504423,"Milpitas, CA",48841
6037554514,"Cerritos, CA",48839
48201252400,"Old River Terrace, Channelview, TX",48838
55061960200,"Algoma, WI",48838
34015501604,"Williamstown, Monroe Township, NJ",48838
36081014500,"Queens County, NY",48837
17105960400,"Flanagan, IL",48836
6081602900,"Edgemar - Pacific Manor, Pacifica, CA",48836
6097154100,"Geyserville, CA",48836
29165030305,"Kansas City, MO",48836
39061022302,"Cincinnati, OH",48835
8005007103,"Bennett, CO",48834
42045407401,"Wallingford, Nether Providence Township, PA",48834
34007608401,"Sicklerville, NJ",48834
44007014800,"Cranston, RI",48832
51550021502,"Western Branch North, Chesapeake, VA",48831
6071000103,"Chino Hills, CA",48828
51041101011,"Midlothian, VA",48827
51085321201,"Mechanicsville, VA",48826
6037123301,"North Hollywood, Los Angeles, CA",48825
8015000401,"Buena Vista, CO",48825
17031819200,"Lyons, IL",48823
26125170200,"Berkley, MI",48822
6029003812,"Pheasant Run, Bakersfield, CA",48821
4013422403,"Cantamar, Gilbert, AZ",48821
6037910210,"Palmdale, CA",48819
6067005204,"Southeastern Sacramento, Sacramento, CA",48818
6037406402,"Walnut Valley, West Covina, CA",48818
38035011000,"Grand Forks, ND",48818
30111001402,"Billings, MT",48816
28039950102,"Lucedale, MS",48816
39099812002,"Youngstown, OH",48816
6037311200,"Burbank, CA",48816
6001420600,"Albany, CA",48816
39121968300,"Sarahsville, OH",48815
18127050704,"Valparaiso, IN",48815
6097152702,"Santa Rosa, CA",48814
42019911502,"Saxonburg, PA",48813
17179020600,"Pekin, IL",48813
49011125304,"Clinton, UT",48813
20091051903,"Westbrooke South, Overland Park, KS",48813
27053026702,"Osseo, MN",48812
19163012702,"Davenport, IA",48811
48491020408,"Anderson Mill Village, Austin, TX",48809
6073019105,"Escondido, CA",48809
8077001001,"Grand Junction, CO",48809
48097000700,"Gainesville, TX",48809
9003496200,"West Hartford, CT",48809
6075026003,"Excelsior, San Francisco, CA",48808
6085502906,"South San Jose, San Jose, CA",48808
18047969600,"Cedar Grove, IN",48808
27137013200,"Virginia, MN",48808
51061930703,"Sumerduck, VA",48808
19035080300,"Cleghorn, IA",48807
36001013200,"Watervliet, NY",48806
34029713100,"Brick, NJ",48806
17031170800,"Belmont Heights, Chicago, IL",48805
19093090100,"Holstein, IA",48804
47147080605,"Greenbrier, TN",48803
24025305300,"Darlington, MD",48803
24003731204,"Pasadena, MD",48802
55025010501,"Madison, WI",48802
53061052104,"Marysville, WA",48801
34015501603,"Williamstown, Monroe Township, NJ",48800
6085512312,"Morgan Hill, CA",48800
36055013402,"Rochester, NY",48799
27109000400,"Historic Southwest, Rochester, MN",48798
24510020300,"Fells Point, Baltimore, MD",48797
48439113629,"Bedford, TX",48797
6073008362,"La Jolla, San Diego, CA",48796
55071010500,"Manitowoc, WI",48795
42001030800,"Abbottstown, PA",48795
6037573800,"Carson Park, Long Beach, CA",48794
36029004800,"North Park, Buffalo, NY",48794
31155968300,"Wahoo, NE",48793
17031810000,"Evanston, IL",48792
6037651001,"Southeast Torrance, Torrance, CA",48792
25013811301,"Chicopee, MA",48792
29111970400,"La Grange, MO",48792
40143007412,"Broken Arrow, OK",48791
36091060702,"Gansevoort, NY",48791
55079019300,"Fairview, Milwaukee, WI",48790
36067010500,"Cicero, NY",48790
6073017031,"Rancho Bernardo, San Diego, CA",48789
19095960100,"South Amana, IA",48789
49035113020,"Daybreak, South Jordan, UT",48788
34025806600,"Wanamassa, NJ",48788
49057210302,"Harrisville, UT",48787
6059001402,"La Habra, CA",48787
6037503701,"Whittier, CA",48786
40109108217,"Edmond, OK",48786
36087011901,"Suffern, NY",48786
31109003102,"Highlands, Lincoln, NE",48786
8031001701,"Ballpark, Denver, CO",48786
21067004003,"Lexington, KY",48785
20015020100,"El Dorado, KS",48785
42071012302,"Ephrata, PA",48785
9001021100,"Stamford, CT",48785
56021001300,"Cheyenne, WY",48784
29183310601,"Saint Charles, MO",48784
24005404201,"Owings Mills, MD",48784
8101002917,"Pueblo West, CO",48783
27137002200,"Park Point, Duluth, MN",48783
29099700604,"Hillsboro, MO",48782
53061052701,"Arlington, WA",48782
55027960700,"Beaver Dam, WI",48781
42075003400,"Lebanon, PA",48780
26163567400,"Westland, MI",48780
29125880298,"Vienna, MO",48780
25003920102,"Williamstown, MA",48779
27139080100,"Savage, MN",48778
12101031507,"Wyndtree, New Port Richey, FL",48778
9005310700,"Torrington, CT",48777
48453002428,"Onion Creek, Austin, TX",48776
26081011002,"Rockford, MI",48775
45045002808,"Greenville, SC",48775
36065023400,"New York Mills, NY",48774
13121010114,"Atlanta, GA",48773
6111008101,"Simi Valley, CA",48772
36047006800,"Kings County, NY",48771
32003005846,"Las Vegas, NV",48771
26099230800,"Sterling Heights, MI",48771
27053011800,"Keewaydin, Minneapolis, MN",48770
24021751002,"Frederick, MD",48770
42091204007,"Conshohocken, PA",48769
20173009802,"Derby, KS",48769
53063010501,"Spokane, WA",48769
8041003705,"Briargate, Colorado Springs, CO",48769
46047964100,"Hot Springs, SD",48769
27013170100,"Eagle Lake, MN",48768
55119960600,"Medford, WI",48768
6085504802,"Lakewood, Sunnyvale, CA",48767
19129040302,"Glenwood, IA",48766
12057013206,"East County Civic Group, Valrico, FL",48765
8069002700,"Berthoud, CO",48765
6085506701,"San Tomas, Campbell, CA",48765
40143007413,"Broken Arrow, OK",48764
19187000200,"Fort Dodge, IA",48764
24037875202,"Mechanicsville, MD",48764
17031020302,"West Ridge, Chicago, IL",48762
49015976200,"Cleveland, UT",48762
45041001200,"Florence, SC",48762
55021970900,"Lodi, WI",48762
13067030209,"Marietta, GA",48762
39035173107,"Middleburg Heights, OH",48761
47009011102,"Maryville, TN",48759
26099232300,"Sterling Heights, MI",48759
34021004403,"Hightstown, NJ",48759
39061022101,"Cincinnati, OH",48758
6001400300,"Shafter, Oakland, CA",48758
29165030209,"Park Forest, Kansas City, MO",48757
36055011800,"Fairport, NY",48757
6067008508,"Prairie Oaks, Folsom, CA",48756
12011070313,"Weston, FL",48756
24031700820,"Gaithersburg, MD",48756
51735340300,"Poquoson, VA",48756
49023010200,"Nephi, UT",48756
34019011500,"Frenchtown, NJ",48755
26125134000,"Commerce Charter Township, MI",48755
39099812100,"Canfield, OH",48753
34005701301,"Florence, Florence Township, NJ",48752
42029300103,"Paoli, PA",48751
24033800515,"Bowie, MD",48751
53011041329,"Bennington, Vancouver, WA",48751
51059461901,"Fairfax, VA",48751
36001014402,"Ravena, NY",48751
53053070309,"Bonney Lake, WA",48751
6037403702,"Charter Oak, Covina, CA",48750
48121020307,"Trophy Club, TX",48749
42029308101,"Oxford, PA",48747
22001960500,"Church Point, LA",48746
45079011604,"Columbia, SC",48745
56025001401,"Casper, WY",48745
49057211100,"Washington Terrace, UT",48745
40145030505,"Broken Arrow, OK",48744
51013101801,"Court House, Arlington, VA",48744
53053070206,"Buckley, WA",48744
55027961700,"Watertown, WI",48743
39017010203,"Okeana, OH",48743
34019010300,"Glen Gardner, NJ",48743
41005021400,"Milwaukie, OR",48742
10003014809,"Bear, DE",48742
26125180300,"Clawson, MI",48741
17163503904,"Belleville, IL",48740
6073015200,"La Mesa, CA",48739
26139024500,"Allendale, Allendale Charter Township, MI",48738
1129044300,"Vinegar Bend, AL",48738
6073005700,"Bankers Hill, San Diego, CA",48738
17031804509,"Streamwood, IL",48738
29095009300,"South Kansas City, Kansas City, MO",48738
42011010100,"Bethel, PA",48737
24003702701,"Annapolis, MD",48737
31119961200,"Battle Creek, NE",48737
21111012302,"Louisville, KY",48736
33015054000,"Fremont, NH",48736
17031770800,"Schiller Park, IL",48735
29177080000,"Lawson, MO",48735
19037070100,"New Hampton, IA",48734
53029970500,"Oak Harbor, WA",48734
6017030901,"Placerville, CA",48732
49049002102,"Provo, UT",48732
6037650701,"Southwood, Torrance, CA",48731
42129803700,"Jeannette, PA",48730
41067030803,"Metzger, Tigard, OR",48730
6037432201,"Rosemead, CA",48729
22007050400,"Napoleonville, LA",48727
34003023302,"Hackensack, NJ",48726
19153003902,"Des Moines, IA",48725
12115002715,"Venice, FL",48725
48355005409,"South Side, Corpus Christi, TX",48724
48135001600,"Odessa, TX",48724
4013613200,"Desert View Village, Cave Creek, AZ",48724
49011126406,"North Salt Lake, UT",48723
44007012801,"Slatersville, North Smithfield, RI",48723
36081005400,"Queens County, NY",48723
53061051804,"Lynnwood, WA",48722
51095080203,"Williamsburg, VA",48722
34013017600,"West Orange, NJ",48722
42091208603,"Royersford, PA",48721
6037461200,"Altadena, CA",48721
40143005200,"Patrick Henry, Tulsa, OK",48721
17065973300,"Dahlgren, IL",48720
42045401401,"Drexel Hill, Upper Darby, PA",48719
6077005106,"Manteca, CA",48718
6037504002,"La Mirada, CA",48717
42131400500,"Dalton, PA",48716
15003008002,"Pearl City, HI",48715
49051960100,"Heber City, UT",48715
6001440200,"Union City, CA",48715
6017031301,"Camino, CA",48714
19057001200,"Danville, IA",48714
27145010102,"Sartell, MN",48713
6037650602,"Torrance, CA",48713
48201450900,"Westside, Houston, TX",48712
4013814500,"Lindsay Ranch, Gilbert, AZ",48712
6037901205,"Lancaster, CA",48711
49057210703,"Roy, UT",48711
12099007614,"Boca Raton, FL",48711
19165960300,"Harlan, IA",48709
37001021702,"Elon, NC",48709
4021001408,"Casa Grande, AZ",48707
18059410300,"Greenfield, IN",48707
6083002211,"Santa Maria, CA",48706
42129801900,"Greensburg, PA",48706
12031014409,"Southside, Jacksonville, FL",48706
51059491303,"Centreville, VA",48705
49015976300,"Castle Dale, UT",48705
48201450801,"Westside, Houston, TX",48704
36081048000,"Queens County, NY",48704
6037431900,"Temple City, CA",48703
6085508003,"Rancho Rinconada, Cupertino, CA",48703
40143007407,"Broken Arrow Hills, Broken Arrow, OK",48703
6071001905,"Ontario, CA",48701
42129801100,"Lower Burrell, PA",48701
27137015700,"Chester Park, Duluth, MN",48699
6085504507,"Milpitas, CA",48698
6019004503,"Fresno, CA",48698
53033000600,"Northgate, Seattle, WA",48698
48121021505,"Lewisville, TX",48697
17143003601,"Chillicothe, IL",48696
36037951300,"Pavilion, NY",48696
17099961702,"Leland, IL",48696
53057952600,"Mount Vernon, WA",48696
6029000504,"Olive Drive area, Bakersfield, CA",48696
6067009638,"Elk Grove, CA",48695
27063480100,"Jackson, MN",48695
25027707100,"Gardner, MA",48695
53011041325,"Fisher's Creek, Vancouver, WA",48694
55133204003,"The Pines, Dousman, WI",48694
12095017107,"Orlando, FL",48693
34023003800,"Carteret, NJ",48693
33015071000,"Rye, NH",48693
53061041805,"Cascade View, Everett, WA",48692
4013319905,"South Tempe, Tempe, AZ",48691
20091051803,"Cherokee Hills, Overland Park, KS",48691
24027602900,"Normandy, Ellicott City, MD",48691
6029001802,"Park Stockdale, Bakersfield, CA",48689
37001020601,"Burlington, NC",48689
9007610200,"Clinton, CT",48687
40017300902,"Yukon, OK",48686
42003421200,"Pittsburgh, PA",48685
6013361000,"Richmond, CA",48685
34023006103,"North Brunswick Township, NJ",48684
23031005100,"Saco, ME",48683
19079960500,"Stratford, IA",48683
39169003200,"Dalton, OH",48682
26099222800,"New Baltimore, MI",48681
19115450200,"Columbus Junction, IA",48681
37119006214,"Huntersville, NC",48681
20117090186,"Home, KS",48681
12101032014,"Oak Grove, Lutz, FL",48680
48029181825,"Northwest Side, San Antonio, TX",48680
49035104300,"Sugar House, Salt Lake City, UT",48680
25023540101,"North Lakeville, Lakeville, MA",48680
39035176100,"Olmsted Falls, OH",48679
6037297300,"San Pedro, Los Angeles, CA",48678
48135002700,"Odessa, TX",48677
51059421101,"Alexandria, VA",48677
6037650101,"Northeast Torrance, Torrance, CA",48676
42003425000,"Etna, PA",48676
44007002400,"Elmhurst, Providence, RI",48676
34023008101,"Spotswood, NJ",48676
53011041008,"Starcrest, Vancouver, WA",48673
6001405200,"Cleveland Heights, Oakland, CA",48672
12011070304,"Davie, FL",48672
48029191813,"Far North Central, San Antonio, TX",48671
22005030300,"Geismar, LA",48671
20051072600,"Victoria, KS",48670
19031450500,"West Branch, IA",48670
6073013505,"Spring Valley, CA",48669
49049010504,"Payson, UT",48669
32003002961,"Las Vegas, NV",48669
18057110806,"Fishers, IN",48668
17147954500,"Mansfield, IL",48668
34007607802,"Lindenwold, NJ",48667
44003022100,"Warwick, RI",48667
12099007764,"Lake Worth, FL",48666
13135050727,"Grayson, GA",48666
25017327102,"East Pepperell, Pepperell, MA",48666
18085961100,"Milford, IN",48665
17031820902,"Burbank, IL",48664
17031804806,"Hanover Park, IL",48664
27053020804,"Becker, Minneapolis, MN",48664
37183054206,"Wake Forest, NC",48663
53053073122,"Puyallup, WA",48662
18059411000,"New Palestine, IN",48662
5045031001,"Conway, AR",48661
6065044918,"Rancho Mirage, CA",48660
27053022102,"Willow Park, Saint Louis Park, MN",48660
49035113513,"Salt Lake City, UT",48659
36019101000,"Plattsburgh, NY",48659
49045130703,"Grantsville, UT",48658
46029954301,"Watertown, SD",48658
16029960100,"Grace, ID",48658
18039000802,"Middlebury, IN",48657
36055013002,"Rochester, NY",48657
24037876200,"Saint Inigoes, MD",48655
53011040803,"Pleasant Valley, Vancouver, WA",48655
6073013504,"Spring Valley, CA",48654
29189216200,"University City, MO",48654
48219950500,"Levelland, TX",48653
9013840100,"Willington, CT",48653
48029172007,"Far West Side, San Antonio, TX",48652
48245007100,"Port Arthur, TX",48651
26099260600,"Warren, MI",48650
6065042622,"Moreno Valley, CA",48648
6085504422,"Milpitas, CA",48648
48113018124,"Rowlett, TX",48647
6037550800,"Downey, CA",48646
27113090300,"Thief River Falls, MN",48646
6073020020,"Santa Fe Hills, San Marcos, CA",48645
32003003230,"Las Vegas, NV",48645
48303001804,"Quaker Heights, Lubbock, TX",48645
6059099233,"Fountain Valley, CA",48644
22113951002,"Erath, LA",48644
36081010300,"Queens County, NY",48644
6061023400,"Lincoln, CA",48643
6073013411,"Bonita, CA",48643
6073020404,"Felicita, Escondido, CA",48643
42095015500,"Pen Argyl, PA",48642
42041010203,"Camp Hill, PA",48642
34015501701,"Franklinville, Franklin, NJ",48642
31119960801,"Norfolk, NE",48642
48339693600,"Conroe, TX",48641
55079120203,"Greenfield, WI",48641
48029181815,"Northwest Side, San Antonio, TX",48641
36111953700,"Highland, NY",48641
6041116000,"San Anselmo, CA",48640
39035192300,"Brooklyn Heights, OH",48639
6085510700,"Palo Alto, CA",48639
49057210509,"Roy, UT",48639
53029970602,"Oak Harbor, WA",48638
1073011704,"Gardendale, AL",48638
48201541700,"Addicks, Houston, TX",48638
24031700822,"Gaithersburg, MD",48637
34029711300,"Point Pleasant, NJ",48637
36047052800,"Kings County, NY",48636
21227011402,"Bowling Green, KY",48636
34007604200,"Collingswood, NJ",48636
54079020601,"Scott Depot, Teays Valley, WV",48633
27135970500,"Greenbush, MN",48633
39085203700,"Regency Woods, Kirtland, OH",48633
55135100500,"Waupaca, WI",48632
8087000800,"Brush, CO",48631
22051021801,"Metairie, LA",48631
6001451201,"Springtown, Livermore, CA",48631
6097153502,"Sebastopol, CA",48631
13067030107,"Acworth, GA",48631
17091010500,"Bourbonnais, IL",48630
48139060213,"Waxahachie, TX",48630
48285000500,"Yoakum, TX",48628
6097151310,"Rohnert Park, CA",48628
8123002207,"Windsor, CO",48628
48453001843,"North Austin, Austin, TX",48627
36061006900,"Lower Manhattan, New York, NY",48627
6085503709,"Alum Rock, San Jose, CA",48627
17143002900,"Peoria, IL",48627
21049020103,"Winchester, KY",48626
51085320300,"Rockville, VA",48626
6059088401,"Garden Grove, CA",48626
19191950100,"Decorah, IA",48625
46027965800,"Vermillion, SD",48623
4013422221,"Dobson Ranch, Mesa, AZ",48622
33005971500,"Spofford, Chesterfield, NH",48622
13135050521,"Lawrenceville, GA",48621
6037300501,"La Crescenta, La Crescenta-Montrose, CA",48621
17037001400,"DeKalb, IL",48621
41005020700,"Willamette, West Linn, OR",48620
27047180400,"Albert Lea, MN",48620
37067003909,"Winston-Salem, NC",48620
48337950400,"Bowie, TX",48620
20121100602,"Paola, KS",48620
12011020319,"Coral Springs, FL",48619
4013103612,"North Mountain Village, Phoenix, AZ",48619
6001437800,"Whitman - Wocine, Hayward, CA",48619
26125183200,"Royal Oak, MI",48619
20065952100,"Hill City, KS",48619
26099215500,"Washington, MI",48619
26045021402,"Dimondale, Windsor charter Township, MI",48617
36005028500,"Bronx County, NY",48616
25013810404,"Ludlow, MA",48616
6013308002,"Antioch, CA",48615
39103415400,"Brunswick, OH",48615
48491020111,"Georgetown, TX",48614
41009970600,"Warren, OR",48614
34017013200,"Kearny, NJ",48614
29099700402,"Pacific, MO",48613
36029008700,"Kenmore, NY",48613
29095018600,"Lee's Summit, MO",48612
1097006405,"Sheldon, Mobile, AL",48611
26125145501,"Waterford Township, MI",48609
55049950100,"Arena, WI",48609
36091061404,"Ballston Spa, NY",48608
11001001600,"Northwest Washington, Washington, DC",48607
18097330208,"Bay Ridge, Indianapolis, IN",48606
48039662400,"Angleton, TX",48605
34039030701,"Elizabeth, NJ",48602
24510272005,"Cross Country, Baltimore, MD",48602
37025042401,"Concord, NC",48601
37119005508,"Davis Lake - Eastfield, Charlotte, NC",48601
36083051800,"Valley Falls, NY",48601
17037001800,"Shabbona, IL",48601
12011070306,"Davie, FL",48600
6085504416,"Milpitas, CA",48600
26145012003,"Saginaw, MI",48600
55101002701,"Waterford, WI",48597
19013002700,"Waterloo, IA",48597
6097154303,"Annapolis, CA",48596
55087010900,"Appleton, WI",48595
24033807408,"Beltsville, MD",48595
39035138110,"Brook Park, OH",48594
26065003901,"East Lansing, MI",48594
9003462202,"Avon, CT",48594
12033002602,"Gulf Beach, Pensacola, FL",48593
42003430200,"West View, PA",48593
19153000703,"Beaverdale, Des Moines, IA",48593
55009021301,"Green Bay, WI",48593
18029080104,"Lawrenceburg, IN",48592
48451001600,"San Angelo, TX",48592
39095009600,"Grand Rapids, OH",48589
28059042600,"Pascagoula, MS",48589
39035176200,"Cuyahoga County, OH",48589
55025010600,"McFarland, WI",48589
48441013402,"Far Southside, Abilene, TX",48589
49035114000,"Downtown, Salt Lake City, UT",48589
36071010902,"Montgomery, NY",48589
17039971500,"Clinton, IL",48588
48453001754,"North Austin, Austin, TX",48588
39119911600,"Zanesville, OH",48588
17131040200,"New Boston, IL",48587
34023006207,"North Brunswick Township, NJ",48586
12081001800,"Holmes Beach, FL",48586
29047021303,"Kansas City, MO",48585
17031802506,"Wheeling, IL",48584
27003050108,"Saint Francis, MN",48583
30025000100,"Baker, MT",48583
12057013305,"Brandon, FL",48582
4007001200,"Globe, AZ",48582
29183311734,"St. Peters, MO",48581
13113140406,"Fayetteville, GA",48581
17031829301,"Chicago Heights, IL",48581
53061051905,"Alderwood, Lynnwood, WA",48581
13117130601,"Alpharetta, GA",48580
19163013000,"Davenport, IA",48580
26163576000,"Allen Park, MI",48579
39049007953,"Sweetwater, Hilliard, OH",48579
6059032028,"Mission Viejo, CA",48579
25005653102,"Dartmouth, MA",48578
39151711321,"Canton, OH",48578
42043024300,"Hershey, PA",48577
42101037300,"Packer Park, Philadelphia, PA",48577
26099247200,"Harrison charter Township, MI",48577
19065080300,"Oelwein, IA",48576
4015953200,"Lake Havasu City, AZ",48576
6059099416,"Huntington Beach, CA",48576
45079010307,"Irmo, SC",48575
17031061901,"Lake View East, Chicago, IL",48575
18033020100,"Waterloo, IN",48575
42091205905,"King of Prussia, PA",48574
20173009506,"Wichita, KS",48573
6037264102,"Brentwood, Los Angeles, CA",48572
55097960500,"Stevens Point, WI",48571
6059021903,"Anaheim Hills, Anaheim, CA",48571
17197883215,"Plainfield, IL",48570
24005491900,"Parkville, MD",48570
12086006503,"Coral Way, Miami, FL",48570
27053025205,"East Bloomington, Minneapolis, MN",48569
17031822302,"Oak Lawn, IL",48569
39151711312,"Massillon, OH",48569
6059088901,"Garden Grove, CA",48568
17031802505,"Wheeling, IL",48567
25013810602,"Chicopee, MA",48567
6073008311,"La Jolla, San Diego, CA",48566
53063004900,"Moran Prairie, Spokane, WA",48565
36029014000,"East Aurora, NY",48564
9011696600,"Westside Norwich, Norwich, CT",48564
27023950300,"Granite Falls, MN",48564
42047951300,"Saint Marys, PA",48564
34015501702,"Franklinville, Franklin, NJ",48563
27053109100,"Southwest Minneapolis, Minneapolis, MN",48562
24003751200,"Linthicum Heights, MD",48562
50007003400,"Shelburne, VT",48562
34005701102,"Burlington, NJ",48561
24005452100,"Sparrows Point, MD",48561
12081002013,"Bradenton, FL",48558
37119006210,"Huntersville, NC",48558
26099250500,"Saint Clair Shores, MI",48557
47189030307,"Mount Juliet, TN",48557
40109108515,"Northhaven, Oklahoma City, OK",48557
6079010201,"Paso Robles, CA",48556
36047059000,"Kings County, NY",48555
4013216818,"Quail Run Condominiums, Fountain Hills, AZ",48553
26125127300,"Clarkston, MI",48553
39123050700,"Oak Harbor, OH",48552
39151712111,"North Canton, OH",48551
30095966600,"Park City, MT",48551
18011810700,"Lebanon, IN",48551
29183311001,"Saint Charles, MO",48549
4013422622,"Towne Meadows, Gilbert, AZ",48549
6037574800,"Park Estates, Long Beach, CA",48549
42129801800,"Avonmore, PA",48549
17031840200,"Bridgeport, Chicago, IL",48548
12115001403,"Sarasota, FL",48548
6037302003,"Citrus Grove, Glendale, CA",48547
6085508503,"Sunnyvale, CA",48546
21015070601,"Union, KY",48545
47037016800,"Hillsboro West End, Nashville, TN",48544
4019004055,"Tucson, AZ",48544
34029720204,"Toms River, NJ",48543
6061020715,"South Cirby, Roseville, CA",48543
27091790300,"Welcome, MN",48542
31019969204,"Kearney, NE",48542
55083101100,"Abrams, WI",48542
12085001601,"Tequesta, FL",48542
1097003709,"Canterbury, Mobile, AL",48542
55069960100,"Tomahawk, WI",48541
26115832700,"La Salle, MI",48541
48435950300,"Sonora, TX",48541
6059032055,"Rancho Santa Margarita, CA",48539
6085502800,"Oster, San Jose, CA",48539
51550021200,"Pleasant Grove West, Chesapeake, VA",48539
55079101000,"West Allis, WI",48538
41047010400,"Mount Angel, OR",48538
27053020801,"Broadway, Minneapolis, MN",48537
51199050203,"Yorktown, VA",48537
18157001900,"Lafayette, IN",48536
27053020500,"Brooklyn Center, MN",48535
26125134300,"Commerce Charter Township, MI",48535
6037134303,"Canoga Park, Los Angeles, CA",48535
32031002209,"Reno, NV",48535
1077011501,"Florence, AL",48534
26115833200,"Temperance, MI",48534
42007601800,"Freedom, PA",48533
48297950400,"Mathis, TX",48533
39045031000,"Lancaster, OH",48532
48439110907,"Benbrook, TX",48532
24005450900,"Essex, MD",48531
55079091200,"Wauwatosa, WI",48531
12011061002,"Plantation, FL",48531
36047012600,"Kings County, NY",48531
9011714104,"Colchester, CT",48529
22103041211,"Mandeville, LA",48528
8123002012,"Frederick, CO",48528
49049010407,"Salem, UT",48528
6055200705,"Napa, CA",48527
53037975200,"Thorp, WA",48527
48091310704,"Bulverde, TX",48527
32003005803,"Peccole Ranch, Las Vegas, NV",48526
42101032000,"Northeast Philadelphia, Philadelphia, PA",48526
51550021009,"Great Bridge East, Chesapeake, VA",48525
24003740500,"Laurel, MD",48524
27061480500,"Nashwauk, MN",48523
36081010000,"Queens County, NY",48521
37119006103,"Mountain Island, Charlotte, NC",48520
22097960500,"Arnaudville, LA",48520
42021011800,"Northern Cambria, PA",48519
24015030904,"Elkton, MD",48519
26099231400,"Sterling Heights, MI",48518
37179021004,"Waxhaw, NC",48518
33011011000,"Nashua, NH",48517
49035110300,"Canyon Rim, Salt Lake City, UT",48517
54095961900,"Sistersville, WV",48517
12086014500,"Miami, FL",48516
4013216838,"Desert Shadows, Scottsdale, AZ",48516
48201450400,"Memorial, Houston, TX",48516
55063010600,"La Crosse, WI",48515
24005492001,"Parkville, MD",48515
35045000612,"Aztec, NM",48514
6095252317,"Fairfield, CA",48514
39159050301,"Marysville, OH",48514
18153050500,"Carlisle, IN",48514
17005951500,"Greenville, IL",48513
31095963700,"Fairbury, NE",48512
6077003209,"Bear Creek, Stockton, CA",48511
48167721000,"Dickinson, TX",48511
25017351000,"Spring Hill, Somerville, MA",48511
6097150304,"Sonoma, CA",48510
6037192300,"Central LA, Los Angeles, CA",48510
9011695202,"Oakdale, Montville, CT",48509
6037408504,"Hacienda Heights, CA",48509
24043010801,"Williamsport, MD",48509
6037134422,"West Hills, Los Angeles, CA",48509
39153530902,"Tallmadge, OH",48508
13135050430,"Stone Mountain, GA",48508
49003960300,"Tremonton, UT",48508
51710003800,"Ghent, Norfolk, VA",48507
26099231600,"Sterling Heights, MI",48507
36047046202,"Kings County, NY",48507
36005026601,"Bronx County, NY",48507
27053022700,"Birchwood, Minneapolis, MN",48506
27123036000,"West Seventh, Saint Paul, MN",48506
44007012602,"Smithfield, RI",48505
15003010601,"Kaneohe, HI",48504
12011070209,"Davie, FL",48500
12086015900,"Miami, FL",48500
27027030103,"Moorhead, MN",48500
6061022500,"Roseville, CA",48500
36067000900,"Northside, Syracuse, NY",48500
36047016700,"Kings County, NY",48500
6013303202,"Brentwood, CA",48499
4019002903,"Old Fort Lowell, Tucson, AZ",48498
55043960500,"Cassville, WI",48497
12103027209,"Dunedin, FL",48497
23005004200,"Cumberland Center, Cumberland, ME",48496
36087013300,"Piermont, NY",48495
4013612300,"Deer Valley, Phoenix, AZ",48494
49005001102,"River Heights, UT",48493
36061002900,"Chinatown, New York, NY",48492
33003956100,"Wolfeboro, NH",48492
6073017811,"Carlsbad, CA",48492
33011011500,"Nashua, NH",48491
31053964300,"Fremont, NE",48491
13135050721,"Snellville, GA",48490
39153532600,"Peninsula, OH",48489
26103002600,"Gwinn, MI",48489
6085512053,"South San Jose, San Jose, CA",48489
15003011202,"Kailua, HI",48488
41005022103,"Rock Creek, Clackamas, OR",48488
39109350100,"Tipp City, OH",48487
6073013606,"El Cajon, CA",48487
6059074110,"Morning Sunwood, Santa Ana, CA",48486
21117063605,"Independence, KY",48486
25001012700,"Centerville, Barnstable, MA",48486
47093005712,"Knoxville, TN",48486
34001012302,"Northfield, NJ",48486
27135970200,"Badger, MN",48486
53033029901,"Auburn, WA",48485
42129805800,"Belle Vernon, PA",48483
39095008302,"Toledo, OH",48483
17177000600,"Ridott, IL",48483
39061021001,"Cincinnati, OH",48482
12011060603,"Plantation, FL",48482
6085505403,"Santa Clara, CA",48482
39099810900,"Lowellville, OH",48481
6059110104,"Cypress, CA",48481
6113011206,"Woodland, CA",48479
36047027600,"Kings County, NY",48479
22059970200,"Jena, LA",48479
48041000102,"Bryan, TX",48478
8123001800,"Platteville, CO",48478
26125197500,"Troy, MI",48478
24015030601,"Elkton, MD",48477
6055201800,"Napa, CA",48476
40009966200,"Elk City, OK",48476
55009001802,"Green Bay, WI",48476
26163571900,"Dearborn Heights, MI",48476
27003050608,"Coon Rapids, MN",48475
6059110114,"Cypress, CA",48475
40087400101,"Newcastle, OK",48475
36001014401,"Ravena, NY",48475
6059001503,"Brea, CA",48474
36119013600,"Ossining, NY",48474
36081084601,"Queens County, NY",48474
34013015400,"Bloomfield, NJ",48473
48491020203,"Sun City, Georgetown, TX",48473
51179010107,"Stafford, VA",48472
55029100600,"Sturgeon Bay, WI",48472
6037570702,"Lakewood Mutual, Lakewood, CA",48472
6037574201,"Stratford Square, Long Beach, CA",48472
42133020921,"Goldsboro, PA",48471
55079005300,"Kops Park, Milwaukee, WI",48471
36117020401,"Williamson, NY",48471
40027201102,"Norman, OK",48471
25015821000,"South Hadley, MA",48470
4013422513,"Mesa, AZ",48470
53053071309,"Puyallup, WA",48470
29071800201,"Washington, MO",48470
1097005700,"Saraland, AL",48469
26163546200,"Parkland, Detroit, MI",48468
6059001301,"Los Nietos, La Habra, CA",48467
29186960200,"Ste. Genevieve, MO",48466
12099006008,"Golf, FL",48465
51041101004,"Chesterfield, VA",48465
6067009109,"Sacramento, CA",48465
36067016700,"Skaneateles, NY",48464
27123040901,"Mounds View, MN",48462
37081016009,"Greensboro, NC",48461
17109010200,"Sciota, IL",48460
18099020202,"Walkerton, IN",48458
6085502604,"Campbell, CA",48458
20149000200,"Wamego, KS",48457
26093743700,"Hamburg, MI",48457
36055010800,"East Irondequoit, Irondequoit, NY",48455
6037137103,"Woodland Hills, Los Angeles, CA",48454
48201542102,"Katy, TX",48453
18151970900,"Fremont, IN",48453
41051004602,"Southwest Portland, Portland, OR",48453
42003564200,"White Oak, PA",48451
6037401002,"Glendora, CA",48451
51161030701,"Cave Spring, VA",48450
53017950600,"East Wenatchee, WA",48450
36061027500,"Upper Manhattan, New York, NY",48450
24005420702,"Dundalk, MD",48450
36029015402,"Derby, NY",48450
12011043001,"Lauderdale Isles, Fort Lauderdale, FL",48449
40131050403,"Collinsville, OK",48449
39123050201,"Port Clinton, OH",48449
18057110505,"Noblesville, IN",48449
53061052401,"Snohomish, WA",48448
38035011700,"Grand Forks, ND",48448
55101001705,"Mount Pleasant, WI",48448
48009020200,"Holliday, TX",48447
47189030401,"Lebanon, TN",48447
18027954400,"Washington, IN",48446
20169001000,"Salina, KS",48446
29107090601,"Odessa, MO",48446
6013306002,"Antioch, CA",48446
26163558600,"Livonia, MI",48445
36081079702,"Queens County, NY",48445
20091052904,"Brittany Yesteryear, Olathe, KS",48444
6037700102,"Central LA, West Hollywood, CA",48444
56037971100,"Rock Springs, WY",48444
48135003000,"Odessa, TX",48443
26093712102,"Howell, MI",48443
51153901602,"Manassas, VA",48442
17197884003,"Braidwood, IL",48442
55111000500,"Merrimac, WI",48442
47157008600,"East Memphis, Memphis, TN",48442
53029971400,"Camano Island, WA",48442
42133020600,"Dover, PA",48441
39003013900,"Delphos, OH",48441
23031025400,"Biddeford, ME",48441
12086004102,"Venetian Islands, Miami Beach, FL",48440
45063020508,"West Columbia, SC",48440
39003012000,"Lima, OH",48439
12011060121,"Plantation, FL",48438
24013511000,"New Windsor, MD",48438
22007050600,"Labadieville, LA",48438
36065025100,"New Hartford, NY",48437
17031806201,"Des Plaines, IL",48436
55079170200,"South Milwaukee, WI",48436
8067940300,"Ignacio, CO",48435
22071013400,"Central Business District, New Orleans, LA",48435
55087011101,"Appleton, WI",48435
36047019000,"Kings County, NY",48435
6073020013,"Carlsbad, CA",48435
34003021400,"Garfield, NJ",48435
36081005300,"Queens County, NY",48434
17161020900,"East Moline, IL",48433
39049009497,"South Columbus, Groveport, OH",48433
6037271300,"Mar Vista, Los Angeles, CA",48431
53011040907,"Felida-Starcrest, Vancouver, WA",48431
6087122201,"Aptos, CA",48429
25017370300,"Watertown, MA",48429
27121970100,"Glenwood, MN",48428
55079060102,"Milwaukee, WI",48425
26145010303,"Saginaw Township North, Saginaw, MI",48425
27123037402,"Battle Creek, Saint Paul, MN",48424
6073016810,"Lakeside, CA",48424
6037431002,"Monrovia, CA",48424
40093955100,"Ringwood, OK",48423
48381021200,"Amarillo, TX",48423
27137000100,"Woodland, Duluth, MN",48422
36067011231,"Liverpool, NY",48422
48039663200,"Lake Jackson, TX",48421
49005000403,"Hyde Park, UT",48421
6085503315,"East San Jose, San Jose, CA",48421
36111953800,"Marlboro, NY",48420
8069001110,"Foothills Green, Fort Collins, CO",48420
39061023600,"Cincinnati, OH",48420
22017024108,"Hyde Park, Brookwood, Southern Hills, Shreveport, LA",48420
6073009801,"Lake Murray, San Diego, CA",48420
24031703602,"Kensington, MD",48419
40143007620,"Minshall Park, Tulsa, OK",48419
42063960700,"Indiana, PA",48418
20095961100,"Murdock, KS",48417
6067008203,"Orangevale, CA",48417
55119960100,"Rib Lake, WI",48416
36071014301,"Chester, NY",48416
34017014300,"North Bergen, NJ",48416
37183052404,"Southwest Raleigh, Raleigh, NC",48415
42125762000,"Marianna, PA",48415
20091051300,"Prairie Fields, Prairie Village, KS",48414
9009175400,"Wallingford Center, Wallingford, CT",48414
36069050601,"Canandaigua, NY",48414
48039663400,"Lake Jackson, TX",48412
18107956700,"Crawfordsville, IN",48411
24025301402,"Harford County, MD",48410
13135050310,"Norcross, GA",48410
6077003214,"Sherwoods Manor, Stockton, CA",48410
39151712202,"Canton, OH",48410
44009050901,"Westerly, Westerly, RI",48408
19013001400,"Waterloo, IA",48408
38021973400,"Ellendale, ND",48408
19027960300,"Carroll, IA",48406
25001010800,"Brewster, MA",48406
17167003300,"Divernon, IL",48406
13067030222,"Acworth, GA",48406
25027753200,"Oxford, Oxford, MA",48405
48029182002,"Northwest Side, Helotes, TX",48404
55079005400,"Kops Park, Milwaukee, WI",48404
27139080500,"Shakopee, MN",48404
34021003302,"Trenton, NJ",48404
53011040709,"Orchards Area Concerned Citizens, Vancouver, WA",48403
40027201904,"South Oklahoma City, Oklahoma City, OK",48403
6085508102,"Santa Clara, CA",48402
26063950600,"Elkton, MI",48402
44003020901,"East Greenwich, RI",48401
48149970400,"La Grange, TX",48401
48453001722,"Hardrock Canyon, Austin, TX",48400
36081050500,"Queens County, NY",48398
17139976900,"Sullivan, IL",48398
42091202402,"Melrose Park, PA",48397
48201454000,"Mission Bend San Gabriel, Houston, TX",48397
6059110015,"Los Alamitos, CA",48396
51187020601,"Front Royal, VA",48396
12086017200,"Miami, FL",48395
42091202603,"Glenside, PA",48395
48201555200,"Spring, TX",48395
27003051101,"Fridley, MN",48394
42003310300,"New Homestead, Munhall, PA",48393
19001960300,"Greenfield, IA",48393
18019050803,"Memphis, IN",48392
8069001008,"Golden Meadows, Fort Collins, CO",48390
25021417901,"Quincy, MA",48390
36065023901,"Utica, NY",48390
9013530301,"Vernon, CT",48389
4013811900,"Chandler, AZ",48389
36047050202,"Kings County, NY",48389
25017342102,"Everett, MA",48389
39035177608,"Parma, OH",48388
53033020500,"North City, Shoreline, WA",48388
27017070200,"Cloquet, MN",48388
8041007300,"Monument, CO",48388
6013359104,"Hercules, CA",48387
8059010209,"South Westminster, Arvada, CO",48387
41067031511,"Bethany, Portland, OR",48386
46029954600,"Florence, SD",48386
34003021500,"Garfield, NJ",48385
22051022500,"Bonnabel Place, Metairie, LA",48384
51710002300,"Larchmont/Edgewater, Norfolk, VA",48383
6085512052,"Edenvale, San Jose, CA",48383
53033010002,"Greater Duwamish, Seattle, WA",48383
51153900410,"Woodbridge, VA",48383
17115002500,"Mount Zion, IL",48383
8059010206,"Club Crest, Arvada, CO",48383
49011125303,"Clinton, UT",48382
6075025500,"Cayuga Terrace, San Francisco, CA",48382
53033023300,"West Lake Sammamish, Bellevue, WA",48381
39137030500,"Columbus Grove, OH",48381
53053060903,"West End, Tacoma, WA",48381
6087122001,"Soquel, CA",48380
53061040100,"Northwest Everett, Everett, WA",48380
48439111003,"Fort Worth, TX",48379
6085512602,"Gilroy, CA",48378
34001011100,"Hammonton, NJ",48377
21117064900,"Park Hills, KY",48377
26103002200,"Ishpeming, MI",48376
6037480011,"San Gabriel, CA",48376
45013010600,"Hilton Head Island, SC",48376
36047059100,"Kings County, NY",48375
36065025002,"Clinton, NY",48375
48361021800,"Vidor, TX",48373
20051072701,"Hays, KS",48373
25013813206,"Feeding Hills, Agawam, MA",48372
36047058000,"Kings County, NY",48372
42029311800,"Atglen, PA",48372
29099700802,"Herculaneum, MO",48370
16001010221,"Eagle, ID",48370
55123960600,"Chaseburg, WI",48369
40109108513,"Canyon North, Oklahoma City, OK",48369
27009020206,"Sartell, MN",48369
6073020805,"Ramona, Ramona, CA",48369
34003054400,"Teaneck, NJ",48369
42017106401,"Quakertown, PA",48368
42011013401,"Fleetwood, PA",48368
4013422217,"Mesa, AZ",48368
6067009403,"Wilton, CA",48367
22113950200,"Gueydan, LA",48367
6081607701,"Shoreview, San Mateo, CA",48367
32017950200,"Lincoln County, NV",48366
25027732202,"Hamilton, Worcester, MA",48366
18059410700,"Greenfield, IN",48366
39035177404,"Parma, OH",48365
34007608210,"Camden County, NJ",48365
26099215300,"Washington, MI",48364
13121011422,"Roswell, GA",48364
13135050548,"Lawrenceville, GA",48364
17183001300,"Danville, IL",48363
55133202202,"Waukesha, WI",48363
21059000700,"Owensboro, KY",48361
25017353300,"Cambridgeport, Cambridge, MA",48361
29077003700,"Springfield, MO",48360
24031701410,"Burtonsville, MD",48360
20149000400,"Onaga, KS",48359
48439113216,"Fort Worth, TX",48357
48121020202,"Krum, TX",48356
15003004800,"Liliha - Kapalama, Honolulu, HI",48356
25005611101,"Norton, MA",48356
37109071201,"Denver, NC",48356
39061023522,"Cincinnati, OH",48355
12099006602,"Delray Beach, FL",48355
8013013508,"Longmont, CO",48354
34033021400,"Salem County, NJ",48352
34027046105,"Budd Lake, Mount Olive Township, NJ",48352
32031002104,"Mira Loma, Reno, NV",48352
53033025102,"Renton, WA",48352
26049011402,"Grand Blanc, MI",48351
34019011800,"Lambertville, NJ",48351
6041112100,"San Rafael, CA",48350
6059099306,"Yorktown, Huntington Beach, CA",48350
18059410200,"McCordsville, IN",48350
31055007311,"North Central Omaha, Omaha, NE",48349
6037139001,"Encino, Los Angeles, CA",48347
34037371800,"Wantage, NJ",48347
44009051305,"South Kingstown, RI",48344
18129040300,"Wadesville, IN",48344
25025140201,"Hyde Park, Boston, MA",48342
33011000700,"Manchester, NH",48342
36071012601,"New Windsor, NY",48342
44009051302,"South Kingstown, RI",48341
36029009112,"Buffalo, NY",48341
36103158900,"Patchogue, NY",48340
6079012704,"Templeton, CA",48339
55105003002,"Edgerton, WI",48338
55063010402,"Onalaska, WI",48338
21111011110,"Louisville, KY",48338
20051072800,"Hays, KS",48336
26093733602,"Pinckney, MI",48336
6037301203,"Verdugo Viejo, Glendale, CA",48335
12081002008,"Bradenton, FL",48335
20173009604,"Clearwater, KS",48334
17163504352,"O'Fallon, IL",48334
12057011608,"Town N Country Alliance, Tampa, FL",48333
53053073123,"South Hill, WA",48333
51087200413,"Cross Ridge, Glen Allen, VA",48332
42017103900,"Bucks County, PA",48332
39165031200,"Lebanon, OH",48331
49003960602,"Brigham City, UT",48331
4013216845,"North Scottsdale, Scottsdale, AZ",48330
13121009404,"Buckhead, Atlanta, GA",48329
6095251804,"Vallejo, CA",48328
26125193700,"Rochester Hills, MI",48326
19061001102,"Dubuque, IA",48325
39103417000,"Wadsworth, OH",48325
8123002206,"Windsor, CO",48325
18145710800,"Shelbyville, IN",48324
25017368300,"Banks Square, Waltham, MA",48324
29037060600,"Pleasant Hill, MO",48324
18087970500,"LaGrange, IN",48324
48039662200,"Angleton, TX",48324
55065970500,"Gratiot, WI",48324
40143005805,"Owasso, OK",48323
48029131700,"Northeast Side, Universal City, TX",48323
31119960802,"Norfolk, NE",48323
6017030601,"Cool, CA",48323
51013101702,"Radnor - Fort Myer Heights, Arlington, VA",48323
55089650200,"Cedarburg, WI",48322
39017011002,"Hamilton, OH",48321
51059450200,"Falls Church, VA",48321
34015501703,"Newfield, NJ",48320
27067781100,"Atwater, MN",48320
13067030602,"Marietta, GA",48319
48441012600,"River Oaks/Brookhollow, Abilene, TX",48318
39085201000,"Cricket Lane, Willoughby Hills, OH",48318
36055014102,"Rochester, NY",48315
6065047900,"Corona, CA",48314
4005001101,"Flagstaff, AZ",48314
39041010520,"Delaware, OH",48312
29189210928,"Florissant, MO",48312
6065043247,"Murrieta, CA",48311
6081600700,"Daly City, CA",48311
6037276603,"Playa del Rey, Los Angeles, CA",48311
39069000700,"Holgate, OH",48311
6073006900,"Point Loma, San Diego, CA",48309
48201251402,"Kingwood, Houston, TX",48309
6037141102,"Sherman Oaks, Los Angeles, CA",48309
6067009307,"Elk Grove, CA",48308
6079011001,"San Luis Obispo, CA",48308
27169670100,"Minnesota City, MN",48308
53063010503,"Spokane, WA",48308
36067011011,"Liverpool, NY",48307
25013813401,"East Longmeadow, MA",48307
39153530103,"Twinsburg, OH",48306
10003011100,"Wilmington, DE",48305
53067012211,"Olympia, WA",48305
36063024501,"Youngstown, NY",48304
27099001300,"Adams, MN",48303
39165031904,"Mason, OH",48300
19043070200,"Luana, IA",48300
12011110332,"Pembroke Pines, FL",48300
41005022708,"Ladd Hill, Wilsonville, OR",48300
36081009600,"Queens County, NY",48299
17031828402,"Homewood, IL",48299
51059451900,"Alexandria, VA",48299
20045000797,"Lawrence, KS",48298
6037267402,"West Los Angeles, Los Angeles, CA",48298
6081606000,"Central San Mateo, San Mateo, CA",48297
6013303201,"Antioch, CA",48296
8005086100,"Saddle Rock Ridge, Centennial, CO",48296
34017005900,"Greenville, Jersey City, NJ",48296
8005083900,"Meadow Hills, Aurora, CO",48296
55121100200,"Strum, WI",48295
26093742500,"Howell, MI",48295
29047022000,"Smithville, MO",48295
48245011001,"Nederland, TX",48294
51810045420,"Virginia Beach, VA",48294
51199050304,"Yorktown, VA",48294
17201004300,"Pecatonica, IL",48294
48439113403,"Hurst, TX",48293
6013388000,"El Cerrito, CA",48292
48039661502,"Alvin, TX",48291
39077915900,"Monroeville, OH",48291
9005362101,"Woodbury, CT",48291
36061010000,"Midtown East, New York, NY",48290
31119961300,"Madison, NE",48290
18089042200,"Hobart, IN",48290
17201004200,"Winnebago, IL",48289
51087201404,"Sandston, VA",48287
55025003100,"Madison, WI",48286
25017364101,"Maynard, MA",48285
6059062612,"University Park, Irvine, CA",48284
8059011904,"Lakewood, CO",48283
51161031202,"Roanoke, VA",48282
21111009800,"Louisville, KY",48282
39095009102,"Holland, OH",48282
20173002100,"Crown Heights, Wichita, KS",48280
16057005500,"Potlatch, ID",48280
17115003000,"Maroa, IL",48279
25023544200,"Carver, MA",48278
8045951803,"Carbondale, CO",48278
55011960100,"Mondovi, WI",48277
48439111015,"Crowley, TX",48276
4019004711,"La Paloma, Tucson, AZ",48276
8005084100,"Carriage Place, Aurora, CO",48274
53057950900,"Sedro-Woolley, WA",48273
8013013601,"Lyons, CO",48273
26099221800,"New Baltimore, MI",48272
28049010807,"Raymond, MS",48272
26099250100,"Saint Clair Shores, MI",48272
22071009900,"Touro, New Orleans, LA",48270
36081015300,"Queens County, NY",48270
18173030300,"Chandler, IN",48269
39057210602,"Dayton, OH",48269
53033010600,"Southwest, Seattle, WA",48266
27017070400,"Carlton, MN",48266
8013013201,"Longmont, CO",48266
6075025800,"Portola, San Francisco, CA",48266
48291701100,"Dayton, TX",48265
17031824702,"Midlothian, IL",48265
48113018133,"Rowlett, TX",48264
25009208200,"Saugus, MA",48264
12101032110,"Meadow Pointe, Wesley Chapel, FL",48264
36111955400,"Wallkill, NY",48264
8059010304,"Alta Vista Area, Arvada, CO",48262
34017000500,"The Heights, Jersey City, NJ",48262
6095252910,"Vacaville, CA",48261
20177001900,"Westboro, Topeka, KS",48261
37067001300,"Winston-Salem, NC",48261
17031820700,"Berwyn, IL",48261
42077006302,"Alburtis, PA",48261
18137968500,"Batesville, IN",48260
8005080500,"East Ridge - Ptarmigan Park, Aurora, CO",48260
17019001301,"Champaign, IL",48259
17161020800,"East Moline, IL",48258
27137012300,"Hibbing, MN",48257
12086016500,"Miami, FL",48257
41067031911,"Bull Mountain, Tigard, OR",48256
27033270300,"Windom, MN",48256
9015900100,"Thompson, CT",48255
36071010500,"Newburgh, NY",48255
19113001102,"Cedar Rapids, IA",48254
27141030402,"Big Lake, MN",48254
48085031635,"Plano, TX",48254
17183010702,"Catlin, IL",48253
29099701404,"Festus, MO",48253
18141011504,"Mishawaka, IN",48252
33011019501,"Lyndeborough, NH",48250
8031006810,"Southeast, Denver, CO",48249
26093743300,"Brighton, MI",48249
31079001400,"Wood River, NE",48249
27111960600,"New York Mills, MN",48247
41005021500,"Portland, OR",48247
19127950200,"State Center, IA",48247
53063010305,"Colbert, WA",48247
27059130200,"Stanchfield, MN",48246
34005701502,"Trenton, NJ",48246
17031620100,"South Side, Chicago, IL",48245
6065041403,"La Sierra South, Riverside, CA",48245
17031242400,"Ukrainian Village, Chicago, IL",48244
24013508102,"Hampstead, MD",48244
24005411408,"Nottingham, MD",48244
6071002033,"Rancho Cucamonga, CA",48244
37101040203,"Clayton, NC",48244
48439113520,"Euless, TX",48243
42001031101,"McSherrystown, PA",48242
39153532501,"Richfield, OH",48242
42091200902,"Lansdale, PA",48241
22057021901,"Houma, LA",48241
36055014903,"Spencerport, NY",48240
34029723300,"Toms River, NJ",48239
53063013401,"Moran Prairie, Spokane, WA",48238
6061021801,"Auburn, CA",48237
12099007730,"Boca Raton, FL",48236
29051010701,"Jefferson City, MO",48236
18127050506,"Portage, IN",48235
26125144200,"Waterford Township, MI",48235
16067970100,"Paul, ID",48235
53003960100,"Asotin, WA",48234
12115000801,"Longboat Key, FL",48234
31153010105,"Bellevue, NE",48234
6065040616,"Corona, CA",48233
24003730504,"South Gate, Millersville, MD",48233
21145030800,"Paducah, KY",48233
6073000201,"Mission Hills, San Diego, CA",48231
25011040800,"Sunderland, MA",48231
25017383501,"Framingham, MA",48231
42095017703,"Bethlehem, PA",48231
6001432100,"Broadmoor, San Leandro, CA",48231
9009171300,"Meriden, CT",48231
55117010800,"Sheboygan, WI",48230
6067000200,"Central Sacramento, Sacramento, CA",48230
12095017108,"Orlando, FL",48229
39025041501,"Cincinnati, OH",48229
39173020200,"Rossford, OH",48228
51550021004,"Great Bridge, Chesapeake, VA",48227
51171040600,"Edinburg, VA",48227
39075976301,"Millersburg, OH",48227
35001000111,"Holiday Park, Albuquerque, NM",48227
36085024700,"Richmond County, NY",48225
42017101603,"Warminster, PA",48225
47037018302,"Bellevue, Nashville, TN",48225
40109106403,"Central Oklahoma City, The Village, OK",48225
36027190102,"Wappingers Falls, NY",48224
41051006601,"Maplewood, Portland, OR",48223
24005404501,"Reisterstown, MD",48222
48199030300,"Kountze, TX",48222
29043020201,"Nixa, MO",48222
26125131500,"Highland Charter Township, MI",48221
33011010200,"Nashua, NH",48221
6037301206,"Glenwood, Glendale, CA",48221
26099241200,"Clinton Township, MI",48221
26125183400,"Royal Oak, MI",48220
54039001901,"Charleston, WV",48220
19023070500,"Shell Rock, IA",48220
27163071003,"Newport, MN",48220
34029717501,"Jackson, NJ",48219
17201000600,"Rockford, IL",48219
29113810303,"Moscow Mills, MO",48216
51031020300,"Lynchburg, VA",48215
25009252501,"Methuen, MA",48215
48469001400,"Victoria, TX",48215
53033029001,"Des Moines, WA",48214
20091053005,"Lenexa, KS",48213
55079091000,"Wauwatosa, WI",48213
19127950400,"Marshalltown, IA",48211
29183311312,"St. Peters, MO",48210
48187210712,"Northeast Side, Schertz, TX",48210
36093033102,"Delanson, NY",48209
17113000502,"Normal, IL",48209
17031816000,"Forest Park, IL",48209
6057001204,"Truckee, CA",48209
6073008349,"Mira Mesa, San Diego, CA",48208
36047046000,"Kings County, NY",48208
36061015400,"Upper East Side, New York, NY",48207
6073017034,"Rancho Peñasquitos, San Diego, CA",48206
34025811200,"Howell, NJ",48206
39093050100,"Amherst, OH",48206
39037570102,"Arcanum, OH",48205
48201521900,"Northwest Houston, Houston, TX",48205
45019004612,"Mount Pleasant, SC",48205
22053000100,"Jennings, LA",48205
53061053101,"Arlington, WA",48205
4019004052,"Estrella Vista Estates, Tucson, AZ",48203
48201412900,"Southwest Houston, Houston, TX",48203
4013613900,"Fletcher Heights, Peoria, AZ",48202
48121021630,"North Central Carrollton, Carrollton, TX",48202
51810046002,"Fairfield, Virginia Beach, VA",48201
48479001714,"Lakeside, Laredo, TX",48201
6085511915,"South San Jose, San Jose, CA",48200
51810045428,"Virginia Beach, VA",48199
15003003501,"Makiki - Lower Punchbowl - Tantalus, Honolulu, HI",48199
41047010100,"Saint Paul, OR",48198
6059062621,"Laguna Hills, CA",48196
34009020206,"Ocean City, NJ",48196
30111001803,"West End, Billings, MT",48196
6037271702,"Palms, Los Angeles, CA",48195
6077005135,"Manteca, CA",48195
17031161000,"Old Irving Park, Chicago, IL",48195
55033970500,"Menomonie, WI",48195
34007607507,"Echelon, Voorhees Township, NJ",48194
17093890301,"Oswego, IL",48193
6037480101,"Temple City, CA",48193
19013002400,"Cedar Falls, IA",48192
32003005351,"MacDonald Ranch, Henderson, NV",48191
13247060405,"Conyers, GA",48191
22097960800,"Eunice, LA",48191
12081000810,"Bradenton, FL",48190
39003010200,"Columbus Grove, OH",48189
6013321200,"Pleasant Hill, CA",48189
42095010300,"Bethlehem, PA",48188
55115101000,"Bonduel, WI",48188
55073001102,"Schofield, WI",48186
9003405900,"Bristol, CT",48186
48361021501,"Orange, TX",48184
42133020510,"Thomasville, PA",48183
24021752900,"Sabillasville, MD",48182
42079212800,"Kingston, PA",48182
36005016600,"Bronx County, NY",48182
39151713600,"Massillon, OH",48181
17043841604,"Warrenville, IL",48181
18003010603,"Fort Wayne, IN",48181
55063010401,"Onalaska, WI",48180
4019470500,"Tucson, AZ",48180
51177020107,"Fredericksburg, VA",48179
37135011901,"Chapel Hill, NC",48179
50027965000,"Norwich, VT",48179
25021418002,"Quincy, MA",48179
48439111531,"Southwest Arlington, Arlington, TX",48179
48113014130,"Valley Ranch, Irving, TX",48178
27103480502,"North Mankato, MN",48176
53029970800,"Oak Harbor, WA",48176
45063021115,"Columbia, SC",48176
24033806708,"Greenbelt, MD",48175
42021013100,"Summerhill, PA",48175
36029011100,"Buffalo, NY",48174
24041960600,"Royal Oak, MD",48173
49057210508,"Roy, UT",48173
51059471301,"Falls Church, VA",48173
6059042326,"Laguna Niguel, CA",48172
24033800402,"Bowie, MD",48171
34007610900,"Audubon, NJ",48171
31041971800,"Callaway, NE",48170
4013103205,"Paradise Valley Village, Scottsdale, AZ",48169
48199030900,"Silsbee, TX",48169
35045000702,"Blanco, NM",48167
34001010101,"Brigantine, NJ",48167
53033032702,"North Bend, WA",48167
53061051000,"Mountlake Terrace, WA",48167
55069960300,"Tomahawk, WI",48167
42071013902,"Conestoga, PA",48166
53061052906,"Marysville, WA",48166
27053020600,"Minneapolis, MN",48166
42011010500,"Robesonia, PA",48166
33011000202,"Rimmon Heights, Manchester, NH",48164
13121011614,"Milton, GA",48163
55011960500,"Fountain City, WI",48163
29095014603,"Independence, MO",48163
6037139200,"Encino, Los Angeles, CA",48162
48039663000,"Brazoria, TX",48161
33019975300,"Sunapee, NH",48160
27047180100,"Hollandale, MN",48157
12021010405,"Urban Estates, Naples, FL",48156
27053122500,"Oak Hill, Saint Louis Park, MN",48156
1089002701,"Huntsville, AL",48156
1125010102,"Northport, AL",48156
16001002411,"West Valley, Boise, ID",48156
55017010400,"Chippewa Falls, WI",48155
39097040201,"London, OH",48155
18051050300,"Oakland City, IN",48154
13117130204,"Cumming, GA",48153
29183311147,"St. Peters, MO",48152
12103025122,"Seminole, FL",48149
53033032313,"Southeast Redmond, Redmond, WA",48149
36067010301,"Cicero, NY",48148
34029715800,"Lakewood, Lakewood Township, NJ",48147
48439113618,"Bedford, TX",48146
39153532202,"Fairlawn, OH",48146
51059420502,"Alexandria, VA",48146
55027961900,"Watertown, WI",48145
56003962800,"Lovell, WY",48145
6081610700,"Redwood Oaks, Redwood City, CA",48145
6037650001,"Torrance, CA",48144
34005701002,"Beverly, NJ",48144
51179010108,"Stafford, VA",48144
9003480800,"Enfield, CT",48144
6005000402,"Pine Grove, CA",48143
27111960500,"Perham, MN",48143
17031150200,"Portage Park, Chicago, IL",48143
6111008302,"Simi Valley, CA",48142
6013339002,"Walnut Creek, CA",48141
8005006400,"Englewood, CO",48141
25009204701,"Salem, MA",48140
6059021918,"Orange, CA",48140
6067009331,"Elk Grove, CA",48140
34007603200,"Cherry Hill, NJ",48140
39013010300,"Bridgeport, OH",48139
45003021201,"Aiken, SC",48139
55039040100,"Fond du Lac, WI",48138
6073020107,"Midway, Escondido, CA",48138
51153901417,"Nokesville, VA",48138
6085503122,"San Jose, CA",48138
55105001201,"Janesville, WI",48138
53035091800,"Bremerton, WA",48137
13151070305,"Stockbridge, GA",48137
6037132900,"Tarzana, Los Angeles, CA",48137
22063040303,"Denham Springs, LA",48137
32003004907,"Las Vegas, NV",48137
41051006501,"Southwest Portland, Portland, OR",48137
26093730600,"Howell, MI",48136
6037267700,"Sawtelle, Los Angeles, CA",48136
29113810202,"Silex, MO",48135
41005023600,"Beavercreek, OR",48135
39061022200,"Cincinnati, OH",48134
26125165200,"Farmington, MI",48134
33015069700,"Portsmouth, NH",48133
55073002100,"Marshfield, WI",48133
37183053524,"Dutchess Village, Cary, NC",48133
53033002000,"Maple Leaf, Seattle, WA",48132
50007002701,"Essex Junction, Essex, VT",48132
38003968000,"Sanborn, ND",48132
55079019700,"Rolling Green, Milwaukee, WI",48131
48211950300,"Canadian, TX",48131
20173009900,"Mulvane, KS",48131
22001960300,"Basile, LA",48130
21029020201,"Mount Washington, KY",48130
48491020506,"Round Rock, TX",48130
1073011111,"Trussville, AL",48129
25005652800,"New Bedford, MA",48129
26099251700,"Saint Clair Shores, MI",48128
48453001760,"Steiner Ranch, Austin, TX",48127
4013422514,"Mesa, AZ",48126
6097151504,"Santa Rosa, CA",48124
25009261102,"Haverhill, MA",48123
42075002600,"Cleona, PA",48123
21029020400,"Shepherdsville, KY",48121
4013422617,"Superstition Springs, Mesa, AZ",48121
9005265100,"Warren, CT",48120
48201314001,"Astrodome, Houston, TX",48119
6001441700,"Centerville, Fremont, CA",48118
36059409800,"Elmont, NY",48118
27003051102,"Fridley, MN",48117
26161402200,"Northside, Ann Arbor, MI",48117
51059480902,"Herndon, VA",48117
42051261000,"Vanderbilt, PA",48116
27117460500,"Edgerton, MN",48116
6059042109,"Rancho San Clemente, San Clemente, CA",48116
6071009711,"Apple Valley, CA",48115
42133020100,"New Cumberland, PA",48113
36047062600,"Kings County, NY",48112
22055001410,"Youngsville, LA",48112
36001001700,"Albany, NY",48112
42003465800,"Pittsburgh, PA",48111
26157000800,"Reese, MI",48111
36103111001,"Huntington, NY",48110
29183311601,"O'Fallon, MO",48109
15003008800,"Waipahu, HI",48109
6065940700,"Palm Springs, CA",48108
24005491201,"Towson, MD",48108
12099005949,"Boynton Beach, FL",48108
4013103207,"Paradise Valley Village, Scottsdale, AZ",48108
36081006900,"Queens County, NY",48108
39151711112,"Uniontown, OH",48105
6037551000,"Downey, CA",48104
55025012002,"Stoughton, WI",48104
31153010207,"Bellevue, NE",48104
42063961300,"Penn Run, PA",48104
53033003600,"Green Lake, Seattle, WA",48103
42077002201,"Allentown, PA",48103
48475950200,"Monahans, TX",48101
37119005514,"Prosperity Church Road, Charlotte, NC",48100
6013306004,"Antioch, CA",48099
48157672702,"Pheasant Creek, Sugar Land, TX",48099
42129807900,"Derry, PA",48098
9013850200,"Coventry Lake, Coventry, CT",48098
6085503323,"East San Jose, San Jose, CA",48097
55073002200,"Abbotsford, WI",48097
4013523005,"Chandler, AZ",48097
39057220100,"Bellbrook, OH",48096
25025000201,"Brighton, Boston, MA",48096
48439111310,"Southeast Arlington, Arlington, TX",48095
26093710700,"Fenton, MI",48095
40131050304,"Claremore, OK",48094
13135050728,"Snellville, GA",48094
25009266100,"Amesbury, MA",48094
17147954800,"Cerro Gordo, IL",48094
19155031200,"Council Bluffs, IA",48093
34017002900,"McGinley Square, Jersey City, NJ",48093
24021751600,"Union Bridge, MD",48093
12099007836,"West Palm Beach, FL",48092
56021001902,"Cheyenne, WY",48092
34035051200,"Bound Brook, NJ",48092
36103159505,"Shirley, NY",48091
19125030600,"Melcher-Dallas, IA",48091
20119966600,"Meade, KS",48090
51810042202,"North Central, Virginia Beach, VA",48090
18147952800,"Grandview, IN",48089
22061960400,"Ruston, LA",48089
49041975300,"Richfield, UT",48088
25027731001,"Webster Square, Worcester, MA",48086
55079180500,"Cudahy, WI",48086
53037975500,"Ellensburg, WA",48085
6037134302,"West Hills, Los Angeles, CA",48084
19163010401,"Blue Grass, IA",48084
36055014803,"Hilton, NY",48083
31045950600,"Whitney, NE",48083
6037570003,"Lakewood, CA",48083
55079185100,"Saint Francis, WI",48083
49057210600,"Roy, UT",48082
6077004701,"Lockeford, CA",48082
42063961101,"Indiana, PA",48081
6073003114,"Bay Terraces, San Diego, CA",48081
6073017050,"Carmel Mountain Ranch, San Diego, CA",48079
4013071515,"Desert Harbor, Peoria, AZ",48078
22071003301,"Fillmore, New Orleans, LA",48076
42095016001,"Walnutport, PA",48076
33011001000,"Manchester, NH",48075
8093000100,"Bailey, CO",48075
42129803100,"North Irwin, PA",48074
27025110302,"North Branch, MN",48073
35043010601,"Corrales, NM",48073
37133000403,"North Topsail Beach, NC",48071
21059001402,"Owensboro, KY",48071
26147642000,"Saint Clair, MI",48070
17031051100,"Roscoe Village, Chicago, IL",48070
25009268300,"Newburyport, MA",48070
25017311400,"Highlands, Lowell, MA",48069
41067031805,"Beaverton, OR",48069
6037211704,"Central LA, Los Angeles, CA",48068
49035112907,"West Jordan, UT",48068
49003960801,"Willard, UT",48068
6037311500,"Magnolia Park, Burbank, CA",48068
17203030700,"El Paso, IL",48068
15003008907,"Mililani, HI",48067
17083010200,"Brighton, IL",48066
12011041802,"East Fort Lauderdale, Fort Lauderdale, FL",48066
19169000700,"Ames, IA",48066
49011125305,"Clinton, UT",48066
53057940400,"Anacortes, WA",48065
40145030402,"Broken Arrow, OK",48063
8123002015,"Frederick, CO",48063
18127050508,"Portage, IN",48061
6059052505,"El Camino Real, Irvine, CA",48061
22033003802,"Mid City South, Baton Rouge, LA",48060
36071011101,"Middletown, NY",48059
6077005210,"Tracy, CA",48059
25017342202,"Everett, MA",48059
8031004006,"South, Denver, CO",48058
55127001702,"Lake Geneva, WI",48057
13021013408,"Macon, GA",48057
17097860808,"Antioch, IL",48057
48039664501,"Freeport, TX",48055
5119002204,"Colony West, Little Rock, AR",48054
39017010903,"Fairfield, OH",48053
17155954600,"Hennepin, IL",48053
9003420600,"Plainville, CT",48051
42049010903,"Erie, PA",48051
39045032701,"South Columbus, Pickerington, OH",48051
13067030410,"Marietta, GA",48050
45019004606,"Mount Pleasant, SC",48050
39151711121,"Uniontown, OH",48049
17161024000,"Coal Valley, IL",48049
17195000300,"Morrison, IL",48049
16031950200,"Burley, ID",48048
55133204302,"Whitman Park, Oconomowoc, WI",48048
42001030102,"East Berlin, PA",48048
27125010100,"Brooks, MN",48047
48123970400,"Cuero, TX",48045
42003516200,"Pittsburgh, PA",48045
24009860802,"Saint Leonard, MD",48044
6037480102,"San Gabriel, CA",48044
8059009834,"West Westminster, Arvada, CO",48044
20015020903,"Douglass, KS",48044
22109001202,"Chauvin, LA",48042
40151954200,"Alva, OK",48042
26103001800,"Ishpeming, MI",48041
46029954100,"Watertown, SD",48041
22061960500,"Ruston, LA",48041
53061053507,"Arlington, WA",48041
9011707100,"North Stonington, CT",48039
33011022500,"New Ipswich, NH",48039
51107611501,"Sterling, VA",48039
19109950300,"Lone Rock, IA",48039
17197883809,"Crete, IL",48038
29157470100,"Perryville, MO",48037
19187010100,"Fort Dodge, IA",48037
55079100500,"West Allis, WI",48037
36049950200,"Castorland, NY",48037
42101003902,"South Philadelphia, Philadelphia, PA",48036
48329000600,"Club Estates, Midland, TX",48036
36027130004,"Hyde Park, NY",48034
39137030400,"Pandora, OH",48033
36091061500,"Galway, NY",48033
6029005201,"Wofford Heights, CA",48033
30111001300,"Billings, MT",48031
21227010802,"Bowling Green, KY",48031
8005084600,"Pheasant Run, Aurora, CO",48031
13135050107,"Sugar Hill, GA",48030
22033004604,"Zachary, LA",48029
42097080800,"Paxinos, PA",48028
37119003018,"Wessex Square, Charlotte, NC",48028
6059042339,"Dana Point, CA",48026
24031701101,"Rockville, MD",48026
42133021500,"York County, PA",48025
18127050203,"Chesterton, IN",48025
24005440400,"Baltimore, MD",48024
8031011902,"Bear Valley, Denver, CO",48024
6085504410,"North San Jose, San Jose, CA",48024
53021020601,"Pasco, WA",48024
53035092704,"Port Orchard, WA",48022
44007013102,"Chepachet, Glocester, RI",48021
48113018123,"Garland, TX",48021
22051020507,"Kenner, LA",48020
12086008409,"Miami, FL",48020
40143007802,"Bixby, OK",48019
13103030301,"Guyton, GA",48019
6073018515,"Mira Costa, Oceanside, CA",48019
6085509108,"North Whisman, Mountain View, CA",48019
40095094698,"Madill, OK",48019
36063024303,"Lockport, NY",48019
34031175801,"Passaic, NJ",48018
39089755600,"Pataskala, OH",48017
47189030305,"Green Hill, TN",48017
12099007615,"Boca Raton, FL",48015
39147963100,"New Riegel, OH",48015
6037302102,"Somerset, Glendale, CA",48015
17083010401,"Jerseyville, IL",48014
6073009602,"Allied Gardens, San Diego, CA",48014
56001963700,"Laramie, WY",48013
37031971102,"Atlantic Beach, NC",48012
6085508304,"Sunnyvale West, Sunnyvale, CA",48011
39003010300,"Lima, OH",48011
29073960200,"Hermann, MO",48010
20091053711,"New Century, KS",48009
49053271800,"St. George, UT",48009
34007603100,"Merchantville, NJ",48008
17163504002,"Lenzburg, IL",48008
22077952100,"Oscar, LA",48008
48201233003,"Northeast Houston, Houston, TX",48008
6065043257,"Temecula, CA",48007
24003707002,"Churchton, Deale, MD",48007
6001404400,"Merriewood, Oakland, CA",48006
6037431502,"El Monte City, Arcadia, CA",48005
55031030200,"Superior, WI",48001
47093005807,"Knoxville, TN",47999
36065021701,"Utica, NY",47999
13135050433,"Tucker, GA",47998
50019951200,"Derby, VT",47997
32003005856,"Rhodes Ranch, Las Vegas, NV",47997
39099811700,"Boardman, OH",47997
27037060725,"Eagan, MN",47996
24021752603,"Middletown, MD",47996
17197883811,"Crete, IL",47996
50027965501,"White River Junction, Hartford, VT",47995
12021010416,"Urban Estates, Naples, FL",47995
48201253700,"Baytown, TX",47994
27079950600,"Cleveland, MN",47993
42125712700,"Burgettstown, PA",47992
6085500902,"Central San Jose, San Jose, CA",47991
9009130102,"Seymour, CT",47990
33017080100,"Durham, NH",47990
6073019905,"Vista, CA",47989
4013422307,"El Dorado Lakes Golf Community, Gilbert, AZ",47989
48121021717,"Lewisville, TX",47988
55101001601,"Franksville, Caledonia, WI",47987
18003010816,"Fort Wayne, IN",47986
19131560100,"Osage, IA",47986
47065010413,"Hamilton County, TN",47986
36063023300,"North Tonawanda, NY",47985
48187210711,"Northeast Side, Schertz, TX",47984
18097390404,"Franklin Township, Indianapolis, IN",47983
12103027604,"Clearwater Beach, Clearwater, FL",47983
6013313103,"Pittsburg, CA",47982
1089002721,"Huntsville, AL",47981
33011000901,"Manchester, NH",47981
26145010501,"Saginaw Township South, Saginaw, MI",47980
22089062500,"Norco, LA",47979
39035153107,"Fairview Park, OH",47978
6081605900,"Central San Mateo, San Mateo, CA",47977
27123041200,"New Brighton, MN",47977
6111008304,"Simi Valley, CA",47977
22113950100,"Maurice, LA",47977
56029965100,"Powell, WY",47976
19191950300,"Decorah, IA",47975
51087201601,"Henrico, VA",47973
36071014501,"Warwick, NY",47973
13089021603,"Briarcliff Heights, Atlanta, GA",47972
8035014504,"Castle Rock, CO",47971
48113017500,"Mesquite, TX",47970
19193000400,"Sioux City, IA",47970
22055001411,"Broussard, LA",47968
6097150800,"Petaluma, CA",47967
26125156200,"West Bloomfield Township, MI",47967
22087030500,"Arabi, LA",47966
55025012600,"Belleville, WI",47965
55079005200,"Nash Park, Milwaukee, WI",47965
22033004510,"Baton Rouge, LA",47964
48475950100,"Ward County, TX",47963
39157020600,"Dover, OH",47963
51510200302,"Seminary Hill, Alexandria, VA",47962
36047011600,"Kings County, NY",47961
8069002503,"Wellington, CO",47961
6037910302,"Palmdale, CA",47961
34023009000,"Avenel, Woodbridge Township, NJ",47960
9007542000,"Middletown, CT",47960
6041109001,"San Rafael, CA",47958
6037570002,"Lakewood, CA",47958
42003563100,"Westwood, Pittsburgh, PA",47956
36081003600,"Queens County, NY",47955
48431950100,"Sterling City, TX",47954
6071008708,"Yucaipa, CA",47953
22113950600,"Abbeville, LA",47952
26065004902,"Okemos, Meridian charter Township, MI",47951
6113010605,"Lake Alhambra Estates, Davis, CA",47950
55133202600,"Waukesha, WI",47950
41067031912,"Bull Mountain, Tigard, OR",47950
36103158408,"Rocky Point, NY",47949
8013012710,"Boulder, CO",47948
39083007700,"Centerburg, OH",47947
8001009408,"North Central Westminster, Westminster, CO",47947
29095007200,"Plaza Area, Kansas City, MO",47946
42045410500,"Upper Darby, PA",47945
22055001901,"Duson, LA",47945
36061004300,"Lower Manhattan, New York, NY",47944
36095740200,"Cobleskill, NY",47943
17031130300,"Hollywood Park, Chicago, IL",47943
34037372800,"Franklin, NJ",47943
32003003227,"Summerlin, Las Vegas, NV",47942
53061041703,"Lynnwood, WA",47942
39103408002,"Medina, OH",47940
48209010902,"Buda, TX",47936
42091200301,"Hatboro, PA",47936
16071960100,"Malad City, ID",47935
18029080103,"Lawrenceburg, IN",47935
42091201100,"North Wales, PA",47935
53035091700,"Bremerton, WA",47934
55119960200,"Medford, WI",47933
34005700800,"Delanco, NJ",47932
6013318000,"Martinez, CA",47931
54061011400,"Fairview, WV",47930
42133020720,"Dover, PA",47930
6067007106,"Natomas Park, Sacramento, CA",47930
6073019103,"Valley Center, CA",47929
6041125000,"Mill Valley, CA",47927
27127750400,"Wabasso, MN",47927
6037503802,"La Mirada, CA",47927
25027710400,"Fitchburg, MA",47927
6059042205,"San Clemente, CA",47926
6085505305,"Santa Clara, CA",47926
51179010212,"Stafford, VA",47926
53041970200,"Centralia, WA",47924
32003003250,"Summerlin, Las Vegas, NV",47924
36029009200,"Buffalo, NY",47924
4013104224,"Glendale, AZ",47923
17067954300,"Carthage, IL",47923
4013810300,"Chandler, AZ",47922
25005645101,"Ocean Grove, Swansea, MA",47922
53067011100,"Olympia, WA",47921
48251130405,"Burleson, TX",47921
6029003807,"Polo Grounds, Bakersfield, CA",47920
27053101200,"Northeast Minneapolis, Minneapolis, MN",47919
25005631300,"Attleboro, MA",47919
17197880105,"Bolingbrook, IL",47919
17001010200,"Clayton, IL",47918
6037503402,"East Whitter, Whittier, CA",47918
17097860103,"Winthrop Harbor, IL",47917
15003007502,"Aiea, HI",47917
6067008211,"Orangevale, CA",47916
27123035800,"Saint Paul, MN",47915
46013951800,"Aberdeen, SD",47915
19153000901,"Merle Hay, Des Moines, IA",47915
36065026100,"Oriskany, NY",47915
39175938100,"Carey, OH",47914
19155030100,"Council Bluffs, IA",47914
39075976802,"Millersburg, OH",47913
45045001805,"Greenville, SC",47912
22089062302,"Destrehan, LA",47912
42019902900,"Butler, PA",47912
32031003513,"Sparks, NV",47912
51770002900,"Roanoke, VA",47911
6059099215,"Adams, Huntington Beach, CA",47910
49035101101,"Greater Avenues, Salt Lake City, UT",47910
6037267502,"West Los Angeles, Los Angeles, CA",47909
33015061001,"Exeter, NH",47909
37081012511,"Hamilton Forest, Greensboro, NC",47908
6065040405,"Pedley, Riverside, CA",47907
24041960501,"Easton, MD",47906
26147640600,"Saint Clair, MI",47906
53011040412,"Pleasant Valley, Ridgefield, WA",47905
56021001100,"Warren Air Force Base, WY",47904
8031005102,"East, Denver, CO",47903
36047026400,"Kings County, NY",47903
26093712601,"Howell, MI",47903
34017010300,"Bayonne, NJ",47902
48201322600,"Birnham Woods, Pasadena, TX",47901
6037481402,"San Gabriel, CA",47900
24031700710,"Rockville, MD",47900
42003484600,"Munhall, PA",47899
9011650100,"Lyme, CT",47899
6097150305,"Sonoma, CA",47898
38035012000,"Larimore, ND",47897
4013216830,"Central Scottsdale, Scottsdale, AZ",47897
6087121200,"Santa Cruz, CA",47897
48091310404,"New Braunfels, TX",47897
1125010203,"Northport, AL",47897
17031831000,"Bucktown, Chicago, IL",47895
36063023901,"Lockport, NY",47895
17115001300,"Decatur, IL",47894
20053086700,"Ellsworth, KS",47894
24033806706,"Greenbelt, MD",47894
26125170400,"Berkley, MI",47892
29047020300,"Kansas City, MO",47891
6079012505,"Atascadero, CA",47890
29107090500,"Concordia, MO",47889
32003003311,"Lynbrook, Las Vegas, NV",47889
48161000200,"Fairfield, TX",47888
8059012038,"Willowbrook, Morrison, CO",47888
42003070800,"Shadyside, Pittsburgh, PA",47887
51153901407,"Manassas, VA",47882
25005610100,"Mansfield Center, Mansfield, MA",47882
12115002602,"Englewood, FL",47881
6037109800,"North Hills, Los Angeles, CA",47881
40109108603,"Southwest Oklahoma City, Oklahoma City, OK",47881
19117950200,"Chariton, IA",47881
26125157200,"West Bloomfield Township, MI",47880
6071000403,"Chino, CA",47880
48453001741,"La Hacienda Estates, Austin, TX",47879
8035014006,"Parker, CO",47879
25017341901,"Malden, MA",47879
36001014608,"Westmere, NY",47878
51199050205,"Yorktown, VA",47878
34025800601,"North Middletown, Middletown, NJ",47877
9015902500,"Pomfret Center, Pomfret, CT",47877
23005003400,"South Portland, ME",47877
48453001832,"North Oaks, Austin, TX",47877
46103010904,"Rapid City, SD",47876
53061041606,"Silver Lake, Everett, WA",47876
13057090902,"Woodstock, GA",47876
51760040700,"Museum District, Richmond, VA",47876
22057021100,"Cut Off, LA",47875
47053967300,"Dyer, TN",47874
50007003501,"Charlotte, VT",47874
13121009601,"Buckhead, Atlanta, GA",47874
50007003600,"South Burlington, VT",47874
17043845803,"Lemont, IL",47873
48485012000,"Wichita Falls, TX",47873
55089620100,"Saukville, WI",47872
37183053201,"Park At West Lake, Apex, NC",47872
48039662500,"Angleton, TX",47872
36037950100,"Bergen, NY",47871
42003478200,"Brentwood, PA",47871
6059062635,"Aliso Viejo, CA",47871
36001013801,"Albany, NY",47870
49035113511,"Taylorsville, UT",47870
47165020406,"White House, TN",47869
25023544100,"Carver, MA",47869
34023006101,"North Brunswick Township, NJ",47868
53053071304,"Puyallup, WA",47868
17107953600,"Mount Pulaski, IL",47868
42055011900,"Greencastle, PA",47868
55025000300,"Hill Farms - University, Madison, WI",47866
26115833800,"Temperance, MI",47866
12086007604,"South Miami, FL",47866
48453001854,"Manor, TX",47864
26093740500,"Brighton, MI",47863
55141011500,"Wisconsin Rapids, WI",47863
22051021900,"Metairie, LA",47862
48201555402,"Tomball, TX",47862
25017310200,"Centralville, Lowell, MA",47862
39055310900,"Chardon, OH",47860
6079011800,"Arroyo Grande, CA",47860
51810042201,"North Central, Virginia Beach, VA",47860
51013103502,"Aurora Highlands, Arlington, VA",47860
55045960700,"Monroe, WI",47859
29113810201,"Troy, MO",47858
6019007201,"Kingsburg, CA",47858
36029005400,"Park Meadow, Buffalo, NY",47857
42077002301,"Allentown, PA",47856
36067004400,"Eastside, Syracuse, NY",47856
6013307101,"Antioch, CA",47856
6047002301,"Los Banos, CA",47856
34005700401,"Maple Shade Township, NJ",47856
44007012200,"Johnston, RI",47856
53011040302,"Ridgefield, WA",47856
41067031507,"Cedar Mill, Portland, OR",47855
34023008300,"Jamesburg, NJ",47855
25021400100,"Brookline, MA",47854
6067009310,"Elk Grove, CA",47854
29189215001,"Maryland Heights, MO",47854
26121003700,"Whitehall, MI",47853
6077005004,"Ripon, CA",47853
42029305101,"Coatesville, PA",47853
6037800408,"Central Malibu, Malibu, CA",47853
26093742402,"Howell, MI",47853
32007951300,"Elko, NV",47853
6073016614,"Santee, CA",47853
51041100507,"Chester, VA",47850
42049011201,"Erie, PA",47850
36027060400,"Fishkill, NY",47850
25027723100,"Gilbertville, Hardwick, MA",47848
55025011900,"Deerfield, WI",47847
19153010500,"Des Moines, IA",47847
6037501501,"Whittier, CA",47847
25027733101,"Hadwen Park, Worcester, MA",47847
34017001000,"The Heights, Jersey City, NJ",47847
27037060721,"Eagan, MN",47847
6073013420,"Rancho del Rey, Chula Vista, CA",47846
20173010004,"Derby, KS",47846
39061024800,"Cincinnati, OH",47846
39159050400,"Marysville, OH",47845
55135100900,"New London, WI",47843
26125191100,"Rochester, MI",47843
23031025300,"Biddeford, ME",47842
6037460100,"Altadena, CA",47841
6083002010,"Santa Maria, CA",47841
19149970200,"Le Mars, IA",47840
55069960400,"Merrill, WI",47839
55079120300,"Greenfield, WI",47839
34027043600,"Morristown, NJ",47839
48135000800,"Odessa, TX",47838
24019970702,"Cambridge, MD",47838
41005022603,"Caufield, Oregon City, OR",47838
34005703201,"Southampton Township, NJ",47837
31107976300,"Wausa, NE",47836
48201240400,"Houston, TX",47836
48201250500,"Atascocita Timbers, Humble, TX",47836
6113011204,"Woodland, CA",47835
9007541200,"Middletown, CT",47835
36071014700,"Warwick, NY",47835
34025807400,"Monmouth County, NJ",47834
42021012700,"Lilly, PA",47833
53053060600,"North End, Tacoma, WA",47833
17183010400,"Danville, IL",47833
39035174203,"North Olmsted, OH",47833
40143007516,"Broken Arrow, OK",47832
18087970600,"Wolcottville, IN",47831
13121010121,"Atlanta, GA",47831
6001420100,"Albany, CA",47831
6059062647,"Laguna Woods, CA",47831
48439111534,"Southwest Arlington, Arlington, TX",47830
42051261600,"Uniontown, PA",47830
45045002811,"Greenville, SC",47829
48341950200,"Dumas, TX",47829
12086009305,"Miami Lakes, FL",47829
22109001100,"Montegut, LA",47828
33015101100,"Plaistow, NH",47828
27111961300,"Deer Creek, MN",47828
46083010400,"Beresford, SD",47827
48237950500,"Jacksboro, TX",47827
39035177406,"Parma, OH",47827
36061004700,"Lower Manhattan, New York, NY",47826
24021775600,"New Market, MD",47826
12103027208,"Pipers Meadow, Palm Harbor, FL",47826
4005000700,"Flagstaff, AZ",47825
6013355108,"Antioch, CA",47825
36119000203,"Ludlow, Yonkers, NY",47825
42073011600,"Ellwood City, PA",47824
6073020014,"Carlsbad, CA",47823
1097005600,"Satsuma, AL",47823
36047050000,"Kings County, NY",47822
6059011708,"Fullerton, CA",47820
37101041002,"Clayton, NC",47819
6111006600,"Thousand Oaks, CA",47818
26065005001,"Okemos, Meridian charter Township, MI",47818
23003950600,"Fort Kent, Fort Kent, ME",47818
48325000200,"D'Hanis, TX",47818
48491020602,"The Hermitage, Round Rock, TX",47818
27053026815,"Brooklyn Park, MN",47818
53061053504,"Arlington, WA",47817
49035112920,"West Jordan, UT",47817
48167721500,"Kemah, TX",47816
27145000901,"St. Cloud, MN",47816
19113000600,"Marion, IA",47816
26077003002,"Schoolcraft, MI",47815
15003009200,"Wahiawa, HI",47814
48121021406,"Denton, TX",47813
22109000202,"Houma, LA",47812
8107000400,"Steamboat Springs, CO",47812
12105014005,"Winter Haven, FL",47810
26125194400,"Rochester Hills, MI",47810
55043960300,"Fennimore, WI",47809
34003021200,"Garfield, NJ",47808
36067010322,"Cicero, NY",47807
27037060821,"Lakeville, MN",47805
25017341500,"Malden, MA",47805
48201452300,"Southwest Houston, Houston, TX",47805
42043023100,"Paxtang, PA",47805
8097000401,"Aspen, CO",47804
26163597000,"Gibraltar, MI",47803
32003005805,"Canyon Gate, Las Vegas, NV",47803
36029015800,"Springville, NY",47803
6073009704,"San Carlos, San Diego, CA",47802
49049002901,"Springville, UT",47802
20023950200,"Saint Francis, KS",47801
41067032603,"Jackson School, Hillsboro, OR",47801
26049011213,"Grand Blanc, MI",47800
51041100921,"Richmond, VA",47799
12103027322,"Windemere, Palm Harbor, FL",47799
13135050530,"Lawrenceville, GA",47799
19113001600,"Cedar Rapids, IA",47799
39013011400,"Bellaire, OH",47798
25027710300,"Fitchburg, MA",47797
49035113537,"West Valley City, UT",47797
6077005134,"Manteca, CA",47796
17161021800,"Moline, IL",47796
6059011503,"Fullerton, CA",47796
53061053201,"Stanwood, WA",47795
22045030700,"New Iberia, LA",47794
37025042504,"Concord, NC",47793
13029920306,"Buckhead, Richmond Hill, GA",47793
17031170200,"Dunning, Chicago, IL",47793
12086018900,"Miami, FL",47792
40109108315,"Brasswood, Oklahoma City, OK",47792
6001438400,"Glen Eden, Hayward, CA",47792
42129801703,"Apollo, PA",47791
39153531401,"Uniontown, OH",47791
51099040100,"King George, VA",47789
6017030807,"Shingle Springs, CA",47788
53033001400,"North Beach/ Blue Ridge, Seattle, WA",47788
6077004305,"Lodi, CA",47787
39159050304,"Marysville, OH",47786
6013333101,"Concord, CA",47786
6073020027,"San Marcos, CA",47786
6061021304,"Lincoln, CA",47784
6011000100,"Arbuckle, CA",47784
6061020712,"Sierra Gardens, Roseville, CA",47783
17197882900,"Rockdale, IL",47783
48355005406,"Corpus Christi, TX",47782
17197883211,"Joliet, IL",47781
42095017501,"Easton, PA",47780
22045030200,"New Iberia, LA",47780
6077005114,"Manteca, CA",47779
25023511701,"Brockton, MA",47779
9005253100,"New Milford, CT",47779
20147475200,"Prairie View, KS",47779
18179040100,"Ossian, IN",47777
36029010902,"Buffalo, NY",47777
29099700115,"Arnold, MO",47777
34029723400,"Toms River, NJ",47777
55065970200,"Darlington, WI",47776
17031320600,"South Loop, Chicago, IL",47776
17001010500,"Quincy, IL",47776
19103010301,"North Liberty, IA",47774
36083041400,"Troy, NY",47774
56021001401,"Cheyenne, WY",47774
24003740900,"Odenton, MD",47774
48201340500,"Clear Lake, Houston, TX",47774
18113972100,"Ligonier, IN",47773
55087011102,"Appleton, WI",47773
36065022200,"Rome, NY",47773
51095080206,"Williamsburg, VA",47773
9001043800,"Norwalk, CT",47772
22063040802,"Livingston, LA",47771
39011041100,"Wapakoneta, OH",47771
36103146300,"Central Islip, NY",47771
41051000401,"Southeast Portland, Portland, OR",47770
39043041800,"Milan, OH",47770
42129806900,"Mount Pleasant, PA",47769
6073008356,"Mira Mesa, San Diego, CA",47769
6081601502,"Daly City, CA",47769
12103026813,"Clearwater, FL",47769
12021010106,"Naples, FL",47768
13135050108,"Sugar Hill, GA",47768
6037214502,"Central LA, Los Angeles, CA",47768
49049003001,"Springville, UT",47767
53033020401,"Ballinger, Shoreline, WA",47767
6001422700,"Southside, Berkeley, CA",47766
40109108220,"Edmond, OK",47766
42055012501,"Waynesboro, PA",47765
26099261900,"Warren, MI",47765
26093740200,"Livingston County, MI",47764
4013420209,"Alta Mesa Community Association, Mesa, AZ",47762
55025001403,"Fitchburg, WI",47762
17031804306,"Streamwood, IL",47762
6065043235,"Winchester, CA",47762
25021417701,"Quincy, MA",47760
55045960200,"New Glarus, WI",47760
51810046016,"Virginia Beach, VA",47757
17001010300,"Liberty, IL",47756
53053071305,"Tacoma, WA",47755
36083051902,"Troy, NY",47755
36001013400,"Watervliet, NY",47755
34025810700,"Freehold, NJ",47754
17031823400,"Blue Island, IL",47754
12117021504,"Longwood, FL",47754
32005001200,"Gardnerville, NV",47753
25021421100,"Holbrook, MA",47753
6073014602,"La Mesa, CA",47753
18129040500,"Mount Vernon, IN",47752
39157020100,"Strasburg, OH",47751
56025001800,"Casper, WY",47751
6059076208,"Orange, CA",47750
36113070702,"Glens Falls North, Queensbury, NY",47750
22005030206,"Gonzales, LA",47750
36069050202,"Farmington, NY",47748
27041450701,"Alexandria, MN",47747
46099001901,"Sioux Falls, SD",47747
36121971000,"Arcade, NY",47747
36065025700,"Waterville, NY",47747
37147000301,"Greenville, NC",47745
6065940600,"Rancho Mirage, CA",47745
48439113921,"Fort Worth, TX",47745
8041003305,"Colorado Springs, CO",47744
55111000700,"Sauk City, WI",47743
5085020201,"Cabot, AR",47743
6085506402,"West San Jose, San Jose, CA",47742
42011013302,"Barto, PA",47742
19131560200,"Saint Ansgar, IA",47742
26125125600,"Holly, MI",47742
48029191303,"Uptown, San Antonio, TX",47741
1101002700,"Montgomery, AL",47741
9013890202,"Stafford Springs, Stafford, CT",47740
42041010700,"New Cumberland, PA",47739
13067031307,"Mableton, GA",47738
25027757500,"Southbridge, MA",47738
39057210300,"Dayton, OH",47737
54077964400,"Newburg, WV",47736
36081003400,"Queens County, NY",47736
6037408623,"Hacienda Heights, CA",47736
48121021521,"The Colony, TX",47736
36055011400,"Webster, NY",47735
6085505301,"Santa Clara, CA",47734
26163575100,"Dearborn, MI",47734
37183053411,"Cary, NC",47732
34023000300,"Dunellen, NJ",47732
30097967000,"Big Timber, MT",47732
29183310302,"Saint Charles, MO",47731
8045951600,"Glenwood Springs, CO",47731
36091060601,"Greenfield Center, NY",47731
48453002407,"Manchaca, TX",47731
25005631800,"Attleboro, MA",47729
17021959000,"Palmer, IL",47727
33015067501,"Newmarket, NH",47727
20173010802,"Wichita, KS",47727
25017350700,"West Somerville, Somerville, MA",47726
40029388200,"Tupelo, OK",47724
44001030200,"Barrington, RI",47724
4013422509,"Heritage Cove At Wind Drift, Gilbert, AZ",47723
53033030003,"Des Moines, WA",47722
48453001768,"Austin, TX",47722
12011110308,"Pembroke Pines, FL",47722
48113000701,"Cityplace, Dallas, TX",47721
9007610300,"Clinton, CT",47721
12115001801,"Sarasota, FL",47720
48453001858,"Pflugerville, TX",47720
31109001002,"Culler, Lincoln, NE",47720
37119005712,"Matthews, NC",47719
36071013202,"Washingtonville, NY",47719
47125101400,"Fort Campbell, TN",47718
26115831000,"Monroe, MI",47718
6065045123,"Indian Wells, CA",47715
24031703403,"Silver Spring, MD",47715
27015960300,"New Ulm, MN",47715
53033023604,"Lake Hills, Bellevue, WA",47715
25015822605,"Chesterfield, MA",47715
42095014100,"Easton, PA",47712
6013319000,"Martinez, CA",47712
18063210802,"Plainfield, IN",47711
21111011508,"Highview, Louisville, KY",47709
29021000100,"Saint Joseph, MO",47709
31055003500,"South Central Omaha, Omaha, NE",47708
35015000900,"Artesia, NM",47706
38041964700,"Mott, ND",47705
47157020635,"Easthill, Bartlett, TN",47704
24003731309,"Riviera Beach, MD",47703
42125764000,"Bentleyville, PA",47703
31055007435,"North Central Omaha, Omaha, NE",47702
20091052908,"Devonshire, Olathe, KS",47702
17201003904,"Roscoe, IL",47702
53011040910,"Vancouver, WA",47699
36091062100,"Stillwater, NY",47699
13067030214,"Kennesaw, GA",47698
27067780200,"Sunburg, MN",47698
13113140203,"Tyrone, GA",47698
48473680600,"Hockley, TX",47697
53011041309,"Wildwood, Vancouver, WA",47696
34017018702,"Hoboken, NJ",47695
27109001601,"Rochester, MN",47694
17197880202,"Romeoville, IL",47694
32003003234,"Spinnaker Homes At Centennial Hills, Las Vegas, NV",47694
6059099227,"Fountain Valley, CA",47693
39057280300,"Wright-Patterson Air Force Base, OH",47692
36047021200,"Kings County, NY",47692
26139021202,"Grand Haven, MI",47691
48491020313,"Cedar Park, TX",47691
24033800517,"Upper Marlboro, MD",47691
42069110500,"Clarks Summit, PA",47691
49049003402,"Payson, UT",47691
13117130613,"Cumming, GA",47689
28033070520,"Southaven, MS",47687
48141010214,"High Ridge, El Paso, TX",47685
39167021600,"Waterford, OH",47685
25001012601,"Hyannis, Barnstable, MA",47684
6001436000,"San Lorenzo, CA",47684
42079216200,"Berwick, PA",47683
48439104202,"Westcliff, Fort Worth, TX",47683
39041010421,"Delaware, OH",47682
6037431300,"Monrovia, CA",47682
26093741602,"Brighton, MI",47682
29013070100,"Adrian, MO",47681
8059009849,"Lakota Hills, Golden, CO",47680
12115002007,"Sarasota, FL",47680
36081092500,"Queens County, NY",47680
36121970100,"Wyoming, NY",47680
25023530901,"Plymouth, MA",47679
39061020811,"Monfort Heights East, Cincinnati, OH",47679
48157672602,"Mission Glen Estates, Houston, TX",47677
48013960402,"Pleasanton, TX",47677
36051030202,"Avon, NY",47676
54051021300,"Benwood, WV",47675
24031700614,"Germantown, MD",47675
28067950401,"Laurel, MS",47675
42045403800,"Prospect Park, PA",47675
48409010602,"Portland, TX",47675
26037010701,"Saint Johns, MI",47673
37119002003,"Stonehaven, Charlotte, NC",47673
48245011201,"Beaumont, TX",47672
37183053008,"Southwest Raleigh, Raleigh, NC",47671
13067030507,"Marietta, GA",47670
20121100500,"Paola, KS",47670
17031071500,"Lincoln Park, Chicago, IL",47668
6095252911,"Vacaville, CA",47668
55055100700,"Johnson Creek, WI",47667
34023002701,"Avenel, Woodbridge Township, NJ",47667
17141960800,"Forreston, IL",47667
15003000302,"Kuliouou - Kalani Iki, Honolulu, HI",47667
12086000115,"Golden Beach, FL",47666
36081011800,"Queens County, NY",47666
53033005900,"North Queen Anne, Seattle, WA",47666
6061022600,"Highland Reserve, Roseville, CA",47666
36063024405,"Lewiston, NY",47664
12099005405,"South Palm Beach, FL",47662
29099700119,"Arnold, MO",47661
28033070722,"Olive Branch, MS",47661
36087011000,"Nyack, NY",47660
27007450100,"Bemidji, MN",47659
51161030600,"Roanoke, VA",47658
42041011901,"Carlisle, PA",47657
36081012500,"Queens County, NY",47656
36081025302,"Queens County, NY",47655
48135002200,"Odessa, TX",47654
42069102800,"East Mountain, Scranton, PA",47653
22033004010,"South Baton Rouge, Baton Rouge, LA",47653
33015100100,"Salem, NH",47653
20177003902,"Berryton, KS",47651
51149850501,"Disputanta, VA",47651
39103408302,"Medina, OH",47650
55079101700,"West Allis, WI",47650
36047020000,"Kings County, NY",47649
26125121400,"Oakland County, MI",47648
9009348111,"Southbury, CT",47647
47189030204,"Lebanon, TN",47647
19195690300,"Manly, IA",47647
6059099603,"Huntington Beach, CA",47644
6001440307,"Union City, CA",47644
27123037403,"Highwood, Saint Paul, MN",47643
27047180300,"Albert Lea, MN",47642
41003000900,"Corvallis, OR",47642
6059042113,"San Clemente, CA",47641
48085031712,"Far North Dallas, Dallas, TX",47640
53011041328,"Fisher's Landing East, Vancouver, WA",47639
6077005122,"Manteca, CA",47639
39173020402,"Perrysburg, OH",47639
44007013702,"Cranston, RI",47638
6037700501,"Central LA, West Hollywood, CA",47637
48251130406,"Burleson, TX",47637
6055201601,"Saint Helena, CA",47637
17113005601,"Colfax, IL",47637
55079020700,"Tippecanoe, Milwaukee, WI",47637
8013012507,"Martin Acres, Boulder, CO",47636
6037543603,"Harbor City, West Carson, CA",47636
6073017801,"Carlsbad, CA",47636
33013040000,"Henniker, Henniker, NH",47635
22087030700,"Chalmette, LA",47634
25013810412,"Ludlow, MA",47634
27023950500,"Montevideo, MN",47633
36071011801,"Slate Hill, NY",47633
6059042307,"Laguna Hills, CA",47633
49035112501,"Midvale, UT",47632
47157020820,"Lakeland, TN",47631
12081002014,"Bradenton, FL",47631
6099003603,"Turlock, CA",47630
6013302006,"Oakley, CA",47630
5063490500,"Batesville, AR",47630
18069961700,"Huntington, IN",47629
12103025016,"Seminole, FL",47628
48375010100,"Amarillo, TX",47627
18023950300,"Mulberry, IN",47627
26161403400,"Haisley, Ann Arbor, MI",47627
48201350200,"Southbelt/ Ellington, Houston, TX",47626
49035103800,"Sugar House, Salt Lake City, UT",47624
48187210709,"Northeast Side, Schertz, TX",47623
48375013200,"Amarillo, TX",47622
42043025300,"Millersburg, PA",47621
19043070500,"Colesburg, IA",47621
34001010505,"Galloway, NJ",47621
51041101009,"Chesterfield, VA",47620
55141010800,"Pittsville, WI",47619
6069000501,"Hollister, CA",47619
8005084800,"Prides Crossing, Aurora, CO",47618
6055200400,"Napa, CA",47617
19033950900,"Clear Lake, IA",47615
6037211500,"Central LA, Los Angeles, CA",47613
8045951901,"Silt, CO",47613
34013015900,"Bloomfield, NJ",47613
53033020700,"Richmond Highlands, Shoreline, WA",47613
21111010800,"Hikes Point, Louisville, KY",47613
39153530903,"Tallmadge, OH",47612
44007012102,"North Providence, RI",47612
13151070109,"Stockbridge, GA",47612
6049000400,"Cedarville, CA",47612
42079210100,"Pittston, PA",47611
34005702500,"Mount Holly, NJ",47611
27067780700,"Willmar, MN",47610
47165020603,"Gallatin, TN",47608
17111871205,"Lake in the Hills, IL",47608
29095014400,"Highview Estates, Kansas City, MO",47608
42091200908,"Lansdale, PA",47607
42003420000,"Blawnox, PA",47606
53061053802,"Sultan, WA",47606
51153901226,"Dale City, VA",47605
34029734001,"Barnegat, Barnegat Township, NJ",47605
8069002300,"Fort Collins, CO",47604
26099242000,"Clinton Township, MI",47604
42003419000,"Cheswick, PA",47604
36061004100,"Lower Manhattan, New York, NY",47604
42017105810,"Levittown, PA",47604
39049007047,"Deer Creek, Worthington, OH",47603
6037111202,"Granada Hills, Los Angeles, CA",47602
6059075812,"Orange, CA",47602
39113115012,"Vandalia, OH",47602
48201532400,"Northside, Houston, TX",47601
6085503802,"Alum Rock, San Jose, CA",47601
4013617200,"Paradise Valley Village, Phoenix, AZ",47600
55025013100,"Mazomanie, WI",47600
18139974500,"Rushville, IN",47599
55079101400,"West Allis, WI",47599
6085509600,"Old Mountain View, Mountain View, CA",47599
17031811301,"Melrose Park, IL",47598
25013812404,"West Springfield, MA",47597
49005000401,"North Logan, UT",47596
42073010800,"New Castle, PA",47595
4013813600,"Chandler, AZ",47594
24003702601,"Annapolis, MD",47593
27027020100,"Moorhead, MN",47593
16051960200,"Lewisville, ID",47592
26037010802,"Saint Johns, MI",47591
34037373700,"Newton, NJ",47591
1117030605,"Alabaster, AL",47591
36071013400,"Monroe, NY",47590
6113010302,"West Sacramento, CA",47589
26017286100,"Kawkawlin, MI",47589
16001002223,"Southwest Ada County Alliance, Boise, ID",47589
29077004102,"Springfield, MO",47587
19153000201,"Douglas Acres, Des Moines, IA",47587
42125721000,"Avella, PA",47586
18089042000,"Hobart, IN",47585
55011960200,"Mondovi, WI",47585
6073019903,"Vista, CA",47584
55059000602,"Kenosha, WI",47584
26099252100,"Saint Clair Shores, MI",47583
20069962600,"Cimarron, KS",47582
51179010503,"Fredericksburg, VA",47582
26125121500,"Oakland County, MI",47581
21037052200,"Bellevue, KY",47581
17097861202,"Round Lake Beach, IL",47580
6073020026,"San Marcos, CA",47580
36061016900,"Upper West Side, New York, NY",47580
9009170600,"Meriden, CT",47578
49049000709,"Windsor North, Orem, UT",47577
48029121122,"Uptown, San Antonio, TX",47576
20045001600,"West Lawrence, Lawrence, KS",47575
27161790200,"New Richland, MN",47574
27133570100,"Luverne, MN",47573
48187210708,"Cibolo, TX",47573
25027722100,"Barre, MA",47572
23031036002,"York, ME",47572
42067070100,"Mifflintown, PA",47571
53011040908,"Felida-Starcrest, Vancouver, WA",47571
42125715700,"McDonald, PA",47571
8123002102,"Johnstown, CO",47570
34007608302,"Camden County, NJ",47570
48139060702,"Midlothian, TX",47568
6067008010,"Skyline Park, Fair Oaks, CA",47568
12011010605,"Pompano Beach, FL",47567
48227950200,"Big Spring, TX",47566
25013810414,"Ludlow, MA",47566
51041100106,"Bon Air, VA",47566
6097152904,"Santa Rosa, CA",47564
36029015600,"Irving, NY",47563
20005081600,"Effingham, KS",47563
20169001200,"Assaria, KS",47563
42071014300,"Christiana, PA",47563
34029725001,"Beachwood, NJ",47563
34031124500,"Clifton, NJ",47562
42011012300,"Reading, PA",47562
29510113500,"The Hill, St. Louis, MO",47561
27093560400,"Litchfield, MN",47560
56017967800,"Thermopolis, WY",47560
24003740701,"Odenton, MD",47559
20069962700,"Montezuma, KS",47559
39109355001,"Tipp City, OH",47559
13117130303,"Cumming, GA",47558
26125144100,"Waterford Township, MI",47558
32003003309,"Las Vegas, NV",47558
12086017900,"Miami, FL",47557
27053023000,"Brooklawns, Minneapolis, MN",47556
19067480100,"Charles City, IA",47555
27053020903,"Forest, Crystal, MN",47555
17031151100,"Portage Park, Chicago, IL",47554
15003001000,"Palolo, Honolulu, HI",47554
6067007018,"Natomas Crossing, Sacramento, CA",47554
42077006701,"Allentown, PA",47554
17163504354,"O'Fallon, IL",47553
12103026812,"Northwood, Clearwater, FL",47553
12031014330,"Arlington, Jacksonville, FL",47553
4013420602,"Mesa, AZ",47553
46035962700,"Mitchell, SD",47553
17031140400,"Albany Park, Chicago, IL",47552
17193958100,"Carmi, IL",47552
12095016002,"Winter Park, FL",47551
8097000402,"Aspen, CO",47551
36061010900,"Garment District, New York, NY",47549
6029006006,"Tehachapi, CA",47549
44009051306,"West Kingston, South Kingstown, RI",47549
12086007701,"Miami, FL",47548
41051010600,"Downtown, Portland, OR",47547
6073020015,"Carlsbad, CA",47546
49049003103,"Springville, UT",47545
46105968300,"Shadehill, SD",47545
53063010100,"Newman Lake, WA",47545
6059075811,"Orange, CA",47545
29005950200,"Rock Port, MO",47544
55117010100,"Cleveland, WI",47543
39035136102,"Broadview Heights, OH",47542
19001960200,"Greenfield, IA",47542
12009064102,"Melbourne, FL",47542
47165021204,"Hendersonville, TN",47542
10005050901,"Lewes, DE",47541
36029014803,"Akron, NY",47540
17113001200,"Bloomington, IL",47539
39095009800,"Oregon, OH",47538
55063010300,"La Crosse, WI",47538
16001010225,"Eagle, ID",47538
38093967500,"Jamestown, ND",47538
6037403600,"Covina, CA",47538
42043022401,"Harrisburg, PA",47537
6059110607,"Buena Park, CA",47535
26099261200,"Warren Woods, Warren, MI",47535
42101018002,"North Philadelphia, Philadelphia, PA",47534
13223120204,"Dallas, GA",47534
1117030214,"Chelsea, AL",47534
48113013902,"Farmers Branch, TX",47530
26139021100,"Spring Lake, MI",47530
4013050607,"Buckeye, AZ",47530
19061000900,"Dubuque, IA",47528
44007013002,"Oakland, Burrillville, RI",47528
53033032005,"Covington, WA",47527
22071012101,"Audubon, New Orleans, LA",47526
29031880300,"Whitewater, MO",47525
6067005801,"Carmichael, CA",47524
51013102600,"Douglas Park, Arlington, VA",47523
41009971000,"Scappoose, OR",47523
16041970200,"Preston, ID",47522
42055011800,"Greencastle, PA",47521
8069001106,"Omega, Fort Collins, CO",47520
41051006404,"Mount Park, Lake Oswego, OR",47519
51015070300,"Mount Sidney, VA",47519
36081085700,"Queens County, NY",47518
29095013408,"South Kansas City, Kansas City, MO",47518
51550021010,"Great Bridge, Chesapeake, VA",47517
48085031624,"Dallas North Estates, Plano, TX",47517
6053013100,"La Mesa Military Housing Complex, Monterey, CA",47517
48121021519,"The Colony, TX",47516
26077002005,"West Portage, Portage, MI",47514
27169670900,"Lewiston, MN",47514
39107967300,"Celina, OH",47514
34029734002,"Barnegat, Barnegat Township, NJ",47512
27049080700,"Kenyon, MN",47512
1117030314,"Hoover, AL",47512
15003007303,"Hickam Field, Joint Base Pearl Harbor-Hickam, HI",47512
36081001000,"Queens County, NY",47511
27017070600,"Cromwell, MN",47511
13151070204,"Stockbridge, GA",47511
22001960800,"Crowley, LA",47511
36081112300,"Queens County, NY",47511
26163551500,"Harper Woods, MI",47510
26049010610,"Flushing, MI",47510
35001940500,"North Albuquerque Acres, Albuquerque, NM",47509
6067004005,"Pocket, Sacramento, CA",47508
28073020202,"Hattiesburg, MS",47508
39113040203,"Centerville, OH",47507
34007608800,"West Berlin, NJ",47507
49049000903,"Orchard South, Orem, UT",47507
48339690402,"Magnolia, TX",47507
42011011904,"Douglassville, PA",47506
42055011302,"Chambersburg, PA",47506
12086012200,"Hialeah, FL",47505
42125763700,"Washington County, PA",47503
48199030600,"Lumberton, TX",47502
5119003304,"North Little Rock, AR",47502
26099251800,"Saint Clair Shores, MI",47501
12117022205,"Casselberry, FL",47501
25027725100,"North Brookfield, North Brookfield, MA",47500
6059099242,"Huntington Beach, CA",47499
39099811001,"Youngstown, OH",47499
6111001206,"Ventura, CA",47498
9005262100,"Sharon, CT",47498
42071011802,"Lancaster, PA",47498
29165030101,"Parkdale - Walden, Kansas City, MO",47498
4015952001,"Bullhead City, AZ",47497
6113011300,"Winters, CA",47496
32013010701,"Winnemucca, NV",47496
6037702300,"Sunset Park, Santa Monica, CA",47496
37071033303,"Gastonia, NC",47495
34021004204,"Princeton, NJ",47495
17119401800,"East Alton, IL",47494
36063023200,"North Tonawanda, NY",47494
34007603301,"Cherry Hill, NJ",47494
4013319903,"South Tempe, Tempe, AZ",47493
48041002011,"College Station, TX",47492
27097780200,"Little Falls, MN",47492
18163000500,"Gum-Bayard-Chandler, Evansville, IN",47492
46033965100,"Custer, SD",47492
55079050102,"Brown Deer, WI",47491
29189219800,"St. Louis, MO",47491
16001000802,"Southeast Boise, Boise, ID",47490
32003003411,"Las Vegas, NV",47489
20035493900,"Arkansas City, KS",47489
39005970600,"Ashland, OH",47488
53011040413,"Battle Ground, WA",47488
53035092802,"Port Orchard, WA",47488
55079100700,"West Allis, WI",47487
36047027200,"Kings County, NY",47487
39095008800,"Holland, OH",47487
6037189102,"Central LA, Los Angeles, CA",47487
8031003202,"Cheesman Park, Denver, CO",47487
39049007203,"New Albany Links, New Albany, OH",47486
26037010902,"DeWitt, MI",47486
55117010602,"Sheboygan Falls, WI",47486
42107003900,"Pine Grove, PA",47485
27097780500,"Pierz, MN",47484
6059001903,"Fullerton, CA",47484
17193958200,"Crossville, IL",47484
37025042601,"Concord, NC",47483
34005700408,"Maple Shade Township, NJ",47483
55009000402,"Green Bay, WI",47482
36029007800,"Tonawanda, NY",47481
36081056400,"Queens County, NY",47480
12109020601,"Ponte Vedra Beach, FL",47479
36055007801,"East Avenue, Rochester, NY",47477
34025808002,"Neptune City, NJ",47477
6059042114,"San Clemente, CA",47477
48121021516,"The Colony, TX",47477
51810046223,"Virginia Beach, VA",47477
12086007605,"Miami, FL",47476
17113000501,"Normal, IL",47476
47189030901,"Mount Juliet, TN",47475
51153901409,"Bristow, VA",47475
25005651001,"New Bedford, MA",47475
12057011516,"Carrollwood Springs, Tampa, FL",47472
46127020300,"North Sioux City, SD",47471
24043010200,"Hagerstown, MD",47471
42133022500,"Glenville, PA",47470
55027962000,"Watertown, WI",47470
20015020600,"Benton, KS",47470
9001110201,"Shelton, CT",47469
31109002800,"Indian Village, Lincoln, NE",47469
6037551402,"Downey, CA",47468
29071800602,"Union, MO",47468
26161447000,"Chelsea, MI",47466
17147954600,"Monticello, IL",47466
29019001701,"Ashland, MO",47465
18003010807,"Bridlewood, Fort Wayne, IN",47465
36081030904,"Queens County, NY",47465
48157675400,"Rosenberg, TX",47465
36051030600,"Lima, NY",47464
12127090903,"DeBary, FL",47464
36103146703,"Bay Shore, NY",47463
6013334001,"Concord, CA",47463
19107080300,"Sigourney, IA",47462
40047001200,"Waukomis, OK",47461
17031804404,"Elgin, IL",47461
27141031500,"St. Cloud, MN",47461
20091053602,"Montclaire, Olathe, KS",47461
24005400702,"Baltimore, MD",47460
20015020203,"Andover, KS",47459
25011040900,"South Deerfield, Deerfield, MA",47459
24013503000,"Westminster, MD",47459
29071801102,"Sullivan, MO",47459
17089853004,"North Aurora, IL",47458
55081950800,"Monroe County, WI",47455
6073016809,"El Cajon, CA",47455
6037403317,"Westmont, Pomona, CA",47455
25017357600,"Belmont, MA",47453
6065044917,"Rancho Mirage, CA",47453
39069000600,"Deshler, OH",47452
8031006814,"Southeast, Denver, CO",47452
12099007740,"Boca Raton, FL",47451
1103005107,"Decatur, AL",47450
6059110302,"Buena Park, CA",47448
53061053801,"Monroe, WA",47448
42001031201,"Gettysburg, PA",47448
26045021201,"Eaton Rapids, MI",47448
48201321600,"Wedgewood, Pasadena, TX",47446
42005951300,"Leechburg, PA",47446
17119402803,"Edwardsville, IL",47445
6065042623,"Moreno Valley, CA",47445
34009020700,"Cape May County, NJ",47445
41047010503,"Silverton, OR",47445
29099700603,"Barnhart, MO",47445
32031002106,"Mira Loma, Reno, NV",47443
24013507602,"Westminster, MD",47441
6037550602,"Downey, CA",47440
13067031118,"Smyrna, GA",47440
48029121117,"Oak Haven Heights, San Antonio, TX",47440
6065043315,"Hemet, CA",47440
6065042717,"Menifee, CA",47439
36047059800,"Kings County, NY",47439
6037141302,"Sherman Oaks, Los Angeles, CA",47439
6067008145,"Sunrise Knolls, Orangevale, CA",47438
20173009511,"Wichita, KS",47438
17179021102,"Pekin, IL",47437
42129805901,"Belle Vernon, PA",47437
12011010611,"Kensington, Coral Springs, FL",47435
8069001606,"Willow Springs, Fort Collins, CO",47435
6085508704,"Sunnyvale, CA",47433
6079012600,"Atascadero, CA",47432
9003480500,"Thompsonville, Enfield, CT",47432
6059021826,"Yorba Linda, CA",47430
39035141400,"Cleveland Heights, OH",47429
37119005831,"Touchstone Village, Charlotte, NC",47429
55079018100,"Bay View, Milwaukee, WI",47429
21111011517,"Louisville, KY",47429
22099021000,"Pierre Part, LA",47426
24035810300,"Chestertown, MD",47425
48113013803,"Farmers Branch, TX",47425
53053071206,"Puyallup, WA",47424
36081118500,"Queens County, NY",47423
31073967600,"Elwood, NE",47423
29147470500,"Maryville, MO",47423
49035113413,"West Valley City, UT",47422
49005000201,"Smithfield, UT",47422
36117020201,"Walworth, NY",47421
6075021800,"Glen Park, San Francisco, CA",47420
46101959600,"Egan, SD",47420
39017001300,"Hamilton, OH",47420
42003080600,"Bloomfield, Pittsburgh, PA",47420
55025010300,"Madison, WI",47420
26099250600,"Saint Clair Shores, MI",47419
12011110307,"Pembroke Pines, FL",47418
39035154604,"Garfield Heights, OH",47418
42003404000,"Creighton, PA",47417
4003001402,"Fort Huachuca, Sierra Vista, AZ",47416
6001442302,"Irvington, Fremont, CA",47415
5143010509,"Springdale, AR",47415
6075023001,"Bayview, San Francisco, CA",47415
39051040500,"Delta, OH",47415
53033002500,"Northeast Seattle, Seattle, WA",47414
12086010610,"Cutler Bay, FL",47414
4027010907,"Estrella At Mesa Del Sol, Yuma, AZ",47413
51165011600,"Bridgewater, VA",47413
25017352200,"East Cambridge, Cambridge, MA",47412
41067033500,"Banks, OR",47412
6037117302,"Northridge, Los Angeles, CA",47412
53061052604,"Lake Stevens, WA",47412
47065011325,"Chattanooga, TN",47412
42125795900,"Brownsville, PA",47412
6067009322,"Elk Grove, CA",47411
18043070901,"New Albany, IN",47411
34023008501,"Monmouth Junction, South Brunswick Township, NJ",47411
36081125700,"Queens County, NY",47410
10003016602,"Middletown, DE",47410
48029181826,"Northwest Side, San Antonio, TX",47410
4013811800,"Pecos Vistas, Chandler, AZ",47408
4013422222,"Dobson Ranch, Mesa, AZ",47408
25017342300,"Everett, MA",47407
53073010200,"Everson, WA",47406
42077006906,"Lehigh County, PA",47405
27037060743,"Eagan, MN",47405
16067970300,"Rupert, ID",47405
45013010100,"Hilton Head Island, SC",47404
26125197300,"Troy, MI",47404
17201003901,"Rockton, IL",47404
39051040100,"Swanton, OH",47402
6061020501,"Newcastle, CA",47402
29189219900,"St. Louis, MO",47402
39023002601,"New Carlisle, OH",47402
42051262701,"Farmington, PA",47402
48409010601,"Portland, TX",47401
36055015000,"Churchville, NY",47401
18043071007,"New Albany, IN",47400
6085500600,"Central San Jose, San Jose, CA",47400
17031814800,"Berwyn, IL",47397
26161445000,"Chelsea, MI",47397
35025000900,"Jal, NM",47397
18141012300,"Lakeville, IN",47396
39113040102,"Woodbourne-Hyde Park, OH",47396
17031180100,"Montclare, Chicago, IL",47396
6071007903,"Highland, CA",47395
39089756201,"Reynoldsburg, OH",47395
49049000604,"Lindon, UT",47394
42045403300,"Clifton Heights, PA",47393
12099007724,"Wellington, FL",47393
48439113630,"Bedford, TX",47393
32003005337,"Green Valley Ranch, Henderson, NV",47393
36029010600,"Cheektowaga, NY",47393
27097780300,"Little Falls, MN",47392
24025306400,"Havre de Grace, MD",47391
42071012402,"Akron, PA",47391
11001000501,"Northwest Washington, Washington, DC",47390
8013061400,"Superior, CO",47390
49035114100,"Sugar House, Salt Lake City, UT",47389
8014030100,"Broomfield, CO",47388
42099030601,"Loysville, PA",47388
42079211702,"Wilkes-Barre, PA",47387
11001007301,"Southwest Washington, Washington, DC",47387
37135011902,"Chapel Hill, NC",47387
37001020602,"Burlington, NC",47386
20177003400,"Topeka, KS",47386
34001010401,"Egg Harbor City, NJ",47385
26091062300,"Tecumseh, MI",47384
6065040902,"La Sierra, Riverside, CA",47383
48479001718,"Hillside Terrace, Laredo, TX",47383
36055012401,"Honeoye Falls, NY",47383
48039662900,"Brazoria, TX",47383
6037137201,"Woodland Hills, Los Angeles, CA",47382
39061004603,"Mount Washington, Cincinnati, OH",47382
6037119900,"Panorama City, Los Angeles, CA",47382
13297110506,"Loganville, GA",47382
25001013700,"Buzzards Bay, Bourne, MA",47382
12099001003,"Riviera Beach, FL",47382
39041012000,"Ostrander, OH",47382
35001003724,"Bear Canyon, Albuquerque, NM",47380
4013050606,"Pasqualetti Mountain Ranch, Buckeye, AZ",47379
48029121108,"Santa Fe Trails, San Antonio, TX",47379
24031704000,"Forest Glen, Silver Spring, MD",47379
4013812500,"Chandler, AZ",47378
6037571400,"Lakewood Mutual, Lakewood, CA",47377
24021750506,"Hillcrest Orchards, Frederick, MD",47376
48081950200,"Robert Lee, TX",47376
6037503301,"East Whitter, Whittier, CA",47375
19137960200,"Red Oak, IA",47375
20173010005,"Derby, KS",47374
17031805105,"Rolling Meadows, IL",47374
40131050408,"Catoosa, OK",47373
39013012200,"Saint Clairsville, OH",47373
6059062622,"Laguna Woods, CA",47373
24031700204,"Damascus, MD",47372
39051040900,"Archbold, OH",47372
48167721300,"League City, TX",47372
25001010500,"East Orleans, Orleans, MA",47371
17167001003,"West Side Koke Mill, Springfield, IL",47371
51013101803,"Lyon Park, Arlington, VA",47370
36027030000,"Staatsburg, NY",47370
39099811500,"Youngstown, OH",47369
15003003200,"Makiki - Lower Punchbowl - Tantalus, Honolulu, HI",47369
40143007411,"Tulsa, OK",47368
4013116708,"Ahwatukee, Phoenix, AZ",47368
4013061026,"Surprise Farms, Surprise, AZ",47367
26017285300,"Bay City, MI",47367
6037302004,"Citrus Grove, Glendale, CA",47367
24003750804,"Glen Burnie, MD",47367
17197881604,"Joliet, IL",47366
47065011100,"Signal Mountain, TN",47365
51059440201,"Falls Church, VA",47365
20149000300,"Saint Marys, KS",47365
55117011200,"Random Lake, WI",47364
19153004100,"Greater South Side, Des Moines, IA",47363
36005031800,"Bronx County, NY",47362
12086000133,"Aventura, FL",47361
55127001000,"Lake Geneva, WI",47360
18011810200,"Thorntown, IN",47360
40051000800,"Blanchard, OK",47359
34017014600,"North Bergen, NJ",47359
9005425400,"Terryville, Plymouth, CT",47359
53035090202,"Poulsbo, WA",47358
17123961300,"Sparland, IL",47358
17019005702,"Urbana, IL",47358
34031125000,"Clifton, NJ",47357
26163590500,"Romulus, MI",47357
17031520500,"East Side, Chicago, IL",47357
6059086306,"Southeast Anaheim, Anaheim, CA",47356
18089043002,"Crown Point, IN",47356
26125143500,"Waterford Township, MI",47355
25025000601,"Brighton, Boston, MA",47355
42045404103,"Ridley Park, PA",47355
48085031708,"Far North Dallas, Dallas, TX",47354
6001444302,"Newark, CA",47354
6095253206,"Vacaville, CA",47352
19103002300,"Lincoln, Iowa City, IA",47350
24031700706,"Gaithersburg, MD",47348
48227950100,"Big Spring, TX",47348
8013012201,"Central Boulder, Boulder, CO",47347
44007017300,"Woonsocket, RI",47346
41067032004,"Sherwood - Tualatin South, Tualatin, OR",47346
40027201101,"Norman, OK",47345
6085503115,"Communications Hill, San Jose, CA",47344
4013103607,"Paradise Valley Village, Phoenix, AZ",47344
22119031600,"Minden, LA",47343
17031821600,"Evergreen Park, IL",47343
36081046300,"Queens County, NY",47343
28105950601,"Starkville, MS",47342
6111008002,"Simi Valley, CA",47341
24033800518,"Bowie, MD",47341
32031001010,"Reno, NV",47340
54071970600,"Brandywine, WV",47340
12117022207,"Winter Park, FL",47339
44007013001,"Pascoag, Burrillville, RI",47339
17031803611,"Palatine, IL",47337
36047033600,"Kings County, NY",47337
6087120301,"Ben Lomond, CA",47337
34025800500,"Belford, Middletown, NJ",47337
8035014404,"Larkspur, CO",47337
53033003200,"Old Ballard, Seattle, WA",47336
53033029101,"Kent, WA",47336
6059099405,"Huntington Beach, CA",47335
55055100100,"Watertown, WI",47335
31119960600,"Norfolk, NE",47335
21015070312,"Florence, KY",47335
42017105808,"Fairless Hills, PA",47334
39175938000,"Sycamore, OH",47334
53011040508,"Washougal, WA",47334
38099958200,"Park River, ND",47333
21111012204,"Louisville, KY",47332
34015501606,"Williamstown, Monroe Township, NJ",47331
56001963600,"Laramie, WY",47331
27119020200,"East Grand Forks, MN",47330
6037481604,"Alhambra, CA",47330
40131050601,"Claremore, OK",47330
4013216901,"South Scottsdale, Scottsdale, AZ",47328
17201000512,"Rockford, IL",47327
9007570100,"Cromwell, CT",47326
1089011012,"Madison, AL",47325
31055006604,"Central Omaha, Omaha, NE",47325
26163575200,"Dearborn, MI",47325
6039000509,"Madera, CA",47325
18081610100,"Greenwood, IN",47324
6061021038,"Foothill Junction, Roseville, CA",47324
20091053109,"Parkbridge, Overland Park, KS",47324
33015056000,"Deerfield, NH",47323
5007020806,"Bella Vista, AR",47323
24013505208,"Sykesville, MD",47323
17163501602,"Belleville, IL",47323
25005610204,"Mansfield, MA",47322
5007020805,"Bella Vista, AR",47322
53063012401,"Spokane Valley, WA",47321
42111020101,"Johnstown, PA",47321
1073010705,"Birmingham, AL",47321
48265960200,"Kerrville, TX",47321
53033025806,"Renton, WA",47320
37081016005,"Greensboro, NC",47320
6059099251,"Fountain Valley, CA",47319
6073010014,"Chula Vista, CA",47317
48029121909,"Northeast Side, Selma, TX",47316
36067015800,"LaFayette, NY",47315
29095014005,"Oak Grove, MO",47314
39035192800,"Cleveland, OH",47314
6067008009,"Fair Oaks, CA",47313
30111001703,"West End, Billings, MT",47313
39113160100,"Germantown, OH",47313
12071010104,"Punta Gorda, FL",47313
42041011304,"Camp Hill, PA",47313
17011965500,"Wyanet, IL",47312
44007013900,"Cranston, RI",47309
8005086000,"Saddle Rock Ridge, Aurora, CO",47308
12071050310,"Bonita Springs, FL",47307
36055012500,"Rochester, NY",47306
17043846410,"Naperville, IL",47306
17157950500,"Coulterville, IL",47306
47157020632,"Appling Lake, Bartlett, TN",47305
48201431101,"Westside, Houston, TX",47305
25013812500,"Westfield, MA",47304
6077004704,"Lodi, CA",47304
36081048500,"Queens County, NY",47304
42133020220,"New Cumberland, PA",47303
55079120202,"Greenfield, WI",47302
6073017043,"Miramar Ranch North, San Diego, CA",47301
29095014601,"Independence, MO",47300
4013612600,"Desert View Village, Cave Creek, AZ",47300
9009170400,"Meriden, CT",47299
18011810100,"Lebanon, IN",47299
48375013300,"Amarillo, TX",47298
29071800100,"Gray Summit, MO",47298
21111010406,"Louisville, KY",47298
17031170900,"Belmont Heights, Chicago, IL",47297
6111007505,"Simi Valley, CA",47297
48029120702,"Alamo Heights, San Antonio, TX",47296
39173020401,"Perrysburg, OH",47296
44007012803,"North Smithfield, RI",47294
18123952200,"Saint Croix, IN",47294
36121970500,"Warsaw, NY",47292
55127000102,"East Troy, WI",47292
12105013101,"Auburndale, FL",47292
8041003702,"Northwest Colorado Springs, Colorado Springs, CO",47292
8001008523,"Brighton, CO",47292
6073013311,"Eastlake Greens, Chula Vista, CA",47291
51165010700,"Broadway, VA",47291
39035186103,"Strongsville, OH",47291
6037132002,"Van Nuys, Los Angeles, CA",47290
27129790400,"Renville, MN",47290
51013102400,"Arlington Heights, Arlington, VA",47290
42103950502,"Hawley, PA",47289
36061014601,"Upper East Side, New York, NY",47288
36071012700,"New Windsor, NY",47288
53063010504,"Mead, WA",47287
34031246102,"Wayne, NJ",47287
49049010405,"Spanish Fork, UT",47286
51059422000,"Lorton, VA",47285
26081011403,"Grand Rapids, MI",47285
6073018802,"Fallbrook, CA",47284
26125183000,"Royal Oak, MI",47284
34017000600,"The Heights, Jersey City, NJ",47284
26139021000,"Grand Haven, MI",47284
16007950200,"Montpelier, ID",47284
33005970600,"Rindge, NH",47284
47065011447,"Ooltewah, TN",47283
40109108006,"Midwest City, OK",47282
18181958400,"Monticello, IN",47281
48469001606,"Victoria, TX",47281
42041011500,"Mechanicsburg, PA",47280
6037186100,"Eagle Rock, Los Angeles, CA",47279
6087120700,"Felton, CA",47279
40027202201,"Moore, OK",47278
17031620200,"South Side, Chicago, IL",47278
48201251600,"Commons Of Lake Houston, Huffman, TX",47277
49003960200,"Tremonton, UT",47276
39095009900,"Oregon, OH",47276
22045030301,"New Iberia, LA",47275
27001790502,"Aitkin, MN",47275
45007001100,"Anderson, SC",47275
6085512510,"Gilroy, CA",47274
24017850905,"Waldorf, MD",47273
45019002007,"James Island, Charleston, SC",47273
42051263000,"Masontown, PA",47273
39123051000,"Genoa, OH",47273
26115830900,"Monroe, MI",47272
42003521301,"Monroeville, PA",47271
42051262400,"Uniontown, PA",47270
6029003304,"Taft, CA",47270
27123042501,"Maplewood, MN",47269
19061010103,"Dubuque, IA",47269
34005702700,"Westampton, NJ",47269
42045401502,"Clifton Heights, PA",47267
39153520301,"Cuyahoga Falls, OH",47266
16041970100,"Preston, ID",47266
53053070308,"Bonney Lake, WA",47265
34007608303,"Camden County, NJ",47262
6037401102,"Glendora, CA",47261
18183050400,"Columbia City, IN",47261
12021010102,"Naples, FL",47261
55063001200,"La Crosse, WI",47260
39151711501,"Canton, OH",47260
48201343302,"La Porte, TX",47259
6037543604,"Carson, CA",47258
8059012027,"Indian Hills, CO",47257
6037620702,"North Redondo, Redondo Beach, CA",47257
26049013401,"Goodrich, MI",47257
42095018001,"Hellertown, PA",47257
49049000802,"Suncrest, Orem, UT",47256
6059110401,"Buena Park, CA",47256
25017350900,"Davis Square, Somerville, MA",47255
4013812400,"Chandler, AZ",47255
39151710900,"Louisville, OH",47254
48121021614,"Northeast Carrollton, Carrollton, TX",47254
4013810400,"Chandler, AZ",47254
42085032502,"Jackson Center, PA",47253
42021010300,"Johnstown, PA",47253
42079215300,"Bear Creek Village, PA",47253
8041006902,"Briargate, Colorado Springs, CO",47253
53029971500,"Camano Island, WA",47253
48245010800,"Port Neches, TX",47253
26147658500,"Memphis, MI",47253
48029182106,"Far West Side, Helotes, TX",47252
36029009702,"Depew, NY",47252
48113013722,"Southwest Carrollton, Carrollton, TX",47252
29189211334,"Florissant, MO",47250
18081610801,"Franklin, IN",47249
48029181811,"French Creek, San Antonio, TX",47249
51199050401,"Yorktown, VA",47247
17157951100,"Steeleville, IL",47247
41047010702,"Sublimity, OR",47247
42051263200,"Smithfield, PA",47246
27027020202,"Moorhead, MN",47246
4005000600,"Flagstaff, AZ",47245
39085201200,"Willoughby, OH",47245
6073019904,"Vista, CA",47245
34003018200,"Fairview, NJ",47244
33015003301,"Derry, NH",47244
36083052503,"Castleton-on-Hudson, NY",47243
42063961900,"Saltsburg, PA",47243
42091205807,"King of Prussia, PA",47243
1117030316,"Pelham, AL",47242
26099221100,"New Baltimore, MI",47242
21111012410,"Pleasure Ridge Park, Louisville, KY",47241
25017351404,"East Somerville, Somerville, MA",47241
16001002100,"Boise, ID",47241
42041013000,"Newville, PA",47240
26125130600,"White Lake, White Lake charter Township, MI",47240
55103970500,"Muscoda, WI",47239
26065006401,"Mason, MI",47239
20009971100,"Ellinwood, KS",47239
29019001202,"Columbia, MO",47239
6065043304,"Hemet, CA",47238
55079007400,"Downer Woods, Milwaukee, WI",47238
29021002800,"Saint Joseph, MO",47236
17031140500,"Albany Park, Chicago, IL",47236
27133570300,"Luverne, MN",47234
42017101808,"Warrington, PA",47233
6059110203,"Buena Park, CA",47233
17201003806,"Roscoe, IL",47233
55079180100,"Cudahy, WI",47231
6073009106,"Morena, San Diego, CA",47231
6037572100,"Wrigley, Long Beach, CA",47231
24035810500,"Centreville, MD",47230
36027080104,"Lagrangeville, NY",47230
36029015003,"Holland, NY",47230
16033950100,"Dubois, ID",47230
13051002900,"Chatham Crescent, Savannah, GA",47229
42091202604,"Glenside, PA",47229
17085020100,"Apple River, IL",47229
55063010500,"Onalaska, WI",47227
36011040600,"Auburn, NY",47227
18021040600,"Clay City, IN",47226
12011030100,"Lighthouse Point, FL",47224
39035177504,"Parma, OH",47224
40027202106,"Moore, OK",47223
21067002302,"Lansdowne Merrick, Lexington, KY",47223
6037311100,"Burbank, CA",47223
51685920200,"Manassas Park, VA",47223
32003005716,"Henderson, NV",47222
21067004204,"Lexington, KY",47222
24033800106,"Laurel, MD",47222
12095017015,"Orlando, FL",47222
5119004306,"Maumelle, AR",47221
27103480300,"Saint Peter, MN",47220
56021001501,"Cheyenne, WY",47220
17031070300,"Lincoln Park, Chicago, IL",47220
19129040100,"Hastings, IA",47220
6037920012,"Santa Clarita, CA",47219
6037550700,"Downey, CA",47218
36037951100,"Le Roy, NY",47217
34039035400,"Linden, NJ",47217
42021012400,"Carrolltown, PA",47217
6065043218,"Temecula, CA",47216
53067012222,"Lacey, WA",47215
13117130611,"Suwanee, GA",47215
6059011101,"Fullerton, CA",47214
6037301702,"Vineyard, Glendale, CA",47213
6001433300,"Washington Manor - Bonaire, San Leandro, CA",47213
5007020304,"Rogers, AR",47213
4021000317,"Apache Junction, AZ",47213
22057021200,"Galliano, LA",47213
22009030700,"Cottonport, LA",47212
36081002400,"Queens County, NY",47212
55039040900,"Fond du Lac, WI",47211
55139001700,"Oshkosh, WI",47211
53033008002,"Belltown, Seattle, WA",47210
55025001704,"Madison, WI",47210
23005004401,"Yarmouth, Yarmouth, ME",47210
48121020110,"Grayhawk, Frisco, TX",47210
27061480400,"Bovey, MN",47209
6097153903,"Healdsburg, CA",47209
42059970300,"Waynesburg, PA",47208
16001010313,"Meridian, ID",47208
36063024202,"Burt, NY",47207
27103480400,"Saint Peter, MN",47206
17163501900,"Belleville, IL",47206
48219950200,"Levelland, TX",47206
49021110701,"Cedar City, UT",47205
1117030320,"Alabaster, AL",47204
34019011900,"Lambertville, NJ",47203
8005082700,"Aurora Highlands, Aurora, CO",47203
36047055700,"Kings County, NY",47202
26147657200,"St Clair County, MI",47202
12086008906,"Miami, FL",47202
53061053604,"Granite Falls, WA",47201
6001432501,"Davis Tract, San Leandro, CA",47201
4013420105,"Mesa, AZ",47200
26099255400,"Roseville, MI",47200
6085512017,"Edenvale, San Jose, CA",47200
17031832900,"University Village / Little Italy, Chicago, IL",47199
39095008203,"Sylvania, OH",47199
6037481901,"Alhambra, CA",47199
8001009406,"East Central Westminster, Westminster, CO",47198
53041971900,"Morton, WA",47198
19153011205,"Clive, IA",47197
29095013902,"Lone Jack, MO",47197
6073017604,"Encinitas, CA",47196
12105014803,"Bartow, FL",47196
16001002410,"West Bench, Boise, ID",47196
45091060906,"Rock Hill, SC",47195
21007950200,"Barlow, KY",47194
42129800400,"New Kensington, PA",47194
22103041300,"Mandeville, LA",47193
25005611202,"Norton, MA",47193
36059404800,"South Floral Park, NY",47193
39039958200,"Sherwood, OH",47192
39169003700,"Apple Creek, OH",47191
34005700303,"Cinnaminson, NJ",47191
6037901009,"Lancaster, CA",47191
40017301406,"Southwest Oklahoma City, Mustang, OK",47191
6029000910,"Morning Star, Bakersfield, CA",47191
25017341800,"Malden, MA",47190
22059970100,"Olla, LA",47190
18173030200,"Elberfeld, IN",47189
45057011201,"Fort Mill, SC",47189
6037910205,"Palmdale, CA",47188
6019004208,"Fresno, CA",47187
15003000106,"Hawaii Kai, Honolulu, HI",47187
12091023303,"Destin, FL",47186
6081608400,"East San Mateo, San Mateo, CA",47186
13223120101,"Acworth, GA",47186
28033070522,"Greenbrook, Southaven, MS",47186
30013001900,"Great Falls, MT",47185
42003551300,"McKeesport, PA",47184
17031030800,"Edgewater, Chicago, IL",47184
29127960100,"Palmyra, MO",47183
6059052521,"Westpark, Irvine, CA",47182
26093733100,"Pinckney, MI",47182
36081002600,"Queens County, NY",47182
18061060500,"Corydon, IN",47182
39081011000,"Irondale, OH",47181
21111011516,"Louisville, KY",47181
27123042101,"Little Canada, MN",47181
45091060907,"Rock Hill, SC",47179
55033970400,"Elk Mound, WI",47179
40087400202,"Washington, OK",47176
6073003207,"Bonita, CA",47176
48201451402,"George Bush Park/Eldridge, Houston, TX",47175
39155933001,"Warren, OH",47174
21155970300,"Lebanon, KY",47173
31141965400,"Columbus, NE",47173
18003010601,"Fort Wayne, IN",47173
4013811300,"Provinces Master Community, Chandler, AZ",47172
6037103400,"Sunland-Tujunga, Los Angeles, CA",47172
6007000601,"Chico, CA",47171
48121021615,"Northeast Carrollton, Carrollton, TX",47170
34029713600,"Brick, NJ",47170
18181958300,"Wolcott, IN",47170
47037010103,"Joelton, Nashville, TN",47169
9009180601,"High Ridge, East Haven, CT",47168
36065023000,"Rome, NY",47168
34005701302,"Roebling, Florence Township, NJ",47168
26049010810,"Flint, MI",47168
6111005304,"Camarillo, CA",47167
6037406601,"Walnut Valley, West Covina, CA",47167
48479001709,"Del Mar Hills Area C, Laredo, TX",47167
51153901203,"Dale City, VA",47167
48439121611,"West Arlington, Arlington, TX",47166
20139010300,"Lyndon, KS",47165
48039660601,"Pearland, TX",47165
51810045412,"Sandbridge, Virginia Beach, VA",47164
42101000200,"Center City, Philadelphia, PA",47164
20091052001,"Milburn West, Merriam, KS",47164
51179010211,"Stafford, VA",47164
39049007425,"Columbus, OH",47164
41005022101,"North Clackamas, Milwaukie, OR",47163
6037408134,"West Covina, CA",47162
48165950200,"Seminole, TX",47160
12071050105,"Fort Myers, FL",47159
12099007753,"Lake Worth, FL",47159
12093910602,"Okeechobee, FL",47156
42077006401,"Emmaus, PA",47156
4013610400,"Anthem, New River, AZ",47156
48201432702,"Westside, Houston, TX",47155
15003011201,"Kailua, HI",47155
34029717400,"Jackson, NJ",47154
49049000706,"Bonneville, Orem, UT",47153
6059088904,"Westminster, CA",47152
48491020321,"Leander, TX",47152
17203030200,"Minonk, IL",47152
42017106500,"Quakertown, PA",47151
17111870603,"McHenry, IL",47150
36047050100,"Kings County, NY",47150
41017001300,"Awbrey Butte, Bend, OR",47150
29099700110,"Arnold, MO",47148
29099700118,"Arnold, MO",47148
55009020704,"Green Bay, WI",47148
18125954000,"Petersburg, IN",47147
39165030800,"Lebanon, OH",47144
6081606300,"Central San Mateo, San Mateo, CA",47143
18101950200,"Loogootee, IN",47142
8123001415,"Greeley, CO",47142
38011965300,"Bowman, ND",47141
5053470200,"Sheridan, AR",47141
53061052208,"Monroe, WA",47141
35001000126,"Collier Addition, Albuquerque, NM",47140
22033004509,"Baton Rouge, LA",47140
36081011300,"Queens County, NY",47139
32003001005,"Rancho Oakey, Las Vegas, NV",47139
15009030705,"Kihei, HI",47138
6037111201,"Granada Hills, Los Angeles, CA",47138
21111011706,"Highview, Louisville, KY",47138
17031160900,"Irving Park, Chicago, IL",47138
42071014102,"Paradise, PA",47138
40109108304,"Edmond, OK",47137
53063000800,"Balboa, Spokane, WA",47137
53053073404,"Puyallup, WA",47137
19129040202,"Glenwood, IA",47137
4013104216,"Glendale, AZ",47136
17031050600,"North Center, Chicago, IL",47136
34001011401,"Mays Landing, Hamilton Township, NJ",47135
29219820102,"Warrenton, MO",47134
6037272100,"Mar Vista, Los Angeles, CA",47134
42017100306,"Bristol, PA",47133
20173009302,"Wichita, KS",47133
27053021400,"Minneapolis, MN",47132
8069001603,"Fort Collins, CO",47132
37183051200,"Raleigh, NC",47132
42073011200,"Bessemer, PA",47132
1073012704,"Leeds, AL",47132
24005440900,"Rosedale, MD",47130
17167003601,"Pleasant Plains, IL",47129
6075020401,"The Castro, San Francisco, CA",47128
34029713900,"Brick, NJ",47127
51165011500,"Bridgewater, VA",47126
48339692900,"Cleveland, TX",47125
42059970502,"Waynesburg, PA",47123
6083002006,"Santa Maria, CA",47123
53033029801,"Kent, WA",47123
42049002900,"Erie, PA",47123
6029005402,"Ridgecrest, CA",47123
49011125905,"Layton, UT",47122
48029121702,"Northeast Side, Universal City, TX",47122
40017301003,"Southwest Oklahoma City, Yukon, OK",47121
53061051928,"Lynnwood, WA",47120
6075026401,"Visitacion Valley, San Francisco, CA",47119
25025000704,"Allston, Boston, MA",47119
20101956600,"Dighton, KS",47119
16005001102,"Pocatello, ID",47118
25013812901,"Westfield, MA",47118
31109003715,"Lincoln, NE",47118
19151780300,"Pocahontas, IA",47117
51087200123,"Henrico, VA",47117
9003496900,"West Hartford, CT",47117
53061041303,"Everett, WA",47116
6057000103,"Grass Valley, CA",47116
42071014402,"Quarryville, PA",47116
12073002415,"Royal Oaks, Tallahassee, FL",47116
11001004202,"Northwest Washington, Washington, DC",47115
21029020300,"Mount Washington, KY",47115
6037481300,"Rosemead, CA",47115
48085031201,"Nevada, TX",47115
55079021100,"Town of Lake, Milwaukee, WI",47115
27053022101,"Eliot, Minneapolis, MN",47114
12057006200,"Palma Ceia, Tampa, FL",47113
29099700211,"High Ridge, MO",47113
8035014013,"Castle Rock, CO",47113
40143006705,"Tulsa, OK",47111
6071000401,"Chino, CA",47111
45063021031,"Lexington, SC",47111
47147080604,"Greenbrier, TN",47110
42003526202,"Plum, PA",47110
22071005500,"Navarre, New Orleans, LA",47110
36047014200,"Kings County, NY",47110
36061005502,"Lower Manhattan, New York, NY",47109
4013103604,"Deer Valley, Phoenix, AZ",47109
24045010605,"Salisbury, MD",47108
4013814600,"Fincher Farms, Gilbert, AZ",47108
36119014810,"Yorktown Heights, NY",47107
48477170400,"Brenham, TX",47106
34039032400,"Hillside, NJ",47106
48381021300,"Amarillo, TX",47105
21091960200,"Lewisport, KY",47105
6065040615,"Eastvale, CA",47105
48201253100,"Baytown, TX",47104
25017353700,"Mid-Cambridge, Cambridge, MA",47104
55079060200,"Glendale, WI",47102
6077005125,"Manteca, CA",47102
26099258500,"Eastpointe, MI",47102
55097960702,"Plover, WI",47101
48093950400,"Gustine, TX",47101
2020002821,"Huffman / O' Malley, Anchorage, AK",47100
26163558200,"Livonia, MI",47098
6097150303,"Sonoma, CA",47098
53011040203,"Battle Ground, WA",47098
38017000201,"Northport, Fargo, ND",47097
6059099512,"Old Towne, Seal Beach, CA",47096
49049010107,"Eagle Mountain, UT",47095
27053122600,"Lenox, Minneapolis, MN",47094
34025806502,"Monmouth County, NJ",47091
45063021304,"Gilbert, SC",47091
37037020701,"Durham, NC",47091
22113950902,"Abbeville, LA",47091
39153530501,"Stow, OH",47090
24035810400,"Centreville, MD",47089
54091964700,"Bridgeport, WV",47089
6017030401,"South Lake Tahoe, CA",47089
45015020721,"Goose Creek, SC",47088
1117030604,"Alabaster, AL",47088
42011010202,"Hamburg, PA",47087
6073003213,"Bay Terraces, San Diego, CA",47087
6073009104,"Bay Park, San Diego, CA",47086
48423002200,"Whitehouse, TX",47086
39113110201,"Dayton, OH",47085
39061009901,"West Price Hill, Cincinnati, OH",47082
26093743600,"Brighton, MI",47082
29510114300,"The Southampton, St. Louis, MO",47082
17031520600,"East Side, Chicago, IL",47081
36047015100,"Kings County, NY",47081
42095016400,"Northampton, PA",47081
9009130101,"Seymour, CT",47080
39003011400,"Harrod, OH",47080
34013014700,"Belleville, NJ",47079
53053072602,"Lakebay, WA",47078
30049000502,"Helena, MT",47078
30111000705,"Heights, Billings, MT",47077
19019950500,"Independence, IA",47076
17031150402,"Portage Park, Chicago, IL",47076
18111100500,"Morocco, IN",47076
12057006101,"South Tampa, Tampa, FL",47076
6097150610,"Petaluma, CA",47075
36103158708,"Middle Island, NY",47075
6037702201,"Sunset Park, Santa Monica, CA",47075
6001438000,"Fairway Prk, Hayward, CA",47075
13067030901,"Marietta, GA",47075
18097390402,"Franklin Township, Indianapolis, IN",47074
26081001700,"Westside Connection, Grand Rapids, MI",47072
4013104802,"Paradise Valley Village, Phoenix, AZ",47072
27137002300,"Piedmont Heights, Duluth, MN",47072
19103001400,"Lucas, Iowa City, IA",47072
42063960400,"Commodore, PA",47071
6001423902,"Elmwood, Berkeley, CA",47070
26147630400,"Fort Gratiot Township, MI",47070
17043841503,"West Chicago, IL",47070
25005641700,"Fall River, MA",47070
12101031508,"Fox Wood, Trinity, FL",47070
34005700403,"Maple Shade Township, NJ",47070
19169000500,"Ames, IA",47069
48085030201,"McKinney, TX",47069
12103024409,"Harbor Isle, Saint Petersburg, FL",47069
12101031603,"Land O Lakes, Land O' Lakes, FL",47069
40027200500,"University, Norman, OK",47068
44005040700,"Newport, RI",47068
19013002604,"Cedar Falls, IA",47068
6097150204,"Sonoma, CA",47068
48201541800,"Houston, TX",47068
40153953500,"Woodward, OK",47068
17031150600,"Portage Park, Chicago, IL",47067
13135050219,"Duluth, GA",47067
46099000406,"Sioux Falls, SD",47067
17119400101,"Granite City, IL",47065
34035051700,"North Plainfield, NJ",47065
42019910400,"Slippery Rock, PA",47065
25025000503,"Brighton, Boston, MA",47063
42067070202,"Port Royal, PA",47063
19067480200,"Nora Springs, IA",47062
36047057500,"Kings County, NY",47062
26099223500,"Macomb, MI",47061
6061020717,"Olympus Pointe, Roseville, CA",47061
6037297500,"San Pedro, Los Angeles, CA",47061
18085962100,"Winona Lake, IN",47058
39085201300,"Ridge Acres Estates, Willoughby, OH",47055
17097860811,"Antioch, IL",47055
48491020318,"Cypress Mill, Cedar Park, TX",47053
36029008003,"Kenilworth, Buffalo, NY",47053
40113940009,"Skiatook, OK",47053
55055100602,"Fort Atkinson, WI",47052
42077002302,"Hamilton Park, Allentown, PA",47052
47149041401,"Murfreesboro, TN",47051
6005000401,"Jackson, CA",47049
34029717001,"Jackson, NJ",47049
48121021738,"Lewisville, TX",47049
6037408706,"Rowland Heights, CA",47049
1125010204,"Northport, AL",47049
25027735200,"Leicester, MA",47047
41051006100,"Southwest Portland, Portland, OR",47047
55019950600,"Granton, WI",47046
17119403121,"Glen Carbon, IL",47046
48209010808,"Dripping Springs, TX",47046
53061041201,"View Ridge Madison, Everett, WA",47044
13067030215,"Kennesaw, GA",47044
41071030102,"Newberg, OR",47043
45063021106,"Columbia, SC",47043
13021013411,"Macon, GA",47043
39147963700,"Tiffin, OH",47043
33015106400,"Exeter, Exeter, NH",47043
48245011102,"Nederland, TX",47043
17161023100,"Rock Island, IL",47042
41047010501,"Silverton, OR",47042
48201253900,"Baytown, TX",47041
17179021604,"Morton, IL",47041
25005614101,"Taunton, MA",47040
4013319909,"South Tempe, Tempe, AZ",47040
19187000100,"Fort Dodge, IA",47040
33019975100,"Plainfield, NH",47039
17043841208,"Glendale Heights, IL",47039
17167003202,"Chatham, IL",47038
23005017303,"Scarborough, ME",47038
42021010600,"Geistown, Johnstown, PA",47038
39103415300,"Brunswick, OH",47037
6053010102,"Aromas, CA",47036
42011012800,"Laureldale, PA",47036
42111021200,"Friedens, PA",47036
6097151308,"Rohnert Park, CA",47035
19027960500,"Coon Rapids, IA",47035
1039962900,"Andalusia, AL",47035
48167721600,"Kemah, TX",47035
42101033000,"Holmesburg, Philadelphia, PA",47034
9003484100,"East Windsor, CT",47034
36029011000,"Buffalo, NY",47034
10003014810,"Bear, DE",47033
6111001900,"Ventura, CA",47033
34007609203,"Sicklerville, NJ",47032
27003051201,"Minneapolis, MN",47032
36005016200,"Bronx County, NY",47032
24043010300,"Hagerstown, MD",47032
40121486600,"McAlester, OK",47031
17001000600,"Quincy, IL",47031
4019004721,"Tucson, AZ",47030
6099003905,"Turlock, CA",47030
48121021403,"Lake Dallas, TX",47030
17089851102,"Elgin, IL",47030
8123000705,"Greeley, CO",47030
54077963800,"Bruceton Mills, WV",47029
48039660701,"Pearland, TX",47029
48121020107,"Cross Oak Ranch, Aubrey, TX",47028
24005408400,"Cockeysville, MD",47028
29201781000,"Benton, MO",47027
34015500701,"Gloucester County, NJ",47027
8014030600,"Broomfield, CO",47027
49035112604,"Sandy, UT",47026
55097960701,"Plover, WI",47024
53053072310,"University Place, WA",47024
39061026800,"Mount Adams, Cincinnati, OH",47024
46081966302,"Spearfish, SD",47023
25005653101,"Smith Mills, Dartmouth, MA",47023
51810045423,"Virginia Beach, VA",47022
42001030200,"York Springs, PA",47021
49035112503,"Midvale, UT",47020
47165020903,"Gallatin, TN",47020
34017005400,"Greenville, Jersey City, NJ",47018
21233960100,"Sebree, KY",47018
12031002102,"Riverside, Jacksonville, FL",47016
8059009900,"Golden, CO",47016
39157020900,"New Philadelphia, OH",47016
39157021500,"New Philadelphia, OH",47015
48485011900,"Wichita Falls, TX",47015
8001060200,"North Westminster, Denver, CO",47012
36001013507,"Latham, NY",47012
13067031205,"Smyrna, GA",47011
48251130602,"Cleburne, TX",47011
6013359103,"Pinole, CA",47011
17119402721,"Godfrey, IL",47010
40027202105,"Moore, OK",47010
31055007436,"North Central Omaha, Omaha, NE",47008
13135050523,"Lawrenceville, GA",47007
44003021903,"Warwick, RI",47007
6095252904,"Vacaville, CA",47007
27013170800,"Mankato, MN",47007
26139022103,"Holland, MI",47006
26163555100,"Redford Charter Township, MI",47006
12057011708,"Pelican Island, Tampa, FL",47003
27059130502,"Isanti, MN",47002
48157671002,"Quail Valley, Missouri City, TX",47001
48491020409,"Town And Country Park Addition, Austin, TX",47000
25017342201,"Everett, MA",46999
6073003109,"Bay Terraces, San Diego, CA",46999
34031133701,"Haledon, NJ",46999
12109020804,"Jacksonville, FL",46998
6111005401,"Camarillo, CA",46997
8041007500,"Colorado Springs, CO",46997
46049961100,"Faulkton, SD",46997
39017010301,"Hamilton, OH",46996
13139000500,"Gainesville, GA",46996
53033025200,"Renton, WA",46995
6037463000,"Hastings Ranch, Pasadena, CA",46994
29095008600,"Armour Hills, Kansas City, MO",46994
40051000901,"Minco, OK",46993
18097320203,"Washington Township, Indianapolis, IN",46993
48439113916,"Summerfields, Fort Worth, TX",46993
6097152701,"Santa Rosa, CA",46993
6071007404,"Amber Hills, Highland, CA",46993
18007100300,"Fowler, IN",46993
6037910209,"Palmdale, CA",46993
25005644200,"Somerset, MA",46992
47157021333,"Keswick - Stornaway, Memphis, TN",46992
6085512038,"California Maison, San Jose, CA",46990
24005430700,"Halethorpe, MD",46989
27027030107,"Felton, MN",46988
42101033400,"Northeast Philadelphia, Philadelphia, PA",46988
55047100200,"Berlin, WI",46988
18141011802,"Crest Manor, South Bend, IN",46988
6073020103,"North Ridge, Escondido, CA",46987
6041111000,"San Rafael, CA",46987
17031071400,"Lincoln Park, Chicago, IL",46987
47127930200,"Shelbyville, TN",46986
27053026818,"Brooklyn Park, MN",46985
20189965200,"Hugoton, KS",46984
48361021300,"Orange, TX",46984
42045403701,"Essington, Tinicum Township, PA",46984
15003004200,"Downtown, Honolulu, HI",46984
27017070300,"Esko, MN",46983
12073001700,"Betton Hills, Tallahassee, FL",46983
40143007625,"Tulsa, OK",46981
42079213000,"Kingston, PA",46981
20041084200,"Abilene, KS",46981
55079021000,"Town of Lake, Milwaukee, WI",46981
36007014200,"Johnson City, NY",46980
21029020202,"Mount Washington, KY",46980
26139022105,"Holland, MI",46979
39095007101,"Maumee, OH",46979
23031035000,"South Berwick, ME",46978
4013104226,"Brandywine, Phoenix, AZ",46977
37183053518,"Scottish Hills, Cary, NC",46977
27127750100,"Morgan, MN",46976
42071012001,"Lititz, PA",46976
39113110100,"Vandalia, OH",46976
18151971600,"Pleasant Lake, IN",46975
49035112904,"West Jordan, UT",46974
6037400304,"Bonita, San Dimas, CA",46974
25005646103,"Westport, MA",46974
13089021415,"Atlanta, GA",46974
42003470501,"Pittsburgh, PA",46973
6037621104,"Hermosa Beach, CA",46973
34007605100,"Gloucester City, NJ",46973
17031600400,"Bridgeport, Chicago, IL",46973
27003050602,"Coon Rapids, MN",46972
12091023308,"Destin, FL",46972
48029181720,"Far West Side, San Antonio, TX",46971
12099007407,"Highland Beach, FL",46971
55079018500,"Saveland Park, Milwaukee, WI",46971
32031003202,"Reno, NV",46970
55095960600,"Centuria, WI",46970
19015020400,"Boone, IA",46970
6037141101,"Sherman Oaks, Los Angeles, CA",46970
55121100700,"Trempealeau, WI",46970
4013816100,"Coronado Ranch, Gilbert, AZ",46969
24015030700,"Rising Sun, MD",46969
9007620100,"Deep River Center, Deep River, CT",46969
53033027200,"Tukwila, WA",46968
49035101000,"Greater Avenues, Salt Lake City, UT",46968
39017010906,"Fairfield, OH",46967
29147470200,"Maryville, MO",46965
8005007101,"Byers, CO",46965
32003005830,"Las Vegas, NV",46965
39035123200,"Kamm's Corners, Cleveland, OH",46964
12099007201,"Boca Raton, FL",46964
27137010200,"Proctor, MN",46963
48439113215,"Fort Worth, TX",46963
24043011600,"Sharpsburg, MD",46962
49035113101,"West Jordan, UT",46959
44007017000,"Pawtucket, RI",46959
12099007725,"Wellington, FL",46958
48039660702,"Manvel, TX",46958
36081007300,"Queens County, NY",46957
47093005100,"Knoxville, TN",46957
17031835200,"Garfield Ridge, Chicago, IL",46956
17033880600,"Flat Rock, IL",46954
17031802404,"Wheeling, IL",46953
12083002301,"Ocala, FL",46953
39045030400,"Baltimore, OH",46953
6037463200,"Lamanda Park, Pasadena, CA",46952
6061021322,"Westpark, Roseville, CA",46952
27053023200,"Hopkins, MN",46952
4013618100,"Deer Valley, Glendale, AZ",46952
49021110400,"Cedar City, UT",46951
41051005200,"Goose Hollow, Portland, OR",46951
20183475800,"Smith Center, KS",46950
53053073407,"Puyallup, WA",46949
17043846411,"Naperville, IL",46949
17161020100,"Port Byron, IL",46948
48029181902,"Cielo Vista, San Antonio, TX",46948
39085200400,"Willowick, OH",46948
42079216502,"Sugarloaf, PA",46948
18141011801,"South Bend, IN",46948
25027726200,"Spencer, Spencer, MA",46947
19005960100,"Lansing, IA",46947
44007012402,"Johnston, RI",46947
15003008613,"Kapolei, HI",46946
21111011506,"Louisville, KY",46945
42129802200,"Trafford, PA",46944
9001010700,"Greenwich, CT",46942
42011011300,"Reading, PA",46941
22033003701,"Broadmoor/Sherwood Forest, Baton Rouge, LA",46941
48157672400,"Sugar Land, TX",46941
42097080500,"Northumberland, PA",46940
53029970601,"Oak Harbor, WA",46939
6075010100,"North Beach, San Francisco, CA",46938
44007012103,"North Providence, RI",46938
29019001103,"Columbia, MO",46938
41005023401,"Boring, OR",46938
25017321500,"Marlborough, MA",46937
32003005850,"Rhodes Ranch, Las Vegas, NV",46937
19165960200,"Portsmouth, IA",46936
49035113535,"West Jordan, UT",46936
12021000302,"Moorings, Naples, FL",46935
19113000901,"Cedar Rapids, IA",46935
17031823703,"Bridgeview, IL",46935
48491020108,"Georgetown, TX",46934
21111010006,"Louisville, KY",46933
17007010601,"Capron, IL",46932
17077010400,"Murphysboro, IL",46932
18157010901,"Lafayette, IN",46932
48245000310,"Beaumont, TX",46931
53067011000,"Tumwater, WA",46929
25027705100,"Templeton, MA",46929
36103146608,"Holbrook, NY",46929
55025010702,"Fitchburg, WI",46929
18097340111,"Wayne, Indianapolis, IN",46929
9009120200,"Derby, CT",46927
55101002600,"Burlington, WI",46927
29189215143,"Maryland Heights, MO",46927
6073013601,"La Mesa, CA",46926
31089974000,"Atkinson, NE",46925
18081610401,"Greenwood, IN",46925
53011040604,"Vancouver, WA",46925
6059062637,"Aliso Viejo, CA",46924
17075950800,"Cissna Park, IL",46923
42001031402,"Gettysburg, PA",46922
21185030601,"Crestwood, KY",46921
22051027901,"Jean Lafitte, LA",46920
22055000603,"Lafayette, LA",46920
19169010400,"Nevada, IA",46920
12073002513,"Tallahassee, FL",46919
29095014101,"Blue Springs, MO",46919
12073002417,"Tallahassee, FL",46918
42021012500,"Ebensburg, PA",46917
16083000900,"Twin Falls, ID",46917
35001004728,"La Luz Del Sol, Albuquerque, NM",46917
36059414501,"Freeport, NY",46916
49053271600,"St. George, UT",46916
51059450602,"Falls Church, VA",46916
39049007020,"Grangefield, Westerville, OH",46916
49021110100,"Parowan, UT",46915
44005041702,"Tiverton, RI",46915
51059421001,"Franconia, VA",46915
26163575500,"Dearborn, MI",46913
49049001601,"Provo, UT",46913
37119006303,"Huntersville, NC",46913
42005951900,"Freeport, PA",46913
18001030300,"Decatur, IN",46912
36081018700,"Queens County, NY",46912
37127010503,"Rocky Mount, NC",46912
15003010308,"Kaneohe, HI",46911
6075031202,"Ingleside, San Francisco, CA",46911
18109510402,"Mooresville, IN",46911
38015010800,"Bismarck, ND",46910
46079960100,"Madison, SD",46910
15003007701,"Aiea, HI",46909
30017961300,"Miles City, MT",46909
6065040807,"Corona, CA",46909
53033004800,"Fremont, Seattle, WA",46908
51059415500,"Alexandria, VA",46908
6037481605,"Alhambra, CA",46908
42133023722,"Airville, PA",46907
18141011406,"Granger, IN",46907
6037901007,"Lancaster, CA",46906
39151711322,"Canton, OH",46905
9001081000,"Stratford, CT",46904
6037139301,"Tarzana, Los Angeles, CA",46904
48121021736,"Lewisville, TX",46904
48201543100,"Hockley, TX",46904
26065005202,"Lansing, MI",46903
27053022400,"Bronx Park, Saint Louis Park, MN",46903
49017000300,"Panguitch, UT",46903
36047076200,"Kings County, NY",46899
55115100900,"Clintonville, WI",46898
12095014810,"Orlando, FL",46898
34005703203,"Leisuretowne, Southampton Township, NJ",46898
13135050730,"Loganville, GA",46898
36055011201,"Webster, NY",46897
36103190402,"Westhampton, NY",46897
6073008350,"Mira Mesa, San Diego, CA",46896
17201003903,"Roscoe, IL",46896
34011030501,"Millville, NJ",46896
31163970100,"Loup City, NE",46896
22089060100,"Montz, LA",46895
48039664100,"Angleton, TX",46895
45091060904,"Rock Hill, SC",46895
19057001100,"West Burlington, IA",46894
42099030302,"Duncannon, PA",46893
8005082900,"Louisiana Purchase, Aurora, CO",46893
22055002104,"Carencro, LA",46893
17011965400,"Princeton, IL",46893
51013100800,"High View Park, Arlington, VA",46892
4013813900,"Cooper Commons, Chandler, AZ",46892
39089757100,"Pataskala, OH",46892
53035092701,"Port Orchard, WA",46891
6081602300,"Orange Park, South San Francisco, CA",46891
6037408722,"Rowland Heights, CA",46891
27063480200,"Okabena, MN",46890
48201432100,"Westside, Houston, TX",46889
17089853001,"Aurora, IL",46889
29189211401,"Hazelwood, MO",46889
41067032606,"Hillsboro, OR",46888
24005441102,"Rosedale, MD",46888
48493000104,"La Vernia, TX",46887
55115101100,"Pulaski, WI",46887
6097153501,"Sebastopol, CA",46887
12086009006,"Miami, FL",46886
24033803516,"Bowie, MD",46885
36081005900,"Queens County, NY",46885
27093560300,"Litchfield, MN",46885
4013422637,"Mesa, AZ",46884
6065042004,"Riverside, CA",46884
53053070205,"Buckley, WA",46883
37081016008,"Greensboro, NC",46883
12057011518,"Odessa, FL",46883
34001013301,"Ventnor City, NJ",46883
42019911100,"Renfrew, PA",46883
18071968200,"Vallonia, IN",46883
15003008622,"Kapolei, HI",46882
48491020707,"South Creek, Round Rock, TX",46882
31055007458,"South Central Omaha, Omaha, NE",46881
48201431802,"Southwest Houston, Houston, TX",46881
42001031401,"Gettysburg, PA",46881
15003008701,"Waipahu, HI",46880
55055101500,"Fort Atkinson, WI",46879
25015821400,"Hadley, MA",46879
6059076206,"Orange, CA",46879
6073020709,"East Grove, Escondido, CA",46878
17031839900,"Bridgeport, Chicago, IL",46878
39017012500,"Middletown, OH",46878
29189211202,"Florissant, MO",46876
27011950300,"Ortonville, MN",46876
53065950700,"Chewelah, WA",46876
6071002015,"Rancho Cucamonga, CA",46876
11001002600,"Northwest Washington, Washington, DC",46876
6037117301,"North Hills, Los Angeles, CA",46875
36067016901,"Tully, NY",46875
26093712101,"Howell, MI",46875
51153900300,"Woodbridge, VA",46875
39083007000,"Mount Vernon, OH",46873
48201531400,"Northside, Houston, TX",46873
48367140601,"Weatherford, TX",46873
38071957800,"Devils Lake, ND",46873
15003006401,"Kalihi Valley, Honolulu, HI",46870
12011070314,"Fort Lauderdale, FL",46870
34037372700,"Hamburg, NJ",46870
42071011600,"East Petersburg, PA",46869
48439102201,"Fort Worth, TX",46868
22023970201,"Hackberry, LA",46867
36103147200,"Bay Shore, NY",46867
8013012501,"Keewayden, Boulder, CO",46866
42055012100,"Waynesboro, PA",46865
6083001901,"Buellton, CA",46865
6089012400,"Grant, Redding, CA",46865
55069960600,"Merrill, WI",46864
42017105900,"Levittown, PA",46864
26073000700,"Mount Pleasant, MI",46864
37063001604,"Durham, NC",46863
42019911200,"Butler, PA",46863
36093033004,"Rotterdam, NY",46863
19189680100,"Lake Mills, IA",46861
6099004000,"Modesto, CA",46861
8001008508,"Thornton, CO",46859
40113940008,"Barnsdall, OK",46859
36081117100,"Queens County, NY",46859
12057010214,"Greater Thonotosassa, Thonotosassa, FL",46859
36043010202,"Frankfort, NY",46858
36053940700,"Chittenango, NY",46858
42101021300,"Manayunk, Philadelphia, PA",46858
26145012300,"Merrill, MI",46858
6097151311,"Rohnert Park, CA",46857
19163013200,"Bettendorf, IA",46857
27059130600,"Princeton, MN",46856
30111001502,"Worden, MT",46856
6095252313,"Fairfield, CA",46856
26081011405,"Comstock Park, MI",46856
48309000200,"Oakwoods, Waco, TX",46855
26093744900,"South Lyon, MI",46855
39085203400,"Mentor, OH",46854
26077002002,"Portage, MI",46854
9005253300,"New Milford, CT",46852
6037124600,"Sherman Oaks, Los Angeles, CA",46852
17197884004,"Braidwood, IL",46852
42029306504,"Avondale, PA",46851
42107002500,"Tamaqua, PA",46851
24033803520,"Bowie, MD",46851
12001001514,"Gainesville, FL",46851
42029304102,"Downingtown, PA",46849
24003740104,"Severn, MD",46848
1003010500,"Bay Minette, AL",46848
44007003400,"Blackstone, Providence, RI",46847
48439111008,"Crowley, TX",46846
48491020708,"Round Rock, TX",46845
20015020202,"Andover, KS",46845
42007602701,"Industry, PA",46844
55025011101,"Sak's Woods, Middleton, WI",46843
25025091100,"Dorchester, Boston, MA",46843
41051002502,"Northeast Portland, Portland, OR",46840
39095005502,"Toledo, OH",46840
48287000100,"Lexington, TX",46840
4013613600,"Parkridge, Peoria, AZ",46839
27137001100,"Endion, Duluth, MN",46838
8014030800,"Broomfield, CO",46838
6037211701,"Central LA, Los Angeles, CA",46838
48453001785,"Milwood, Austin, TX",46838
48121020506,"Denton, TX",46836
6073020105,"North Broadway, Escondido, CA",46835
26053950100,"Watersmeet, MI",46834
26111290500,"Midland, MI",46834
19193003100,"Correctionville, IA",46834
24005411407,"Parkville, MD",46833
23019004200,"Brewer, ME",46833
40109108514,"Northwest Oklahoma City, Oklahoma City, OK",46833
53025011402,"Mattawa, WA",46832
17143004801,"Peoria, IL",46831
17031815300,"Chicago, IL",46831
17167002900,"Westchester, Springfield, IL",46830
20175965700,"Liberal, KS",46830
4013116720,"Ahwatukee Foothills Village, Phoenix, AZ",46830
41039000200,"Springfield, OR",46828
42043024001,"Middletown, PA",46827
46079960300,"Wentworth, SD",46827
6065040611,"Corona, CA",46827
48085031311,"Wylie, TX",46826
4013103208,"Paradise Valley Village, Phoenix, AZ",46826
36047042400,"Kings County, NY",46826
51510201400,"Potomac West, Alexandria, VA",46825
48479001722,"Plantation, Laredo, TX",46825
29037060500,"Pleasant Hill, MO",46824
55025012202,"Stoughton, WI",46824
12117021314,"Oviedo, FL",46824
36051030400,"Geneseo, NY",46824
47037015610,"Hermitage, Nashville, TN",46823
36047015900,"Kings County, NY",46823
36093033300,"Rotterdam, NY",46822
29111970300,"Ewing, MO",46822
36051030201,"Piffard, NY",46822
6059088905,"Westminster, CA",46821
6059099311,"Huntington Beach, CA",46820
21067004209,"Lexington, KY",46820
48201250302,"Humble, TX",46820
25021422501,"Weymouth, MA",46819
51810046204,"Virginia Beach, VA",46818
30031000102,"Belgrade, MT",46818
25013813209,"Agawam, MA",46818
36005030000,"Bronx County, NY",46818
6059062619,"Laguna Beach, CA",46817
6079013000,"Cayucos, CA",46814
34001010501,"Absecon, NJ",46813
24027606905,"Savage, Savage, MD",46812
34029723500,"Toms River, NJ",46809
39151711111,"Mogadore, OH",46809
47165021002,"Hendersonville, TN",46808
26087333500,"Lapeer, MI",46808
12117020808,"Longwood, FL",46807
36027140602,"Poughkeepsie, NY",46806
20177003606,"Southwest Topeka, Topeka, KS",46806
42049011507,"Erie, PA",46806
17197880109,"Bolingbrook, IL",46805
48121020103,"Pilot Point, TX",46805
48143950202,"Stephenville, TX",46805
19005960300,"Waukon, IA",46805
29189220501,"St. Louis, MO",46804
24031701505,"Silver Spring, MD",46803
48317950200,"Stanton, TX",46803
6037406800,"Walnut Valley, West Covina, CA",46802
6055200302,"Napa, CA",46801
55119960400,"Medford, WI",46801
39043041600,"Sandusky, OH",46800
45073030601,"Seneca, SC",46799
49049001002,"Scera Park South, Orem, UT",46799
12011051002,"Wilton Manors, FL",46798
47093006202,"Knoxville, TN",46797
6075011200,"Nob Hill, San Francisco, CA",46795
48113014127,"Valley Ranch, Irving, TX",46795
42091200903,"Lansdale, PA",46794
12101031708,"Heritage Lake, New Port Richey, FL",46793
55009020800,"Green Bay, WI",46791
39085200500,"Willowick Villas, Willowick, OH",46790
33015052000,"Sandown, NH",46789
4019004628,"Tucson, AZ",46789
26147651100,"Casco, MI",46789
30055954000,"Circle, MT",46788
12103026815,"North Bay Hills, Safety Harbor, FL",46787
25005654100,"Acushnet, MA",46786
6059099702,"Westminster, CA",46784
20171957100,"Scott City, KS",46784
37183054006,"North Haven, Raleigh, NC",46784
6067009407,"River Oaks, Galt, CA",46784
16087970100,"Midvale, ID",46783
6081600401,"Crocker, Daly City, CA",46782
9001072600,"North End, Bridgeport, CT",46782
32003005348,"Seven Hills, Henderson, NV",46782
4013104222,"Glendale, AZ",46780
6041106002,"San Rafael, CA",46780
39149972300,"Houston, OH",46779
1089001801,"Huntsville, AL",46779
6065043248,"Temecula, CA",46778
48439102100,"Fort Worth, TX",46778
6037300502,"Montrose, La Crescenta-Montrose, CA",46778
31141965700,"Columbus, NE",46778
46065977800,"Pierre, SD",46777
39035174106,"North Olmsted, OH",46777
42043023000,"Harrisburg, PA",46777
17031070102,"Lincoln Park, Chicago, IL",46776
48029181703,"Far West Side, San Antonio, TX",46776
32031002603,"Reno, NV",46775
42055010700,"Chambersburg, PA",46775
9011709100,"Griswold, CT",46773
18005010300,"Columbus, IN",46773
26163551400,"Harper Woods, MI",46773
8059010502,"Bel Aire, Wheat Ridge, CO",46773
49035112502,"Midvale, UT",46773
42069112901,"Lackawanna County, PA",46773
27085950300,"Hutchinson, MN",46772
48221160207,"DeCordova, TX",46772
34023008001,"Laurence Harbor, South Amboy, NJ",46771
42071011701,"Lancaster, PA",46771
51059422301,"Alexandria, VA",46771
6059099307,"Huntington Beach, CA",46771
6017031402,"Somerset, CA",46770
41005023002,"Beavercreek, OR",46770
42127960400,"Honesdale, PA",46768
17031020702,"West Rogers Park, Chicago, IL",46768
33001965600,"Gilmanton Iron Works, Gilmanton, NH",46768
53067012720,"Rochester, WA",46768
6037570001,"Lakewood, CA",46766
19183960500,"Ainsworth, IA",46766
34021004301,"Princeton, NJ",46765
8005082800,"Aurora Highlands, Aurora, CO",46765
24043010100,"Highfield-Cascade, MD",46765
45079003000,"Midtown - Downtown, Columbia, SC",46764
22025000300,"Jonesville, LA",46762
5007020302,"Rogers, AR",46762
48201253500,"Lantern Park, Baytown, TX",46762
28001000900,"Natchez, MS",46762
18039001200,"Nappanee, IN",46761
31109001302,"Lincoln, NE",46761
24033803523,"Bowie, MD",46761
30111940000,"Billings, MT",46760
26037010300,"Lansing, MI",46760
27035950900,"Brainerd, MN",46760
17055040500,"Benton, IL",46758
29077002600,"Southeast Springfield, Springfield, MO",46756
26099231200,"Sterling Heights, MI",46756
39057210601,"Beavercreek, OH",46755
17021958100,"Edinburg, IL",46754
29051010800,"Jefferson City, MO",46754
6073008364,"University City, San Diego, CA",46754
40109109004,"Harrah, OK",46754
48439102402,"Ridglea Hills, Fort Worth, TX",46754
1045020400,"Ozark, AL",46754
42003523300,"Penn Hills, PA",46753
34023008606,"Princeton Meadows, NJ",46753
36085011402,"Richmond County, NY",46752
12019030703,"Fleming Island, FL",46752
48039661501,"Alvin, TX",46752
12057011109,"Lutz, FL",46751
42095015901,"Bath, PA",46751
29183311907,"O'Fallon, MO",46750
42069110401,"Lackawanna County, PA",46750
4013813300,"Chandler, AZ",46749
6075025403,"Bernal Heights, San Francisco, CA",46749
48221160209,"Granbury, TX",46748
12057011012,"County Line Coalition, Tampa, FL",46747
6073013310,"Otay Ranch Village 1, Chula Vista, CA",46746
12086014200,"Miami, FL",46746
12086015000,"Miami, FL",46745
6061023500,"Lincoln, CA",46744
56029965300,"Cody, WY",46744
22103041003,"Slidell, LA",46744
24031702302,"Silver Spring, MD",46744
39049009390,"Reynoldsburg, OH",46744
39041010420,"Delaware, OH",46744
42101031700,"Mayfair, Philadelphia, PA",46744
53067011822,"Olympia, WA",46744
48037011200,"Texarkana, TX",46743
42003080400,"Pittsburgh, PA",46743
25017354600,"Neighborhood Nine, Cambridge, MA",46743
53005011900,"Benton City, WA",46743
45091061104,"Fort Mill, SC",46742
4013422219,"Chandler, AZ",46742
9009165801,"Hamden, CT",46741
8001009607,"Westminster, CO",46740
18003010500,"Fort Wayne, IN",46739
55059002602,"Pleasant Prairie, WI",46737
9009150400,"Milford, CT",46736
36047042000,"Kings County, NY",46736
44007014200,"Cranston, RI",46735
17031804511,"Hanover Park, IL",46735
13067031207,"Cumberland, Atlanta, GA",46735
48497150200,"Decatur, TX",46735
15003000902,"Kaimuki, Honolulu, HI",46735
19169000900,"Ames, IA",46734
36037951400,"Alexander, NY",46733
19157370100,"Brooklyn, IA",46733
33011016202,"Milford, NH",46733
48135000500,"Odessa, TX",46732
34029716000,"Lakewood, Lakewood Township, NJ",46731
55111000900,"Reedsburg, WI",46731
6085509202,"Rex Manor, Mountain View, CA",46731
6067006004,"Thornwood Terrace, Sacramento, CA",46730
42073010100,"Slippery Rock, PA",46729
40143006902,"Key, Tulsa, OK",46728
48201241200,"Timber Lane, Spring, TX",46728
48085031308,"Wylie, TX",46727
37105030601,"Sanford, NC",46727
38003967900,"Oriska, ND",46727
25025100800,"Dorchester, Boston, MA",46726
26077002904,"Kalamazoo, MI",46726
17197880204,"Romeoville, IL",46725
19153000902,"Waveland Park, Des Moines, IA",46725
26081002300,"Michigan Oaks, Grand Rapids, MI",46725
17167003000,"Springfield, IL",46724
33011012200,"Hudson, Hudson, NH",46723
51059420600,"Groveton, Alexandria, VA",46723
19141490100,"Hartley, IA",46723
41051010002,"Northwest, Gresham, OR",46722
48113016410,"Grand Prairie, TX",46722
6083001903,"Solvang, CA",46721
18163003900,"Evansville, IN",46721
18089042606,"Crown Point, IN",46720
15003011500,"Kapolei, HI",46720
6073009301,"Serra Mesa, San Diego, CA",46719
34041031700,"Belvidere, NJ",46718
42099030502,"New Bloomfield, PA",46718
48157671300,"Dove Country, Stafford, TX",46718
17113005602,"Arrowsmith, IL",46718
19183960400,"Washington, IA",46718
25025110403,"Roslindale, Boston, MA",46717
35001000112,"Cibola Addition, Albuquerque, NM",46717
20017960600,"Cottonwood Falls, KS",46716
29157470400,"Perryville, MO",46716
6037503801,"La Mirada, CA",46716
51800075405,"Suffolk, VA",46715
55043960800,"Potosi, WI",46715
32031003305,"Incline Village, NV",46714
6037408135,"West Covina, CA",46714
24005451900,"Edgemere, MD",46714
48199030502,"Lumberton, TX",46712
26163581900,"Southgate, MI",46711
49011127002,"North Salt Lake, UT",46711
8059010308,"Arvada Plaza Area, Arvada, CO",46711
18141011601,"Osceola, IN",46710
6067009404,"Wilton, CA",46710
33013033000,"Chichester, NH",46709
6013313204,"Pittsburg, CA",46709
16001000202,"Highlands, Boise, ID",46709
6055201004,"American Canyon, CA",46707
6083001905,"Santa Ynez, CA",46706
17043841108,"Hanover Park, IL",46706
33011010400,"Nashua, NH",46705
6037503901,"La Mirada, CA",46705
27147960300,"Owatonna, MN",46705
8123002300,"Ault, CO",46704
26163575400,"Dearborn, MI",46702
26099250900,"Saint Clair Shores, MI",46701
37119005515,"Highland Creek, Charlotte, NC",46701
4019004621,"Tucson, AZ",46700
19131560300,"Osage, IA",46699
29095014006,"Grain Valley, MO",46699
39085205300,"Perry, OH",46698
13089020400,"Candler Park, Atlanta, GA",46698
17031828201,"Lansing, IL",46698
55121100100,"Osseo, WI",46696
6065050300,"Murrieta, CA",46695
17081050300,"Waltonville, IL",46694
9015825000,"Scotland, CT",46694
53033005802,"Interbay, Seattle, WA",46693
48329001300,"Western Hills, Midland, TX",46692
36055010400,"West Irondequoit, Rochester, NY",46692
49045130701,"Erda, UT",46692
8069002802,"Estes Park, CO",46691
44009050802,"Westerly, Westerly, RI",46690
48113016412,"Grand Prairie, TX",46690
6071009715,"Apple Valley, CA",46688
17037002000,"Sandwich, IL",46687
47037019116,"The Woodlands, Nashville, TN",46686
17181950300,"Jonesboro, IL",46685
6037408723,"Rowland Heights, CA",46685
53033002600,"Northeast Seattle, Seattle, WA",46684
53061051300,"Mountlake Terrace, WA",46684
39017011200,"Monroe, OH",46683
46127020100,"Alcester, SD",46682
17031071600,"Lincoln Park, Chicago, IL",46681
34017002400,"Downtown Jersey City, Jersey City, NJ",46680
22033003801,"Mid City South, Baton Rouge, LA",46680
19097950300,"Miles, IA",46680
6055201007,"American Canyon, CA",46680
48149970600,"Schulenburg, TX",46679
55079005700,"Cooper Park, Milwaukee, WI",46679
48113019021,"Garland, TX",46678
17031809300,"Evanston, IL",46678
6037123700,"North Hollywood, Los Angeles, CA",46677
39049006330,"River Ridge, Columbus, OH",46676
23005004701,"Gray, ME",46676
48201551100,"Briarchase, Houston, TX",46675
22073010101,"Monroe, LA",46675
48187210803,"Seguin, TX",46673
49011125405,"Layton, UT",46672
39025040403,"Milford, OH",46672
25025140202,"Hyde Park, Boston, MA",46671
53041971100,"Chehalis, WA",46671
26103000700,"Marquette, MI",46670
42003190300,"Mount Washington, Pittsburgh, PA",46670
36029010103,"Buffalo, NY",46669
46035962600,"Mitchell, SD",46668
4013319908,"South Tempe, Tempe, AZ",46667
50007003100,"Williston North, Williston, VT",46667
6037214600,"Central LA, Los Angeles, CA",46665
16045960100,"Emmett, ID",46665
19153004502,"Greater South Side, Des Moines, IA",46665
34001012802,"Somers Point, NJ",46664
18183050200,"Columbia City, IN",46664
51127700200,"Quinton, VA",46664
37183053107,"Fuquay Varina, NC",46662
6083002914,"Goleta, CA",46661
17045070100,"Chrisman, IL",46661
53033028403,"SeaTac, WA",46661
4013104219,"North Mountain Village, Glendale, AZ",46660
42029311500,"Elverson, PA",46660
9005300100,"Litchfield, CT",46659
24005401400,"Catonsville, MD",46658
47093004404,"Knoxville, TN",46656
6067003300,"Southwestern Sacramento, Sacramento, CA",46656
36055011203,"Webster, NY",46655
39057200900,"Fairborn, OH",46654
34017014200,"North Bergen, NJ",46654
6085505203,"Santa Clara, CA",46654
6097154000,"Healdsburg, CA",46654
26099262200,"Warren, MI",46653
25023530300,"Plymouth, MA",46652
48201531000,"North Houston, Houston, TX",46652
6087120500,"Boulder Creek, CA",46652
27013170900,"Lake Crystal, MN",46652
48121021742,"Lewisville, TX",46651
13135050544,"Lawrenceville, GA",46649
29079960200,"Trenton, MO",46649
48179950100,"Pampa, TX",46649
41067032503,"Hillsboro, OR",46648
8035014011,"Meridian, Parker, CO",46648
17075950100,"Donovan, IL",46647
42075002100,"Fredericksburg, PA",46647
39063000700,"Pheasant Run, Findlay, OH",46647
51087200104,"Richmond, VA",46646
37129012300,"Wilmington, NC",46646
17111870301,"Harvard, IL",46645
39153532999,"Uniontown, OH",46645
53035090400,"Poulsbo, WA",46644
35017964200,"Silver City, NM",46643
12099007002,"Boca Raton, FL",46643
55131440200,"Hartford, WI",46642
26125120000,"Leonard, MI",46642
36067015400,"Minoa, NY",46641
27131070800,"Faribault, MN",46640
26163555600,"Redford Charter Township, MI",46640
55079180400,"Cudahy, WI",46640
12057010205,"New Tampa, Tampa, FL",46640
8013013211,"Longmont, CO",46640
6071010902,"Cedar Glen, Lake Arrowhead, CA",46639
4013816500,"Seville, Gilbert, AZ",46639
17031804715,"Hoffman Estates, IL",46638
6055200601,"Napa, CA",46638
22103040400,"Covington, LA",46637
6065043254,"Temecula, CA",46637
48091310702,"Spring Branch, TX",46637
19085290100,"Woodbine, IA",46637
39061022102,"Cincinnati, OH",46636
40027201612,"South Oklahoma City, Oklahoma City, OK",46635
18097321400,"Washington Township, Indianapolis, IN",46635
48251130500,"Grandview, TX",46631
55045960100,"Brooklyn, WI",46630
51013101500,"Lyon Village, Arlington, VA",46630
48089750300,"Weimar, TX",46629
6111001800,"Ventura, CA",46629
17031820603,"Justice, IL",46629
17197880106,"Bolingbrook, IL",46629
36027110004,"Pawling, NY",46627
12033001001,"Cordova Park, Pensacola, FL",46627
26081004500,"Millbrook, Grand Rapids, MI",46627
55097960400,"Stevens Point, WI",46626
12057011008,"New Tampa, Tampa, FL",46624
12073002412,"Golden Eagle, Tallahassee, FL",46624
55055101000,"Jefferson, WI",46622
6017030808,"Cameron Park, CA",46622
53037975700,"Ellensburg, WA",46622
6005000101,"Pioneer, CA",46622
44001030100,"Barrington, RI",46621
21149970200,"Calhoun, KY",46621
12061050504,"Vero Beach, FL",46621
42059970700,"Spraggs, PA",46620
32003001709,"Las Vegas, NV",46618
17111870402,"Woodstock, IL",46618
22077952200,"Jarreau, LA",46618
8067940400,"Durango, CO",46618
55079019800,"Hawley Farms, Milwaukee, WI",46618
42003521100,"Garden City, Monroeville, PA",46617
53005010705,"West Richland, WA",46617
24031703220,"Silver Spring, MD",46617
20191962600,"Oxford, KS",46617
39085204900,"Painesville, OH",46616
53035091203,"Silverdale, WA",46616
18003010705,"Lincoln Village, Fort Wayne, IN",46616
6029003600,"Taft, CA",46616
26115833300,"Lambertville, MI",46614
48329010109,"Midland, TX",46614
15009030800,"Wailuku, HI",46613
30031000502,"Bozeman, MT",46613
31141965500,"Columbus, NE",46613
34041031602,"Oxford, Oxford Township, NJ",46613
29127960300,"Palmyra, MO",46612
12086008804,"Miami, FL",46612
25023506204,"Ocean Bluff-Brant Rock, Marshfield, MA",46612
8077001502,"Fruita, CO",46611
48201542600,"Lakecrest, Katy, TX",46611
17039971600,"Clinton, IL",46611
55105002800,"Janesville, WI",46610
39035185103,"South Euclid, OH",46609
48201423201,"Greater Fondren Southwest, Houston, TX",46609
17167003203,"Chatham, IL",46609
19085290400,"Missouri Valley, IA",46607
18063211000,"Clayton, IN",46606
36081009800,"Queens County, NY",46606
56007967800,"Rawlins, WY",46606
39153532901,"Cuyahoga Falls, OH",46606
48113018122,"Sachse, TX",46606
24033807102,"Riverdale, Riverdale Park, MD",46605
39049006710,"Morris, Worthington, OH",46605
30111000701,"Heights, Billings, MT",46605
6065043206,"Murrieta, CA",46604
27153790800,"Grey Eagle, MN",46604
51810043003,"Northeast Virginia Beach, Virginia Beach, VA",46603
42095015400,"Bangor, PA",46603
41067031506,"Oak Hills, Beaverton, OR",46602
42003499300,"Glassport, PA",46602
9003405500,"Bristol, CT",46602
6037430723,"Arcadia, CA",46602
4013319402,"South Tempe, Tempe, AZ",46600
26049010114,"Clio, MI",46600
36071014900,"Tuxedo Park, NY",46599
6001438300,"Glen Eden, Hayward, CA",46597
17099962300,"Serena, IL",46596
36081049302,"Queens County, NY",46596
36081015400,"Queens County, NY",46596
17111870903,"Woodstock, IL",46595
49035113409,"West Valley City, UT",46595
12117021611,"Longwood, FL",46594
6071002027,"Rancho Cucamonga, CA",46594
25025081100,"Mission Hill, Boston, MA",46593
26121002300,"Norton Shores, MI",46593
36001014801,"East Berne, NY",46593
6017031200,"Placerville, CA",46593
6073009703,"Allied Gardens, San Diego, CA",46592
24015030501,"Elkton, MD",46591
27053103700,"Saint Anthony Main, Minneapolis, MN",46591
48085031506,"Allen, TX",46590
10003001100,"Trolley Square, Wilmington, DE",46590
6037186202,"Northeast Los Angeles, Los Angeles, CA",46590
49057210511,"Ogden, UT",46589
6029003123,"Campus Park, Bakersfield, CA",46589
48139061700,"Ennis, TX",46587
53035092100,"Port Orchard, WA",46587
12095016716,"Orlando, FL",46586
48121021407,"Denton, TX",46586
55025000800,"Sunset Village, Madison, WI",46586
36083052601,"East Nassau, NY",46586
54045956400,"Yolyn, WV",46585
36047009400,"Kings County, NY",46584
23031024500,"Lyman, ME",46584
41067032300,"Hillsboro, OR",46584
49057210506,"Roy, UT",46584
49035112914,"West Jordan, UT",46584
26111290800,"Midland, MI",46584
26099254200,"Fraser, MI",46584
27053024300,"Richfield, MN",46583
8031015300,"Denver, CO",46583
45083021302,"Fernwood, Spartanburg, SC",46583
6055200802,"Napa, CA",46583
22085000400,"Many, LA",46582
36055014804,"Hilton, NY",46582
19083480300,"Iowa Falls, IA",46581
45063021014,"Lexington, SC",46581
4013107500,"Uptown, Phoenix, AZ",46581
32007951202,"Spring Creek, NV",46580
17043841504,"West Chicago, IL",46580
48121020309,"Justin, TX",46580
42013100800,"Altoona, PA",46579
1117030336,"Helena, AL",46578
48113017304,"Creek Crossing Estates, Mesquite, TX",46575
6073014803,"La Mesa, CA",46575
42117950100,"Tioga, PA",46574
6067008801,"Sacramento County, CA",46573
42021013300,"Salix, PA",46573
34021003705,"Ewing Township, NJ",46573
53061052607,"Lake Stevens, WA",46573
20079030500,"Hesston, KS",46573
49011125501,"Clearfield, UT",46571
25013813208,"Agawam, MA",46571
13029920305,"Richmond Hill, GA",46571
26099250400,"Saint Clair Shores, MI",46570
48221160206,"Granbury, TX",46570
16055001800,"Coeur d'Alene, ID",46570
39063001300,"Rawson, OH",46570
53053072507,"Gig Harbor, WA",46570
42099030501,"Shermans Dale, PA",46569
37051003406,"Fort Bragg, NC",46568
25021456401,"Stoughton, MA",46568
50007003502,"Hinesburg, VT",46568
23005001800,"Back Cove, Portland, ME",46567
8031005200,"East, Denver, CO",46567
27105105600,"Worthington, MN",46566
48497150500,"Bridgeport, TX",46565
26161402500,"King, Ann Arbor, MI",46565
47065011201,"Ooltewah, TN",46565
48329001200,"Permian Estates, Midland, TX",46564
6077005403,"Tracy, CA",46564
17031570300,"Archer Heights, Chicago, IL",46563
16057005400,"Moscow, ID",46563
39035138108,"Brook Park, OH",46562
46051953300,"Stockholm, SD",46562
33015107400,"Portsmouth, NH",46562
10003013000,"Wilmington, DE",46562
26163599100,"Education Center, Flat Rock, MI",46561
6001432300,"Farrelly Pond District, San Leandro, CA",46560
49049003002,"Springville, UT",46560
25015821100,"South Hadley, MA",46558
53061051701,"Lynnwood, WA",46558
19117950300,"Chariton, IA",46557
27169670800,"Winona, MN",46556
48187210400,"Seguin, TX",46556
29189218300,"Kirkwood, MO",46555
55025012100,"Edgerton, WI",46555
39035134203,"Berea, OH",46555
51710003700,"Ghent, Norfolk, VA",46554
20173009402,"Wichita, KS",46554
13277960100,"Tifton, GA",46553
19179960100,"Ottumwa, IA",46552
6037650604,"Delthorne, Torrance, CA",46552
49035112918,"West Jordan, UT",46552
23031034002,"Wells, ME",46551
8031011903,"Bear Valley, Denver, CO",46551
47093005808,"Farragut, TN",46551
48367140407,"Azle, TX",46551
39061004500,"Mount Washington, Cincinnati, OH",46549
17177000100,"Rock City, IL",46549
19011960700,"Belle Plaine, IA",46549
42003191800,"Brookline, Pittsburgh, PA",46548
6097150203,"Sonoma, CA",46547
25025000701,"Allston, Boston, MA",46547
36115094000,"Greenwich, NY",46547
42103950104,"Matamoras, PA",46546
48149970300,"La Grange, TX",46546
48057000400,"Port Lavaca, TX",46546
53067011610,"Olympia, WA",46546
49007000100,"Price, UT",46545
26063950900,"Bad Axe, MI",46545
48439114204,"Azle, TX",46544
24013507704,"Westminster, MD",46543
54049020300,"Fairmont, WV",46543
27013170500,"Mankato, MN",46543
32003005613,"Clark County, NV",46543
24031700811,"Montgomery Village, MD",46542
27035950800,"Brainerd, MN",46542
17053961700,"Paxton, IL",46542
48201552500,"Marwood Estates, Houston, TX",46541
12117021316,"Oviedo, FL",46541
6097152801,"Santa Rosa, CA",46541
12057011514,"Greater Northdale, FL",46540
12021010903,"City of Marco, Marco Island, FL",46540
12105014001,"Winter Haven, FL",46540
6067008513,"Folsom, CA",46539
6029001700,"Riviera/Westchester, Bakersfield, CA",46539
37063001603,"Durham, NC",46539
33015003601,"Derry, Derry, NH",46539
48121021741,"Lewisville, TX",46539
39133600102,"Hiram, OH",46538
17043841501,"West Chicago, IL",46537
17197880111,"Bolingbrook, IL",46537
34023006900,"South River, NJ",46536
18003011900,"Monroeville, IN",46536
17091010602,"Bourbonnais, IL",46536
55025000405,"Madison, WI",46535
54033031900,"Shinnston, WV",46535
47149041101,"Murfreesboro, TN",46535
41051002600,"Grant Park, Portland, OR",46535
37081015800,"Summerfield, NC",46535
6081600200,"Bayshore Heights, Daly City, CA",46534
8059012039,"Friendly Hills, Morrison, CO",46534
15003010504,"Kaneohe, HI",46533
24033806710,"Greenbelt, MD",46533
48085032010,"La Paz Estates, Plano, TX",46532
55131420300,"West Bend, WI",46532
6081610203,"Staumbaugh Heller, Redwood City, CA",46532
26093711000,"Linden, MI",46532
8013012101,"Central Boulder, Boulder, CO",46531
20073965600,"Hamilton, KS",46530
53033030311,"Federal Way, WA",46530
21225950100,"Uniontown, KY",46529
48113019206,"Richardson, TX",46529
6013302007,"Oakley, CA",46528
17167002200,"Springfield, IL",46528
29051010400,"Jefferson City, MO",46527
39085200300,"Bayridge, Willowick, OH",46526
20173008300,"Pleasant Valley, Wichita, KS",46526
48439122600,"West Arlington, Arlington, TX",46526
36067016100,"Jamesville, NY",46525
6073015000,"La Mesa, CA",46524
27131070504,"Northfield, MN",46524
36027070201,"Hyde Park, NY",46523
17139977100,"Bethany, IL",46523
18003003901,"Lakeshore Community, Fort Wayne, IN",46522
8005005625,"Centennial, CO",46521
13113140102,"Fayetteville, GA",46521
42133023901,"Stewartstown, PA",46520
12095017702,"Apopka, FL",46519
12086018700,"Miami, FL",46519
34039035200,"Linden, NJ",46519
32031002401,"West University, Reno, NV",46518
33017086000,"Strafford, NH",46517
41005023100,"Oregon City, OR",46517
15003008606,"Kapolei, HI",46517
4013422643,"Santa Rita Ranch, Mesa, AZ",46516
39057210402,"Dayton, OH",46515
46037952800,"Webster, SD",46515
45063021204,"Chapin, SC",46515
48439111308,"Mansfield, TX",46514
31109002500,"Lincoln, NE",46514
16019970100,"Idaho Falls, ID",46513
48157672800,"Orchard Lake Estates, Sugar Land, TX",46513
36061017300,"Upper West Side, New York, NY",46513
48453001783,"Austin Lake Hills, Austin, TX",46512
12086006206,"Coral Gables Section, Coral Gables, FL",46512
18097380404,"Perry Township, Indianapolis, IN",46511
48201431401,"Westside, Houston, TX",46509
39095007102,"Maumee, OH",46509
34025812000,"Allentown, NJ",46508
6037188300,"Atwater Village, Los Angeles, CA",46508
39091004800,"West Liberty, OH",46507
5143010501,"Springdale, AR",46507
40109108528,"Northwest Oklahoma City, Oklahoma City, OK",46506
21117064300,"Erlanger, KY",46506
48451001708,"San Angelo, TX",46506
6037181600,"Northeast Los Angeles, Los Angeles, CA",46505
36071010801,"Maybrook, NY",46505
27085950400,"Hutchinson, MN",46505
12099007758,"Wellington, FL",46500
22051027804,"Gretna, LA",46500
18027954600,"Washington, IN",46498
6087122203,"Aptos, CA",46498
16035970100,"Orofino, ID",46498
27055020500,"Caledonia, MN",46497
30009000200,"Bridger, MT",46496
39151712602,"Louisville, OH",46496
17031720200,"Beverly, Chicago, IL",46496
29031880700,"Cape Girardeau, MO",46495
17031816300,"Melrose Park, IL",46494
20123176700,"Glen Elder, KS",46494
12021000101,"Old Naples, Naples, FL",46494
53061041704,"Everett, WA",46493
51093280104,"Smithfield, VA",46492
34029735103,"Beach Haven West, Stafford Township, NJ",46491
42045403101,"Collingdale, PA",46491
53061053505,"Arlington, WA",46491
46059975700,"Miller, SD",46491
42019911000,"Prospect, PA",46490
6037481603,"Alhambra, CA",46490
1089002801,"Huntsville, AL",46490
39041012200,"Delaware, OH",46489
39125960300,"Payne, OH",46489
1043964900,"Cullman, AL",46489
36111953900,"Marlboro, NY",46488
36027300000,"Wappingers Falls, NY",46488
51165011400,"Harrisonburg, VA",46488
12001002102,"Micanopy, FL",46488
53053073125,"Spanaway, WA",46487
6005000303,"Ione, CA",46486
17119402801,"Alton, IL",46486
39049008500,"Northwest Blvd, Columbus, OH",46486
36027110005,"Pawling, NY",46485
13089021405,"Atlanta, GA",46485
36047046400,"Kings County, NY",46485
17189950300,"Nashville, IL",46485
8121924100,"Akron, CO",46485
13139000204,"Gainesville, GA",46484
33013032100,"Concord, NH",46484
34039036100,"Winfield, NJ",46484
42079211800,"Luzerne County, PA",46483
19113003001,"Cedar Rapids, IA",46482
5007021304,"Bentonville, AR",46482
24017850904,"Saint Charles, MD",46482
55063010203,"Onalaska, WI",46481
27037060105,"West Saint Paul, MN",46480
44007011200,"Valley Falls, Cumberland, RI",46480
48439114104,"Fort Worth, TX",46480
51550021013,"Great Bridge East, Chesapeake, VA",46479
6111004704,"Oxnard, CA",46479
46099010600,"Sioux Falls, SD",46478
48201552400,"Tower Oaks, Houston, TX",46478
6111002905,"Cabrillo, Oxnard, CA",46477
56033000300,"Sheridan, WY",46477
42003407001,"Gibsonia, PA",46477
27053026019,"Eden Prairie, MN",46476
17089850800,"Elgin, IL",46475
34033021500,"Salem County, NJ",46475
36047016000,"Kings County, NY",46475
8014030200,"Broomfield, CO",46475
48453001911,"Barton Hills, Austin, TX",46474
55009010201,"De Pere, WI",46474
45013010300,"Hilton Head Island, SC",46473
45063021032,"Lexington, SC",46473
55081950700,"Tomah, WI",46473
6037113321,"Chatsworth, Los Angeles, CA",46473
36091061701,"Ballston Spa, NY",46472
10003014805,"Bear, DE",46472
6095250502,"Vallejo, CA",46472
36065940000,"Sherrill, NY",46471
27073180200,"Madison, MN",46471
6073016701,"Sky Ranch, Santee, CA",46471
6095253205,"Vacaville, CA",46471
4013116709,"Ahwatukee Foothills Village, Phoenix, AZ",46471
20029977400,"Glasco, KS",46469
6073008358,"Mira Mesa, San Diego, CA",46469
27141030101,"Zimmerman, MN",46469
6065041909,"Corona, CA",46469
55105003300,"Clinton, WI",46468
34039032002,"Elizabeth, NJ",46468
36081059100,"Queens County, NY",46468
46005957000,"Huron, SD",46467
13151070306,"McDonough, GA",46467
36061004500,"Lower Manhattan, New York, NY",46466
42079211302,"Dallas, PA",46466
48201542101,"Katy, TX",46465
53053073200,"Eatonville, WA",46465
8069002010,"Loveland, CO",46464
35001000711,"Supper Rock, Albuquerque, NM",46464
45019005700,"Charleston, SC",46464
49035104800,"Sugar House, Salt Lake City, UT",46464
53061052605,"Lake Stevens, WA",46463
12019030801,"Orange Park, FL",46462
39159050100,"Richwood, OH",46462
8123001413,"Greeley, CO",46462
36047053000,"Kings County, NY",46461
36081011000,"Queens County, NY",46461
9009155100,"West Haven, CT",46460
38035010200,"Grand Forks, ND",46460
39173022100,"Wayne, OH",46460
6037188201,"Central LA, Los Angeles, CA",46459
25005613300,"Taunton, MA",46458
53025011401,"Othello, WA",46458
6037430801,"Arcadia, CA",46457
47187051202,"Thompson's Station, TN",46456
31141965298,"Columbus, NE",46456
12071001202,"Heritage Palms, Fort Myers, FL",46455
17197880107,"Bolingbrook, IL",46453
25023530801,"Plymouth, MA",46453
20153950600,"Atwood, KS",46453
24033807000,"College Park, MD",46453
55055101400,"Fort Atkinson, WI",46452
37183053602,"Terrace At Breckenridge, Morrisville, NC",46452
34029714200,"Brick, NJ",46452
36055014700,"Scottsville, NY",46451
6037481712,"Garvey, Monterey Park, CA",46451
20181453600,"Goodland, KS",46450
39153532003,"Norton, OH",46450
6059052410,"Lake Forest, CA",46449
36067013000,"Syracuse, NY",46447
42081011200,"Williamsport, PA",46447
6071001806,"Ontario, CA",46447
26093744200,"Brighton, MI",46446
6067009317,"Brittany Park, Sacramento, CA",46446
8005005952,"Englewood, CO",46446
34015500202,"Woodbury, NJ",46444
48013960600,"Jourdanton, TX",46441
37063002023,"Rollingwood, Durham, NC",46441
50011010600,"Saint Albans City, VT",46441
41005022905,"Canby, OR",46440
36085011401,"Richmond County, NY",46440
42085030400,"Sharon, PA",46439
6113010512,"West Davis Manor, Davis, CA",46439
41051000301,"Reed, Portland, OR",46438
6037920040,"Santa Clarita, CA",46438
51157950200,"Castleton, VA",46436
13117130405,"Cumming, GA",46436
48085030517,"McKinney, TX",46436
48467951000,"Canton, TX",46436
17195000600,"Erie, IL",46436
42043024400,"Hummelstown, PA",46435
19013001200,"Waterloo, IA",46435
36081024900,"Queens County, NY",46435
29183311004,"Saint Charles, MO",46435
8059010208,"Highlands, Arvada, CO",46435
6079010002,"Paso Robles, CA",46434
18015959700,"Delphi, IN",46434
8031004202,"East, Denver, CO",46432
19061000400,"Dubuque, IA",46431
26061000100,"Lake Linden, MI",46431
42017100201,"Trevose, Feasterville-Trevose, PA",46430
20183475900,"Smith Center, KS",46430
17197880903,"Crest Hill, IL",46430
48201551600,"Harvest Bend, Houston, TX",46428
12086008907,"Miami, FL",46428
42003417100,"Springdale, PA",46428
42007603803,"Sewickley, PA",46427
6059099241,"Westminster, CA",46427
6059086902,"Southwest Anaheim, Anaheim, CA",46427
35045000301,"Farmington, NM",46427
51153901227,"Woodbridge, VA",46427
39093050200,"Amherst, OH",46427
48453001826,"North Austin, Austin, TX",46426
40017300600,"El Reno, OK",46425
6037400302,"Bonita, La Verne, CA",46425
12011010612,"Windham, Coral Springs, FL",46424
25021400900,"Brookline Village, Brookline, MA",46424
48113018140,"Rowlett, TX",46424
19045001100,"Delmar, IA",46423
29177080100,"Richmond, MO",46422
20067963700,"Ulysses, KS",46421
27003051305,"Columbia Heights, MN",46421
6013302009,"Antioch, CA",46421
26093713500,"Hartland, MI",46421
36027150003,"Tivoli, NY",46420
12086019700,"Miami, FL",46420
36059412900,"Baldwin, NY",46420
5035030803,"Marion, AR",46420
33017081500,"Dover, NH",46419
8031002702,"Central, Denver, CO",46419
42029307000,"West Grove, PA",46419
18073100400,"De Motte, IN",46419
39069000100,"Liberty Center, OH",46418
26125145502,"Waterford Township, MI",46418
6065042739,"Menifee, CA",46418
12031016805,"Greenland, Jacksonville, FL",46417
51161031201,"Vinton, VA",46417
27173970100,"Granite Falls, MN",46416
39017010908,"Fairfield, OH",46416
39093010300,"Avon Lake, OH",46416
26099251500,"Saint Clair Shores, MI",46416
56021002000,"Burns, WY",46416
17123961500,"Toluca, IL",46416
34037372900,"Franklin, NJ",46415
19083480500,"New Providence, IA",46415
48201241102,"Birnam Wood, Spring, TX",46414
20011955800,"Fort Scott, KS",46414
5031000501,"Jonesboro, AR",46414
5045030800,"Conway, AR",46413
29147470100,"Hopkins, MO",46412
26049010700,"Flushing, MI",46412
6053010603,"Salinas, CA",46411
12015030501,"South Gulf Cove, Port Charlotte, FL",46411
48157674603,"Tara, Richmond, TX",46410
6037603702,"Lawndale, CA",46409
36059404901,"Elmont, NY",46409
45019004901,"Isle of Palms, SC",46408
47187050701,"Franklin, TN",46406
26099214000,"Macomb County, MI",46406
6099002901,"Denair, CA",46406
12086003921,"Mid-Beach, Miami, FL",46405
25017351203,"Ward Two, Somerville, MA",46404
55079012600,"Bluemound Heights, Milwaukee, WI",46404
17103000400,"Dixon, IL",46403
42017100408,"Levittown, PA",46402
36111951500,"Kingston, NY",46402
26099224200,"Macomb, MI",46401
6037620501,"North Redondo, Redondo Beach, CA",46399
27003050107,"Saint Francis, MN",46399
27003050808,"Blaine, MN",46399
27109001702,"Rochester, MN",46399
25017383400,"Framingham, MA",46397
29047021004,"Gladstone, MO",46397
18183050100,"Churubusco, IN",46397
20103981900,"Fort Leavenworth, Leavenworth, KS",46397
26125171000,"Oak Park, MI",46397
42011014200,"Mertztown, PA",46397
24033800208,"Laurel, MD",46396
12099007743,"Boca Raton, FL",46395
24033801410,"Fort Washington, MD",46395
34035053000,"South Bound Brook, NJ",46395
16001010223,"Northwest Boise City, Garden City, ID",46395
4021001703,"Maricopa, AZ",46394
42025020800,"Palmerton, PA",46394
55005000100,"Rice Lake, WI",46392
31111960400,"North Platte, NE",46392
4013108301,"Camelback East Village, Phoenix, AZ",46391
34035053705,"Somerset County, NJ",46391
33013003001,"Hooksett, NH",46391
4013116712,"Ahwatukee Foothills Village, Phoenix, AZ",46390
18039000600,"Goshen, IN",46390
48303010101,"Idalou, TX",46390
26161416200,"Ypsilanti, MI",46389
31153010622,"La Vista, NE",46388
22103040709,"Slidell, LA",46388
8087000600,"Fort Morgan, CO",46387
18043070600,"Floyds Knobs, IN",46387
6081604200,"San Bruno, CA",46386
6037901004,"Lancaster, CA",46386
39049008142,"Wexford-Thornapple, Columbus, OH",46386
48187210508,"Seguin, TX",46385
42079211701,"Luzerne County, PA",46385
42003472400,"Pittsburgh, PA",46384
12086018800,"Miami, FL",46384
6037296402,"San Pedro, Los Angeles, CA",46384
27007450500,"Kelliher, MN",46383
48297950300,"George West, TX",46383
42051260401,"Mount Pleasant, PA",46382
54061011806,"Morgantown, WV",46382
24033801310,"Accokeek, MD",46382
26125126400,"Oakland County, MI",46381
4013420706,"The Groves, Mesa, AZ",46379
19059450800,"Milford, IA",46379
40059952200,"Laverne, OK",46379
47165020206,"Portland, TN",46378
21111012411,"Pleasure Ridge Park, Louisville, KY",46378
27123030602,"Payne - Phalen, Saint Paul, MN",46378
6001405902,"Rancho San Antonio, Oakland, CA",46377
48355003700,"Calallen, Corpus Christi, TX",46377
39085201400,"Willoughby, OH",46377
6061020402,"Auburn, CA",46376
17029000600,"Charleston, IL",46376
48167720700,"League City, TX",46376
21233960200,"Dixon, KY",46376
9003430100,"Southington, CT",46375
17023060300,"Casey, IL",46375
34003021600,"Garfield, NJ",46374
50007002200,"Colchester Village, Colchester, VT",46374
45045003011,"Simpsonville, SC",46374
8063962100,"Burlington, CO",46373
53073000100,"Bellingham, WA",46372
12031016724,"Southside, Jacksonville, FL",46372
29021000701,"Saint Joseph, MO",46371
42125772700,"New Eagle, PA",46371
6085508504,"Sunnyvale, CA",46370
17011965100,"Spring Valley, IL",46370
9001010500,"Greenwich, CT",46370
42019902800,"Butler, PA",46369
19105070300,"Anamosa, IA",46368
42069112000,"Dunmore, PA",46368
6077005207,"Tracy, CA",46367
6065049700,"Murrieta, CA",46366
18163003801,"Rolling Greens, Evansville, IN",46365
39035134206,"Berea, OH",46364
36051031200,"Nunda, NY",46364
55117011100,"Cascade, WI",46364
9003496800,"West Hartford, CT",46363
48469001504,"Victoria, TX",46361
6013383000,"Richmond Annex, Richmond, CA",46360
6059001902,"Fullerton, CA",46359
20161001301,"Manhattan, KS",46358
6059042206,"San Clemente, CA",46358
6067002300,"Land Park, Sacramento, CA",46357
6037119001,"Pacoima, Los Angeles, CA",46357
22103041002,"Slidell, LA",46356
24035810800,"Stevensville, MD",46356
12099007420,"Boca Raton, FL",46356
42051260100,"Belle Vernon, PA",46354
6059099902,"Westminster, CA",46354
34005704500,"Wrightstown, NJ",46353
27137011400,"Makinen, MN",46353
4013611900,"Deer Valley, Phoenix, AZ",46352
12103027205,"Dove Hollow, Palm Harbor, FL",46352
39089756800,"Pataskala, OH",46352
48257050800,"Kaufman, TX",46351
39049006353,"Northwest Columbus, Columbus, OH",46350
39017015000,"Hamilton, OH",46349
19057000800,"West Burlington, IA",46348
6059063905,"College Park, Costa Mesa, CA",46348
36061007100,"Lower Manhattan, New York, NY",46348
24017851500,"Waldorf, MD",46348
36071011802,"New Hampton, NY",46348
12085000610,"Palm City, FL",46347
37119006407,"Huntersville, NC",46347
25015820900,"Granby, MA",46347
19153004501,"Magnolia Park, Des Moines, IA",46347
39095008000,"Toledo, OH",46346
12011060700,"Plantation, FL",46346
42079211204,"Dallas, PA",46345
30105100500,"Glasgow, MT",46343
6001451403,"Livermore, CA",46343
28121020703,"Pearl, MS",46342
6111006800,"Thousand Oaks, CA",46341
36085007500,"Richmond County, NY",46341
55055100300,"Watertown, WI",46341
26115831500,"Monroe, MI",46341
8097000500,"Aspen, CO",46341
48113018402,"Garland, TX",46341
25027744300,"Milford, MA",46340
12081001913,"Parrish, FL",46340
9005310100,"Torrington, CT",46339
36055006100,"Browncroft, Rochester, NY",46339
6059063202,"East Side Costa Mesa, Costa Mesa, CA",46339
29099700116,"Arnold, MO",46337
34007611300,"Camden County, NJ",46337
55079020800,"Fernwood, Milwaukee, WI",46337
17119401721,"Bethalto, IL",46336
17197881402,"Joliet, IL",46336
6075061000,"Bayview, San Francisco, CA",46336
4013061024,"Sarival Village, Goodyear, AZ",46335
42045401700,"Lansdowne, PA",46334
36029016200,"Buffalo, NY",46334
55087012300,"Kaukauna, WI",46334
26125134700,"Walled Lake, MI",46333
17143002300,"Peoria, IL",46333
37119005812,"Matthews, NC",46333
6037480302,"Alhambra, CA",46333
53061050900,"Edmonds, WA",46332
6059063803,"Mesa Verde, Costa Mesa, CA",46332
36071010600,"Walden, NY",46331
34003019303,"Palisades Park, NJ",46331
8001008401,"Bennett, CO",46331
24035810600,"Queenstown, MD",46331
39135450100,"Eaton, OH",46330
8101002913,"Pueblo West, CO",46329
36029010201,"Buffalo, NY",46329
32003005350,"Green Valley Ranch, Henderson, NV",46327
18111100400,"Lake Village, IN",46327
48121021408,"Corinth, TX",46326
36047069000,"Kings County, NY",46325
18063211100,"Coatesville, IN",46325
20205097100,"Altoona, KS",46324
25023542102,"Middleborough, MA",46324
25027759100,"East Brookfield, MA",46324
12099007504,"Boca Raton, FL",46323
9003330100,"East Hartland, Hartland, CT",46323
6097154302,"Occidental, CA",46323
4013422402,"Stonebridge Lakes Manor, Gilbert, AZ",46322
21185030401,"La Grange, KY",46322
6111000303,"Fillmore, CA",46322
30111001901,"Laurel, MT",46321
27137015100,"Side Lake, MN",46321
55021970700,"Poynette, WI",46320
39013011300,"Shadyside, OH",46320
18003010817,"Fort Wayne, IN",46320
42031160101,"Leeper, PA",46320
48039662000,"West Columbia, TX",46320
42043024502,"Grantville, PA",46318
6083000502,"East San Roque, Santa Barbara, CA",46318
55119960300,"Gilman, WI",46318
6073020022,"San Marcos, CA",46318
17099963100,"Peru, IL",46318
6065042012,"Mission Grove, Riverside, CA",46317
23005003702,"Cape Elizabeth, ME",46316
16001010504,"Southeast Boise, Boise, ID",46316
6037401603,"Bonita, La Verne, CA",46316
48149970500,"Flatonia, TX",46315
9011701100,"Ledyard, CT",46315
42077005301,"Germansville, PA",46314
39133600705,"Rootstown, OH",46312
48113018132,"Oaks, Garland, TX",46312
6037702600,"Culver City, CA",46312
37183053507,"Russell Hills, Cary, NC",46311
6037194200,"Central LA, Los Angeles, CA",46311
54051020800,"Cameron, WV",46310
55027960300,"Waupun, WI",46310
25017325100,"Ayer, MA",46310
32003002935,"Las Vegas, NV",46309
29095017700,"Independence, MO",46309
6059075405,"Santa Ana, CA",46308
37183054209,"St Andrews Plantation, Wake Forest, NC",46307
48167722100,"Texas City, TX",46306
42079210200,"Dupont, PA",46306
42091201204,"Penllyn, PA",46306
36091062300,"Mechanicville, NY",46305
11001001302,"Forest Hills, Washington, DC",46305
9003481100,"Southwood Acres, Enfield, CT",46305
40027201902,"South Oklahoma City, Oklahoma City, OK",46304
19113001002,"Cedar Hills, Cedar Rapids, IA",46304
44005041602,"Tiverton, Tiverton, RI",46304
20199954100,"Sharon Springs, KS",46303
9009351602,"Waterbury, CT",46302
36051030100,"Caledonia, NY",46302
19153010600,"Des Moines, IA",46301
56025000400,"Casper, WY",46301
5087960200,"Huntsville, AR",46300
8045952001,"Rifle, CO",46300
29183311003,"Saint Charles, MO",46300
51179010210,"Stafford, VA",46299
55031020400,"Central Park, Superior, WI",46299
42043024104,"Hummelstown, PA",46298
40109108802,"Choctaw, OK",46298
6037621201,"South Redondo, Redondo Beach, CA",46298
17019001203,"Champaign, IL",46298
27145011301,"Saint Joseph, MN",46297
48355005414,"South Side, Corpus Christi, TX",46296
39061021501,"Cincinnati, OH",46296
26045020103,"Waverly, Lansing, MI",46295
16027020902,"Nampa, ID",46295
1103000200,"Decatur, AL",46294
4019004633,"The Villages Of La Canada, Oro Valley, AZ",46294
17089851101,"Elgin, IL",46294
42017103103,"Quakertown, PA",46294
45035010819,"North Charleston, SC",46293
36081144700,"Queens County, NY",46293
49035110401,"Millcreek, UT",46293
36037950400,"Batavia, NY",46292
48039660500,"Pearland, TX",46292
48491020324,"Leander, TX",46290
6019006404,"Clovis, CA",46290
6097152502,"Santa Rosa, CA",46290
32003004918,"Las Vegas, NV",46290
48439111546,"West Arlington, Arlington, TX",46290
17037000500,"Sycamore, IL",46289
48439113911,"Keller, TX",46288
6059088201,"Garden Grove, CA",46288
42003141400,"Squirrel Hill South, Pittsburgh, PA",46287
17031811702,"Melrose Park, IL",46286
36061001600,"Chinatown, New York, NY",46285
37119005844,"Provincetowne, Charlotte, NC",46285
26045020602,"Charlotte, MI",46284
48029131802,"Adkins, TX",46284
47165020601,"Gallatin, TN",46283
31019968900,"Ravenna, NE",46283
6037620522,"North Redondo, Redondo Beach, CA",46282
46135966200,"Yankton, SD",46281
16011950600,"Blackfoot, ID",46280
37063002024,"Durham, NC",46280
53043960200,"Davenport, WA",46280
18003010811,"Fort Wayne, IN",46279
42075002900,"Myerstown, PA",46277
51019030503,"Huddleston, VA",46277
29077002700,"Bradford Park, Springfield, MO",46277
6037403406,"Valle Lindo, Walnut, CA",46277
44009050600,"Richmond, RI",46276
18141001600,"South Bend, IN",46276
39063000200,"Findlay, OH",46276
48491020509,"Avery Ranch Parkside, Austin, TX",46275
12099000206,"Loxohatchee Club, Jupiter, FL",46275
1073011206,"Pinson, AL",46275
22063040806,"Denham Springs, LA",46275
6037189905,"Central LA, Los Angeles, CA",46274
6001444400,"Newark, CA",46274
53011040101,"Yacolt, WA",46274
53057951600,"Burlington, WA",46272
19013001503,"Waterloo, IA",46272
19013001100,"Waterloo, IA",46271
48179950400,"Pampa, TX",46271
32003002944,"Las Vegas, NV",46270
5007020503,"Bentonville, AR",46270
48469001300,"Victoria, TX",46270
8013012510,"Devil's Thumb - Rolling Hill, Boulder, CO",46269
12099000702,"North Palm Beach, FL",46268
48039660801,"Pearland, TX",46268
53035092500,"Port Orchard, WA",46268
42087960500,"Lewistown, PA",46267
55095961000,"Amery, WI",46265
39153530603,"Stow, OH",46265
12011110321,"Miramar, FL",46264
29183311733,"O'Fallon, MO",46263
51199050402,"Seaford, VA",46262
17123961400,"Lacon, IL",46261
24003707001,"Shady Side, MD",46261
44009051503,"Narragansett Pier, Narragansett, RI",46260
19037070200,"Nashua, IA",46260
8041003906,"Briargate, Colorado Springs, CO",46260
37071032507,"Bethesda Oaks, Gastonia, NC",46259
6065043242,"Winchester, CA",46259
6013324002,"Pleasant Hill, CA",46259
53033020600,"Meridian Park, Shoreline, WA",46259
17031820300,"Summit, IL",46259
30049000100,"Lincoln, MT",46258
36081018502,"Queens County, NY",46255
55135100400,"Manawa, WI",46255
27083360600,"Balaton, MN",46255
42005950200,"Templeton, PA",46255
12105012304,"Lakeland, FL",46254
27053024901,"Minneapolis, MN",46253
29095015100,"Independence, MO",46253
9009154900,"West Haven, CT",46252
39049009362,"Rose Hill, Reynoldsburg, OH",46251
40143007512,"Broken Arrow, OK",46250
17021958600,"Stonington, IL",46250
13297110508,"Loganville, GA",46249
26075006304,"Clarklake, MI",46249
51059481202,"Reston, VA",46249
6001451202,"Springtown, Livermore, CA",46248
48027023404,"Salado, TX",46247
42019910800,"Butler, PA",46247
29510102100,"Princeton Heights, St. Louis, MO",46247
37025042200,"Concord, NC",46247
6059099410,"Huntington Beach, CA",46246
13113140204,"Fayetteville, GA",46246
8031002902,"South, Denver, CO",46245
24031701214,"Rockville, MD",46245
48029181808,"Northwest Side, San Antonio, TX",46245
22073005204,"West Monroe, LA",46245
50027965900,"Reading, VT",46244
39025040701,"Milford, OH",46244
40109106706,"Central Oklahoma City, Oklahoma City, OK",46242
39035173104,"Middleburg Heights, OH",46241
51810046214,"Virginia Beach, VA",46241
6111001506,"Ventura, CA",46241
42021011300,"Johnstown, PA",46240
34013014600,"Belleville, NJ",46239
37183053707,"Mountainbrook, Raleigh, NC",46239
42029305102,"Coatesville, PA",46239
12103024413,"Winston Park, Saint Petersburg, FL",46238
29063080200,"Stewartsville, MO",46238
4013105300,"North Mountain Village, Phoenix, AZ",46237
48029121811,"Uptown, San Antonio, TX",46237
42003523800,"Rosedale, Verona, PA",46237
55101000903,"Mount Pleasant, WI",46236
49035113520,"West Valley City, UT",46235
37179020204,"Monroe, NC",46233
12095014000,"Belle Isle, FL",46233
53033029102,"Kent, WA",46232
53029971100,"Coupeville, WA",46232
36027130003,"Pleasant Valley, NY",46231
46015973100,"Kimball, SD",46230
27123030703,"Greater East Side, Saint Paul, MN",46229
32027960100,"Lovelock, NV",46228
12086008701,"Miami, FL",46228
47037016600,"Nashville, TN",46225
21111010005,"Lyndon, KY",46224
4013617100,"Paradise Valley Village, Phoenix, AZ",46224
42091207900,"Red Hill, PA",46223
29047020801,"Pleasant Valley, MO",46223
31033954900,"Sidney, NE",46222
51710002400,"Larchmont/Edgewater, Norfolk, VA",46221
6101050402,"Yuba City, CA",46220
24031700834,"Germantown, MD",46220
25027716300,"Clinton, Clinton, MA",46218
20077961700,"Attica, KS",46217
41051009501,"Northeast Portland, Portland, OR",46217
42091208000,"Pennsburg, PA",46215
6037480704,"South Pasadena, CA",46215
20173008100,"Wichita, KS",46215
46099000407,"Sioux Falls, SD",46215
40109106705,"Central Oklahoma City, Warr Acres, OK",46214
31001966200,"Roseland, NE",46214
26099251900,"Saint Clair Shores, MI",46213
49049003401,"Payson, UT",46212
36067011101,"Liverpool, NY",46211
45013010700,"Hilton Head Island, SC",46211
48397040402,"Royse City, TX",46211
17099962400,"Marseilles, IL",46211
46035962900,"Mitchell, SD",46210
53033007800,"Central District, Seattle, WA",46210
42071011300,"Columbia, PA",46210
36061001200,"Lower Manhattan, New York, NY",46209
4013071512,"Bristol Manor, Peoria, AZ",46209
17119403101,"Edwardsville, IL",46208
36117020302,"Macedon, NY",46207
51149850302,"Hopewell, VA",46207
42071012301,"Ephrata, PA",46206
49049003403,"Payson, UT",46206
41003000400,"Corvallis, OR",46206
6059075506,"Tustin, CA",46203
37195000502,"Woodridge Addition, Wilson, NC",46203
29037061200,"Garden City, MO",46203
26163590600,"New Boston, Huron Charter Township, MI",46202
22069000800,"Natchitoches, LA",46202
42007604800,"Aliquippa, PA",46201
6037432500,"El Monte City, El Monte, CA",46201
5035030805,"Marion, AR",46200
13067030312,"Marietta, GA",46199
6085506601,"Castro, San Jose, CA",46199
6037403312,"Westmont, City of Industry, CA",46198
25017356701,"Arlington, MA",46198
34015501103,"Woodbury, NJ",46198
4013104900,"Cavalier Estates, Phoenix, AZ",46197
42129804400,"Greensburg, PA",46197
17203030100,"Washburn, IL",46197
42007603300,"Monaca, PA",46196
26081012003,"Lowell, MI",46196
48029172003,"Villages of Westcreek, San Antonio, TX",46195
39085200800,"Wickliffe, OH",46194
55141011400,"Wisconsin Rapids, WI",46194
39151712500,"Louisville, OH",46193
44003020400,"West Warwick, RI",46193
27095170600,"Princeton, MN",46193
53033010401,"Greater Duwamish, Seattle, WA",46192
34007608211,"Clementon, NJ",46191
6071007105,"Colton, CA",46191
26077002601,"Augusta, MI",46191
40079040500,"Wister, OK",46190
36093032700,"Rotterdam, NY",46189
17035972600,"Neoga, IL",46188
19035080200,"Cleghorn, IA",46188
42057960300,"Warfordsburg, PA",46187
17119403802,"Alhambra, IL",46186
53035091301,"Seabeck, WA",46186
8035014603,"Castle Rock, CO",46186
53061052301,"Snohomish, WA",46185
47149040904,"Murfreesboro, TN",46184
36001013602,"Menands, NY",46183
25013813000,"Blandford, MA",46183
39035123601,"Kamm's Corners, Cleveland, OH",46183
24510270501,"Woodring, Baltimore, MD",46182
8123001902,"Brighton, CO",46181
17089851000,"Elgin, IL",46180
22051024500,"New Orleans, LA",46179
6037401203,"Charter Oak, Glendora, CA",46179
41051006001,"Homestead, Portland, OR",46178
40145030511,"Broken Arrow, OK",46178
19045001000,"Calamus, IA",46176
42055012000,"Waynesboro, PA",46176
6065044929,"Palm Desert, CA",46175
36055010100,"West Irondequoit, Rochester, NY",46175
42071010400,"Manheim, PA",46175
39061021508,"Cincinnati, OH",46175
48039661800,"Rosharon, TX",46174
36061030700,"Inwood, New York, NY",46174
12057011504,"Odessa, FL",46173
55019950200,"Owen, WI",46173
6083001906,"Santa Ynez, CA",46173
6001423000,"Central Berkeley, Berkeley, CA",46173
27053011998,"Minnehaha, Minneapolis, MN",46173
6037920031,"Santa Clarita, CA",46172
34013000500,"Upper Roseville, Newark, NJ",46172
26115830500,"Carleton, MI",46172
12086008601,"Miami, FL",46172
17015960100,"Lanark, IL",46171
53061051500,"Lynnwood, WA",46170
6081604102,"San Bruno, CA",46169
51177020204,"Fredericksburg, VA",46169
47037015401,"Hermitage, Nashville, TN",46169
17165956200,"Harrisburg, IL",46167
41005023700,"Mulino, OR",46167
36119003800,"North Side, Mount Vernon, NY",46167
6059032041,"Trabuco Canyon, CA",46167
6037800328,"Calabasas, CA",46165
53061052804,"Marysville, WA",46165
26049012904,"Swartz Creek, MI",46165
19069360300,"Latimer, IA",46164
17051951000,"Vandalia, IL",46163
25013813205,"Agawam, MA",46162
36071011701,"Port Jervis, NY",46161
6037134104,"Winnetka, Los Angeles, CA",46161
55079020300,"Morgandale, Milwaukee, WI",46160
39111966700,"Jerusalem, OH",46159
51023040302,"Troutville, VA",46159
26147651200,"Casco, MI",46159
25027733102,"Webster Square, Worcester, MA",46158
17167003400,"Auburn, IL",46158
48321730700,"Palacios, TX",46158
6111002901,"Windsor North River Ridge, Oxnard, CA",46158
29095014105,"Blue Springs, MO",46157
6037143603,"North Hollywood, Los Angeles, CA",46156
55127000302,"Elkhorn, WI",46156
54011010201,"Huntington, WV",46155
41005024400,"Wilsonville, OR",46154
48201254300,"Baytown, TX",46154
27137013500,"Gilbert, MN",46154
42017105805,"Morrisville, PA",46154
16001010334,"Meridian, ID",46153
27053023400,"Hopkins, MN",46152
48051970300,"Caldwell, TX",46151
39093023400,"Lorain, OH",46151
12117021307,"Winter Springs, FL",46151
17201003805,"Machesney Park, IL",46151
19021960600,"Alta, IA",46150
44009050902,"Westerly, RI",46148
53061053508,"Arlington, WA",46148
6067000300,"Central Sacramento, Sacramento, CA",46147
17143003200,"Peoria, IL",46147
42043022502,"Linglestown, PA",46147
17145030500,"Du Quoin, IL",46147
26125130200,"White Lake, White Lake charter Township, MI",46145
19063070200,"Estherville, IA",46144
49035113539,"West Valley City, UT",46143
53067010600,"Olympia, WA",46141
55083100800,"Lena, WI",46140
48121020203,"Sanger, TX",46138
12087971501,"Cudjoe Key, FL",46138
29047022301,"Liberty, MO",46137
19075960300,"Grundy Center, IA",46136
6037650300,"Northwest Torrance, Torrance, CA",46136
36081058100,"Queens County, NY",46136
29095014007,"Grain Valley, MO",46135
22011960600,"Merryville, LA",46134
6059021813,"Anaheim Hills, Anaheim, CA",46133
55089630100,"Port Washington, WI",46133
32031002407,"Northwest Reno, Reno, NV",46132
15009030303,"Kihei, HI",46131
6095252402,"Fairfield, CA",46130
9003476100,"Windsor Locks, CT",46129
6073017049,"Poway, CA",46129
49035113510,"Salt Lake City, UT",46129
12057011005,"Kensington Estates, Lutz, FL",46127
6075026001,"Excelsior, San Francisco, CA",46127
15003010508,"Kaneohe, HI",46127
17113000302,"Normal, IL",46126
6113011103,"Woodland, CA",46125
34021003201,"Lawrence Township, NJ",46125
34029723000,"Toms River, NJ",46123
48121021723,"Lewisville, TX",46123
36061003700,"Lower Manhattan, New York, NY",46123
28033070102,"Walls, MS",46122
12086017400,"Miami, FL",46122
16083001400,"Murtaugh, ID",46121
40119010900,"Stillwater, OK",46121
29099700700,"Crystal City, MO",46120
42129805902,"Belle Vernon, PA",46120
48423001101,"Tyler, TX",46120
55071000600,"Manitowoc, WI",46120
36055011000,"East Irondequoit, Rochester, NY",46119
36029015401,"Derby, NY",46119
17155954500,"Granville, IL",46119
6037128702,"Sherman Oaks, Los Angeles, CA",46119
26063951200,"Harbor Beach, MI",46118
34023008900,"Edison, NJ",46118
26125152900,"Birmingham, MI",46117
42021010700,"Johnstown, PA",46116
21111010902,"Avondale Melbourne Heights, Louisville, KY",46116
27131070700,"Faribault, MN",46115
26147645000,"Township of Cottrellville, MI",46115
39151711402,"Canton, OH",46115
6059011200,"Fullerton, CA",46115
6073019106,"Valley Center, CA",46114
10005051204,"South Bethany, DE",46114
26123970500,"Fremont, MI",46111
12057011517,"Windsor Park at Eagles, Odessa, FL",46110
42133010400,"York, PA",46110
53011041201,"Ellsworth Springs, Vancouver, WA",46110
26099254000,"Fraser, MI",46108
39113020800,"Kettering, OH",46107
20169000700,"Salina, KS",46107
21111011519,"Louisville, KY",46106
24005430800,"Halethorpe, MD",46106
29003010300,"Savannah, MO",46106
15003007302,"Hickam Field, Honolulu, HI",46104
6073014901,"La Mesa, CA",46104
48331950300,"Rockdale, TX",46104
27035951700,"Pequot Lakes, MN",46102
6059063802,"Mesa Verde, Costa Mesa, CA",46102
53005010807,"Benton City, WA",46102
17179021201,"Washington, IL",46102
6077003500,"Valley Oak, Stockton, CA",46102
25025030100,"North End, Boston, MA",46102
29031881200,"Cape Girardeau, MO",46101
48113016522,"Cedar Hill, TX",46100
36055012700,"Rochester, NY",46100
31063961100,"Curtis, NE",46099
18173030800,"Newburgh, IN",46099
36071013800,"Highland Falls, NY",46098
55043960400,"Bloomington, WI",46098
50007002601,"Essex Junction, Essex, VT",46098
31103975400,"Springview, NE",46097
17027900500,"Centralia, IL",46096
53015002001,"Castle Rock, WA",46096
35015000800,"Loving, NM",46095
55079019400,"West View, Milwaukee, WI",46095
34029717502,"Jackson, NJ",46095
34017014000,"North Bergen, NJ",46095
17143003000,"Peoria, IL",46093
42079214500,"Wilkes-Barre, PA",46093
53021020700,"Pasco, WA",46092
51059480903,"Herndon, VA",46091
6037577604,"Marina, Long Beach, CA",46091
22051021400,"Metairie, LA",46091
6065043270,"Wildomar, CA",46090
19065080100,"West Union, IA",46090
4013420503,"Mesa, AZ",46090
18097361600,"Warren, Indianapolis, IN",46090
19193000300,"Sioux City, IA",46089
48251130208,"Burleson, TX",46088
26115832900,"Petersburg, MI",46088
38017000802,"Jefferson, Fargo, ND",46087
31025966100,"Plattsmouth, NE",46087
13121000200,"Morningside-Lenox Park, Atlanta, GA",46087
4019004428,"Tucson, AZ",46086
18063210801,"Plainfield, IN",46086
6037302103,"Citrus Grove, Glendale, CA",46086
48453000700,"Downtown, Austin, TX",46085
18085961300,"Leesburg, IN",46084
39023002606,"Springfield, OH",46083
51179010105,"Stafford, VA",46083
36081022001,"Queens County, NY",46082
19035080400,"Cherokee, IA",46081
46135966400,"Mission Hill, SD",46081
23005002001,"Nasons Corner, Portland, ME",46080
48029141900,"San Antonio, TX",46080
20165972200,"Bison, KS",46080
48439113808,"Watauga, TX",46078
55025000700,"Nakoma, Madison, WI",46078
21145031100,"Paducah, KY",46077
42003290400,"Carrick, Pittsburgh, PA",46077
39161020500,"Delphos, OH",46076
26049013301,"Lake Fenton, Fenton, MI",46075
8005080900,"Aurora Hills, Aurora, CO",46075
51810041400,"Northwest, Virginia Beach, VA",46074
36047044800,"Kings County, NY",46074
39151711502,"Canton, OH",46074
4013106400,"Camelback East Village, Phoenix, AZ",46074
37097061403,"Mooresville, NC",46073
56007967700,"Rawlins, WY",46073
6097150902,"Petaluma, CA",46072
24033805801,"Adelphi, MD",46071
42101021500,"Manayunk, Philadelphia, PA",46070
6065041808,"Corona, CA",46070
6037117102,"North Hills, Los Angeles, CA",46070
55087010601,"Appleton, WI",46070
5007020701,"Bella Vista, AR",46069
48113018118,"Garland, TX",46068
32003003313,"Las Vegas, NV",46068
18173030704,"Newburgh, IN",46068
8035014604,"Castle Rock, CO",46068
17139977000,"Lovington, IL",46067
5007020305,"Rogers, AR",46067
36047102400,"Kings County, NY",46067
9011693600,"Quaker Hill, Waterford, CT",46066
6001402600,"Downtown Oakland, Oakland, CA",46066
20173010109,"Wichita, KS",46066
12057013923,"Fish Hawk, Lithia, FL",46065
37183052701,"North Hills, Raleigh, NC",46065
37025041702,"Mount Pleasant, NC",46065
10003015100,"Wilmington Manor, DE",46065
17119402722,"Godfrey, IL",46065
16019971302,"Idaho Falls, ID",46065
8005082400,"Aurora, CO",46064
19153000102,"Des Moines, IA",46064
40103957100,"Perry, OK",46064
34017019300,"Hoboken, NJ",46064
48355002705,"Bay Area, Corpus Christi, TX",46063
36029017502,"Collins, NY",46063
9005310601,"Torrington, CT",46062
42017100811,"Langhorne, PA",46062
42003523702,"North Bessemer, Penn Hills, PA",46060
20051073000,"Ellis, KS",46060
46103011300,"Rapid City, SD",46059
8069001010,"Southridge Greens, Fort Collins, CO",46059
36029010700,"Buffalo, NY",46059
40059952100,"Buffalo, OK",46058
12071040206,"Fort Myers, FL",46058
51009010300,"Madison Heights, VA",46058
6005000200,"Fiddletown, CA",46057
19125030401,"Knoxville, IA",46057
18089041001,"Griffith, IN",46055
36065025500,"Sauquoit, NY",46055
47149040307,"Smyrna, TN",46054
51061930206,"Warrenton, VA",46054
12099006011,"Boynton Beach, FL",46054
48439113710,"Grapevine, TX",46054
42003140300,"Squirrel Hill North, Pittsburgh, PA",46053
8035013905,"Parker, CO",46052
41005023800,"Canby, OR",46051
26139020200,"Coopersville, MI",46051
17113000102,"Normal, IL",46051
12086000128,"Eastern Shores, North Miami Beach, FL",46051
6059086406,"Northeast Anaheim, Anaheim, CA",46050
36063024302,"Wilson, NY",46050
26065006200,"Mason, MI",46049
39103413000,"Seville, OH",46049
36071015200,"New Windsor, NY",46049
6059086304,"Southeast Anaheim, Anaheim, CA",46049
6059063902,"Costa Mesa, CA",46048
37001021701,"Elon, NC",46048
22019003300,"Sulphur, LA",46047
48219950600,"Ropesville, TX",46047
42129808600,"Stahlstown, PA",46047
24001001600,"Frostburg, MD",46047
56019955200,"Buffalo, WY",46047
25017341902,"Malden, MA",46047
24025301401,"Harford County, MD",46046
8037000100,"Gypsum, CO",46046
26161405200,"Bryant Pattengill East, Ann Arbor, MI",46046
8089968500,"La Junta, CO",46045
36037950600,"Batavia, NY",46045
53033003000,"Ballard, Seattle, WA",46044
4013615100,"Desert Ridge, Phoenix, AZ",46044
5007020401,"Rogers, AR",46044
39153530401,"Stow, OH",46043
6111000903,"Ojai, CA",46043
27053020700,"Twin Oaks, Crystal, MN",46042
55069961000,"Merrill, WI",46042
13067030502,"Marietta, GA",46041
48113013804,"Farmers Branch, TX",46040
55015020303,"Appleton, WI",46040
17085020300,"Galena, IL",46039
48241950700,"Buna, TX",46039
9003416000,"New Britain, CT",46038
6037143604,"Studio City, Los Angeles, CA",46038
40027202104,"Moore, OK",46038
55141010300,"Marshfield, WI",46037
17037000100,"Genoa, IL",46037
24005403401,"Pikesville, MD",46037
4013104207,"Deer Valley, Phoenix, AZ",46037
40109108707,"Midwest City, OK",46036
42051261100,"Fayette City, PA",46035
55127000600,"Sharon, WI",46035
6059021821,"Atwood, Placentia, CA",46035
27053022302,"Aquila, Saint Louis Park, MN",46035
42041010600,"Lemoyne, PA",46034
36073401300,"Kent, NY",46033
12086006801,"Northeast Coconut Grove, Miami, FL",46032
12115001506,"Sarasota, FL",46032
55035000801,"Eau Claire, WI",46032
48201241000,"Greengate Place, Spring, TX",46032
22099020100,"Breaux Bridge, LA",46032
6037503201,"East Whitter, Whittier, CA",46032
6069000600,"Hollister, CA",46031
6037650901,"Old Town Torrance, Torrance, CA",46030
49039972100,"Mount Pleasant, UT",46030
53029970300,"Oak Harbor, WA",46029
13121011405,"Roswell, GA",46028
6083002103,"Santa Maria, CA",46028
18159020200,"Sharpsville, IN",46028
34023006001,"New Brunswick, NJ",46027
25021417902,"Quincy, MA",46026
40027201508,"Norman, OK",46026
48381020100,"Amarillo, TX",46025
18099020702,"Bourbon, IN",46025
24029950100,"Galena, MD",46024
6069000200,"San Juan Bautista, CA",46024
19073080500,"Scranton, IA",46023
6075011901,"Lower Nob Hill, San Francisco, CA",46023
36061009200,"Midtown, New York, NY",46023
25015821700,"Northampton, MA",46022
6027000800,"Inyo County, CA",46022
17041952100,"Villa Grove, IL",46022
36081055500,"Queens County, NY",46021
6037128801,"Sherman Oaks, Los Angeles, CA",46021
6073013416,"Chula Vista, CA",46020
44003020102,"West Warwick, RI",46020
6001432502,"Davis Tract, San Leandro, CA",46019
9001042700,"Norwalk, CT",46019
6107002006,"Visalia, CA",46019
25005640700,"Fall River, MA",46019
22097960100,"Palmetto, LA",46016
36081012000,"Queens County, NY",46016
51810046006,"Virginia Beach, VA",46016
6055200202,"Napa, CA",46016
6111008201,"Simi Valley, CA",46015
17201003801,"Rockford, IL",46015
19087970500,"New London, IA",46014
20045000603,"Monterey, Lawrence, KS",46014
6037401500,"Bonita, La Verne, CA",46013
42069112600,"Old Forge, PA",46012
6059042320,"Aliso Viejo, CA",46010
39169000900,"Smithville, OH",46010
17031815500,"Berwyn, IL",46009
17075950300,"Danforth, IL",46008
19063070100,"Armstrong, IA",46008
48375014300,"Amarillo, TX",46007
19013002301,"Cedar Falls, IA",46007
48011950100,"Claude, TX",46006
42003320400,"Carrick, Pittsburgh, PA",46006
6019005904,"Southeast Growth Area, Fresno, CA",46006
18097330206,"Lawrence Woods, Indianapolis, IN",46006
29019001001,"Columbia, MO",46005
48201341201,"Webster, TX",46005
6047000402,"Hilmar, CA",46005
1089002600,"Huntsville, AL",46004
32003005317,"Green Valley South, Henderson, NV",46004
1089001700,"Huntsville, AL",46004
42019911700,"Evans City, PA",46004
37167930700,"Albemarle, NC",46003
42109070200,"Selinsgrove, PA",46002
17197880415,"Joliet, IL",46002
1097003704,"Berkleigh, Mobile, AL",46002
18081610605,"Greenwood, IN",46002
53067010800,"Tumwater, WA",46001
51810046400,"Virginia Beach, VA",46001
19055950300,"Manchester, IA",46000
40109108527,"Northwest Oklahoma City, Oklahoma City, OK",46000
39055311300,"Burton, OH",46000
29189210923,"Florissant, MO",46000
18141011505,"Granger, IN",45999
36021000600,"Hudson, NY",45999
42017106600,"Riegelsville, PA",45998
36081003300,"Queens County, NY",45998
8069001903,"Drake, CO",45998
10005051303,"Ocean View, DE",45998
42095015902,"Bath, PA",45997
48157672601,"Mission Bend South, Houston, TX",45997
6097150607,"Petaluma, CA",45996
45083022005,"Moore, SC",45996
6037406101,"Covina, CA",45995
6085503304,"East San Jose, San Jose, CA",45995
26125184500,"Royal Oak, MI",45995
42003141100,"Swisshelm Park, Pittsburgh, PA",45994
6059052426,"Portola Springs, Trabuco Canyon, CA",45993
8005083800,"Meadow Hills, Aurora, CO",45992
6037482101,"Monterey Park, CA",45992
18163003701,"Evansville, IN",45991
53011041107,"Vancouver, WA",45991
25001011300,"Dennis, Dennis, MA",45989
8005081600,"Meadowood, Aurora, CO",45989
6067007421,"Greens, Antelope, CA",45988
27061480802,"Grand Rapids, MN",45988
48485013300,"Sheppard Air Force Base, TX",45988
6057000102,"Grass Valley, CA",45987
24047950400,"Ocean City, MD",45987
24043011400,"Boonsboro, MD",45986
48005000902,"Crown Colony, Lufkin, TX",45986
6085503509,"Alum Rock, San Jose, CA",45985
1089011011,"Madison, AL",45984
48309003703,"Robinson, TX",45982
22051027807,"Marrero, LA",45982
48201420400,"Southwest Houston, Houston, TX",45981
27141030503,"Elk River, MN",45981
6037702700,"Park West, Culver City, CA",45981
32003005356,"Henderson, NV",45980
48201454100,"Houston, TX",45980
48201341301,"Clear Lake, Houston, TX",45979
55071010100,"Two Rivers, WI",45978
42051261300,"East Millsboro, PA",45978
42125792100,"Coal Center, PA",45977
26163571500,"Dearborn Heights, MI",45977
36099950700,"Waterloo, NY",45976
17089851801,"South Elgin, IL",45976
40109107405,"Southeast Oklahoma City, Oklahoma City, OK",45975
39017011800,"Trenton, OH",45975
18057110508,"Noblesville, IN",45973
31179978700,"Wayne, NE",45973
8123002205,"Windsor, CO",45973
6071002023,"Rancho Cucamonga, CA",45973
26125157700,"West Bloomfield Township, MI",45971
48201342300,"South Pasadena Plaza, Deer Park, TX",45971
41051010500,"Corbett, OR",45971
8001008539,"Commerce City, CO",45970
42003451102,"Carnot-Moon, Moon, PA",45970
55017011100,"New Auburn, WI",45968
48491020301,"Liberty Hill, TX",45968
33017081300,"Dover, NH",45968
6075015900,"Fillmore District, San Francisco, CA",45968
34015500300,"National Park, NJ",45968
36081058500,"Queens County, NY",45967
48381021608,"Amarillo, TX",45967
6071000504,"Chino, CA",45967
48303010405,"Lubbock, TX",45967
17031828000,"Lansing, IL",45967
26049012801,"Gaines, MI",45967
12086000125,"Sunny Isles Beach, FL",45967
26147648000,"Harsens Island, MI",45966
36103159511,"Mastic, NY",45966
55083100500,"Pound, WI",45966
6075026004,"Excelsior, San Francisco, CA",45966
25025170200,"Revere, MA",45966
36085017007,"Richmond County, NY",45965
12073002605,"Tallahassee, FL",45965
55087011700,"Kimberly, WI",45964
34029735002,"Ocean Acres, Stafford Township, NJ",45964
39061021401,"Cincinnati, OH",45963
18163000400,"Evansville, IN",45963
25023540102,"Lakeville, MA",45962
6095253204,"Vacaville, CA",45961
13117130609,"Suwanee, GA",45961
37183052801,"Heather Hills, Garner, NC",45961
51700032114,"Central Newport News, Newport News, VA",45960
13077170602,"Newnan, GA",45958
42125742200,"Washington, PA",45957
34039036600,"Westfield, NJ",45956
26163571800,"Dearborn Heights, MI",45956
49049002204,"Lake View North, Provo, UT",45956
12101031707,"Timber Greens, New Port Richey, FL",45956
12015010401,"Punta Gorda, FL",45955
48075950100,"Childress, TX",45954
6073020806,"Ramona, Ramona, CA",45954
48439105512,"Wedgwood South, Fort Worth, TX",45954
24027605401,"Dorsey's Search, Columbia, MD",45953
31109002702,"Lincoln, NE",45953
27049080102,"Red Wing, MN",45952
48469001605,"Victoria, TX",45952
29115490200,"Meadville, MO",45951
5143010106,"Fayetteville, AR",45951
42003405000,"Tarentum, PA",45951
51775010200,"Salem, VA",45951
48491021300,"Granger, TX",45951
13135050432,"Tucker, GA",45950
19081270300,"Britt, IA",45950
55071010200,"Whitelaw, WI",45949
50007002900,"Underhill, VT",45949
48113007903,"Northeast Dallas, Dallas, TX",45949
34011010700,"Bridgeton, NJ",45949
44007013300,"Foster, RI",45948
19013002304,"Cedar Falls, IA",45948
22097961700,"Opelousas, LA",45946
37125950601,"Pinehurst, NC",45946
31047968200,"Gothenburg, NE",45946
34001011600,"Estell Manor, NJ",45945
38015010100,"Bismarck, ND",45944
42095017902,"Hellertown, PA",45944
29107090400,"Higginsville, MO",45943
18127050507,"Portage, IN",45943
20081463100,"Sublette, KS",45942
22055001902,"Lafayette, LA",45942
27041450600,"Alexandria, MN",45941
25013802400,"East Forest Park, Springfield, MA",45940
31001965900,"Hastings, NE",45939
32003005315,"Green Valley South, Henderson, NV",45939
48439102202,"Crestline Area, Fort Worth, TX",45939
42041013101,"Shippensburg, PA",45939
25017311500,"Highlands, Lowell, MA",45938
6037433601,"Garvey, Rosemead, CA",45937
31107976200,"Verdigre, NE",45937
42133021100,"York, PA",45937
53053940002,"Fife, WA",45937
39035177405,"Parma, OH",45937
42033330500,"Rockton, PA",45937
48113018120,"Garland, TX",45935
48173950100,"Garden City, TX",45934
34033020600,"Carneys Point, Penns Grove, NJ",45932
8069000505,"Rogers Park, Fort Collins, CO",45932
48201323200,"Oak Cliff, Pasadena, TX",45932
19193002102,"Sioux City, IA",45931
6073020024,"San Marcos, CA",45931
26147629000,"Port Huron, MI",45931
49005001300,"Wellsville, UT",45930
55095960500,"Amery, WI",45929
18157011000,"Lafayette, IN",45929
53011040909,"Vancouver, WA",45928
6115040700,"Olivehurst, CA",45928
17103000800,"Amboy, IL",45927
38035010400,"Grand Forks, ND",45926
25027731002,"Webster Square, Worcester, MA",45926
15003008003,"Pearl City, HI",45926
48291700400,"Cleveland, TX",45926
12071000900,"Fort Myers, FL",45924
36029000600,"South Park, Buffalo, NY",45924
24033801211,"Clinton, MD",45924
8005006604,"Littleton, CO",45923
8001008543,"Brighton, CO",45923
22113951001,"Erath, LA",45922
47157021135,"Cordova, Memphis, TN",45922
6059042334,"Laguna Niguel, CA",45922
39093077100,"Grafton, OH",45921
6059062640,"Aliso Viejo, CA",45920
48201254200,"Goose Creek, Baytown, TX",45920
18097321300,"Broad Ripple, Indianapolis, IN",45919
42015950100,"Le Raysville, PA",45918
47093005706,"Knoxville, TN",45917
37167930801,"Locust, NC",45917
25023510503,"Brockton, MA",45916
36093020500,"Schenectady, NY",45916
6029005501,"Ridgecrest, CA",45916
1097002502,"Park Place, Mobile, AL",45915
53033032703,"Snoqualmie, WA",45915
9009151000,"Milford, CT",45914
45063021116,"Columbia, SC",45913
36037950300,"Corfu, NY",45912
19151780200,"Pocahontas, IA",45911
20047969600,"Lewis, KS",45911
6073008351,"Mira Mesa, San Diego, CA",45910
51041100920,"Bon Air, VA",45910
48347950502,"Nacogdoches, TX",45910
45063021022,"Lexington, SC",45910
36005026602,"Bronx County, NY",45910
48303010302,"Shallowater, TX",45910
6109003200,"Tuolumne, CA",45910
42129808401,"Ligonier, PA",45909
17031833300,"Near West Side, Chicago, IL",45909
12099007837,"Water Catchment Area, Royal Palm Beach, FL",45909
6111001101,"Oak View, CA",45909
27009021102,"Sauk Rapids, MN",45908
18087970100,"Lagrange County, IN",45907
37119005811,"Sardis Woods, Charlotte, NC",45907
36037951200,"Le Roy, NY",45907
39173021600,"Bowling Green, OH",45906
48439113404,"Hurst, TX",45906
36081053100,"Queens County, NY",45905
6071007110,"Colton, CA",45905
26125193600,"Brooklands Park, Rochester Hills, MI",45905
48139060703,"Midlothian, TX",45905
19157370300,"Grinnell, IA",45905
36047015500,"Kings County, NY",45904
25005631500,"Attleboro, MA",45904
35045000611,"Aztec, NM",45904
17161021100,"Moline, IL",45902
31055003700,"Morton Meadows, Omaha, NE",45902
42131400600,"Tunkhannock, PA",45901
42025020103,"Jim Thorpe, PA",45900
4013111100,"Camelback East Village, Phoenix, AZ",45900
12095016730,"Orlando, FL",45899
12089050203,"Fernandina Beach, FL",45899
9001080100,"Stratford, CT",45899
17031814700,"Berwyn, IL",45898
36081004401,"Queens County, NY",45898
32005001000,"Gardnerville, NV",45898
6037302202,"Mariposa, Glendale, CA",45898
20173002000,"College Hill, Wichita, KS",45897
6037920023,"Santa Clarita, CA",45896
53029972000,"Clinton, WA",45895
15009031601,"Lanai City, HI",45895
48439114008,"Fort Worth, TX",45895
32003003218,"Summerlin, Las Vegas, NV",45894
21111010405,"Louisville, KY",45894
8047013800,"Black Hawk, CO",45894
4021000316,"Gold Canyon, AZ",45893
37135011205,"Chapel Hill, NC",45892
6037430724,"Arcadia, CA",45892
6037430302,"Monrovia, CA",45892
38003968300,"Valley City, ND",45892
8031003902,"Cory - Merrill, Denver, CO",45891
12101032011,"Lexington Oaks, Wesley Chapel, FL",45891
6099000504,"Modesto, CA",45891
34017002200,"Historic Downtown, Jersey City, NJ",45891
48157675100,"Villages Of Town Center, Rosenberg, TX",45891
26139025200,"Holland Heights, Holland, MI",45890
39085200200,"Permanent Homes, Willowick, OH",45890
48303002102,"Waters, Lubbock, TX",45890
4013619600,"Paradise Valley Village, Phoenix, AZ",45890
48201552101,"Wortham Grove, Houston, TX",45887
12021010205,"Pine Ridge, Naples, FL",45886
18127050101,"Valparaiso, IN",45886
4013319000,"University Park, Tempe, AZ",45886
22051023400,"Metairie, LA",45886
53073000803,"Alabama Hill, Bellingham, WA",45886
24033800707,"Greater Upper Marlboro, Upper Marlboro, MD",45886
42043022800,"Harrisburg, PA",45885
55111000200,"Reedsburg, WI",45885
48439113627,"Bedford, TX",45885
26163564700,"Canton, MI",45885
6061021203,"Loomis, CA",45885
22097960700,"Opelousas, LA",45885
18021040500,"Center Point, IN",45884
48439105503,"Wedgwood, Fort Worth, TX",45883
53053070401,"Puyallup, WA",45883
19175190300,"Creston, IA",45882
36067011900,"Baldwinsville, NY",45882
42107002200,"Port Carbon, PA",45881
36103201100,"Brentwood, NY",45881
6067008125,"Citrus Heights, CA",45881
44007012401,"Johnston, RI",45881
36065024301,"Rome, NY",45881
26147658100,"Emmett, MI",45881
49005000300,"Logan, UT",45880
48201350400,"Southbelt/ Ellington, Houston, TX",45880
34007603001,"Merchantville, NJ",45880
13135050209,"Duluth, GA",45879
32003005321,"Green Valley South, Henderson, NV",45878
50023955600,"Warren, VT",45878
8001009401,"Westminster, CO",45878
6037131701,"Reseda, Los Angeles, CA",45877
42069101000,"Scranton, PA",45877
36081023200,"Queens County, NY",45877
55123960500,"Viroqua, WI",45877
9009184100,"Branford Center, Branford, CT",45876
12071030100,"North Fort Myers, FL",45876
48251130204,"Burleson, TX",45875
48439121601,"West Arlington, Arlington, TX",45874
39165032202,"Loveland, OH",45874
27173970300,"Clarkfield, MN",45874
36055013203,"Henrietta, NY",45873
6097154202,"Cloverdale, CA",45873
31175971300,"Ord, NE",45872
21015070503,"Burlington, KY",45872
27041450100,"Miltona, MN",45872
12057014121,"Palmetto, FL",45871
6059088302,"Garden Grove, CA",45870
31013951300,"Alliance, NE",45870
21177960600,"Greenville, KY",45870
48217960800,"Hillsboro, TX",45870
42031160200,"Lucinda, PA",45870
8069002502,"Wellington, CO",45870
44003022400,"East Greenwich, RI",45869
6037277100,"Westchester, Los Angeles, CA",45868
35025001100,"Lovington, NM",45868
29095012802,"Raytown, MO",45867
6073017056,"Carmel Mountain Ranch, San Diego, CA",45867
42133021600,"York, PA",45867
20161001302,"Manhattan, KS",45867
47065011002,"Signal Mountain, TN",45866
41067031812,"Neighbors Southwest, Beaverton, OR",45866
48201510800,"Washington Ave./ Memorial Park, Houston, TX",45866
6065043222,"Temecula, CA",45865
26125158200,"Beverly Hills, MI",45865
34015501003,"Woodbury, NJ",45865
48121021523,"The Colony, TX",45864
6059075816,"Orange, CA",45864
22039950100,"Ville Platte, LA",45863
39061010201,"Westwood, Cincinnati, OH",45863
42079210700,"Pittston, PA",45863
48201540200,"Northwest Houston, Houston, TX",45863
40109108208,"Edmond, OK",45862
37067004005,"Clemmons, NC",45861
19187010300,"Gowrie, IA",45861
35001004724,"Taylor Ranch, Albuquerque, NM",45861
39051040600,"Wauseon, OH",45860
26125122700,"Ortonville, Brandon Township, MI",45860
53061052709,"Arlington, WA",45859
26125132500,"Milford, Milford Charter Township, MI",45859
38017000502,"NDSU, Fargo, ND",45858
34017013500,"Harrison, NJ",45858
29201781100,"Scott City, MO",45857
29189211301,"Florissant, MO",45857
8107000200,"Hayden, CO",45857
12011061001,"Plantation, FL",45856
38093967400,"Jamestown, ND",45856
29189211332,"Hazelwood, MO",45856
29095014300,"South Kansas City, Kansas City, MO",45856
29021002200,"Saint Joseph, MO",45855
4013071517,"Sweetwater Place, Peoria, AZ",45855
51810046225,"Virginia Beach, VA",45854
13063040614,"Jonesboro, GA",45853
22039950700,"Ville Platte, LA",45851
6037503902,"La Mirada, CA",45850
49053271701,"St. George, UT",45850
53061050102,"Lynnwood, WA",45850
36071010101,"Wallkill, NY",45850
22051027902,"Golden Meadow, LA",45849
26081013900,"Byron Center Park, Wyoming, MI",45849
36119010902,"White Plains, NY",45848
55017010800,"Cadott, WI",45848
29189220100,"St. Louis, MO",45848
12073002408,"Killearn Acres, Tallahassee, FL",45847
6059063904,"Mesa Del Mar, Costa Mesa, CA",45847
21111011109,"Jeffersontown, KY",45846
20161000600,"Manhattan, KS",45846
48365950600,"Gary City, TX",45846
48453001746,"Cherry Creek, Austin, TX",45845
24033800403,"Bowie, MD",45845
19145490500,"Clarinda, IA",45844
6059011502,"Fullerton, CA",45844
53035090502,"Poulsbo, WA",45843
48439113920,"Parkwood Hills, Fort Worth, TX",45843
31149974600,"Bassett, NE",45841
13135050729,"Snellville, GA",45841
13135050220,"Duluth, GA",45840
34005701203,"Burlington, NJ",45839
25005613902,"Taunton, MA",45838
48113019040,"Richardson, TX",45838
19093090300,"Ida Grove, IA",45838
45019002606,"West Ashley, Charleston, SC",45836
55079021600,"The Gateway To Milwaukee, Milwaukee, WI",45835
8001060100,"North Westminster, Westminster, CO",45835
36067011241,"Clay, NY",45834
24043011302,"Hagerstown, MD",45832
6067008403,"Folsom Heights, Folsom, CA",45832
40097040800,"Adair, OK",45830
40131050407,"Tulsa, OK",45830
40137000901,"Marlow, OK",45830
8069001901,"Loveland, CO",45830
32510000200,"Carson City, NV",45830
40143006903,"Sungate, Tulsa, OK",45829
55065970100,"Blanchardville, WI",45829
45045004200,"Greenville, SC",45828
27013171000,"Lake Crystal, MN",45828
51810044402,"Northeast Virginia Beach, Virginia Beach, VA",45827
6005000500,"Jackson, CA",45826
36081015600,"Queens County, NY",45826
8069001007,"The Landings, Fort Collins, CO",45825
49049000901,"Sharon, Orem, UT",45824
12086004105,"Mid-Beach, Miami Beach, FL",45824
20011955700,"Fort Scott, KS",45823
39045030900,"Carroll, OH",45822
55101001100,"Racine, WI",45822
22119031400,"Cotton Valley, LA",45821
36081014202,"Queens County, NY",45821
5125010102,"Benton, AR",45820
34029725002,"Beachwood, NJ",45820
21225950201,"Morganfield, KY",45820
42013101100,"Altoona, PA",45820
47037016900,"Belmont/Hillsboro, Nashville, TN",45820
27145000500,"Waite Park, MN",45819
17117956800,"Wilsonville, IL",45818
51161030802,"Cave Spring, VA",45818
22051024100,"Harahan, LA",45818
26065004700,"Haslett, Meridian charter Township, MI",45817
20085082800,"Mayetta, KS",45816
4019004717,"Coronado Foothills Estates, Tucson, AZ",45816
6059062634,"Aliso Viejo, CA",45816
34039034700,"Linden, NJ",45816
39061010202,"Westwood, Cincinnati, OH",45815
42133010120,"York, PA",45814
50007002302,"Malletts Bay, Colchester, VT",45814
6059076205,"Orange, CA",45813
48113013009,"Lake Highlands, Dallas, TX",45813
35001003719,"S Y Jackson, Albuquerque, NM",45812
8013013701,"Boulder, CO",45812
4009961202,"Thatcher, AZ",45812
36021001900,"Germantown, NY",45812
27013171101,"Mankato, MN",45812
36061017900,"Upper West Side, New York, NY",45811
37119005715,"Charlotte, NC",45811
13135050723,"Snellville, GA",45811
26115830300,"Carleton, MI",45811
56025000600,"Casper, WY",45811
53041971200,"Ethel, WA",45810
34005701700,"Bordentown, NJ",45808
48201541003,"Houston, TX",45807
41053005300,"West Salem, Salem, OR",45806
17161021000,"East Moline, IL",45806
48201511302,"Northside, Houston, TX",45805
6113010703,"Sycamore South, Davis, CA",45803
16011950100,"Shelley, ID",45802
42001030500,"Biglerville, PA",45802
22063040301,"Richmond Place, Denham Springs, LA",45802
29051010300,"Jefferson City, MO",45801
48201521800,"Northwest Houston, Houston, TX",45801
36081041300,"Queens County, NY",45801
24043010600,"Clear Spring, MD",45801
48161000100,"Fairfield, TX",45801
42101002802,"East Passyunk Crossing, Philadelphia, PA",45801
26021001000,"Saint Joseph, MI",45800
34001011201,"Williamstown, Folsom, NJ",45799
36069050201,"Farmington, NY",45799
55025000204,"Madison, WI",45799
39113040101,"Woodbourne-Hyde Park, OH",45798
53011040605,"Camas, WA",45798
26099230300,"Sterling Heights, MI",45798
17031814400,"Cicero, IL",45797
20055960403,"Garden City, KS",45794
16001000803,"Southeast Boise, Boise, ID",45794
44005040900,"Newport, RI",45794
20103071000,"Leavenworth, KS",45794
26125167500,"Farmington Hills, MI",45793
4013814400,"Gilbert, AZ",45793
27145000302,"St. Cloud, MN",45793
46037952700,"Bristol, SD",45792
42085031700,"Sharpsville, PA",45792
51710002200,"Norfolk, VA",45791
6037141303,"Sherman Oaks, Los Angeles, CA",45791
17031650400,"South Side, Chicago, IL",45790
48139060207,"Red Oak, TX",45789
26067031900,"Ionia, MI",45788
42079217300,"Hazleton, PA",45787
13121009603,"Buckhead, Atlanta, GA",45787
20091051200,"Santa Fe Hills, Overland Park, KS",45787
25027756101,"Charlton, MA",45786
13113140502,"Brooks, GA",45786
27169670300,"Winona, MN",45785
15003010303,"Kaneohe, HI",45785
51095080303,"Williamsburg, VA",45785
53007960400,"Manson, WA",45784
6001427800,"West Alameda, Alameda, CA",45784
34039031602,"Elizabeth, NJ",45784
17031812100,"Oak Park, IL",45783
20159967100,"Lyons, KS",45782
39069000300,"Napoleon, OH",45782
18127050505,"Valparaiso, IN",45782
26049012802,"Swartz Creek, MI",45781
18039000400,"Goshen, IN",45781
34017014502,"North Bergen, NJ",45781
41067032407,"Reedville, Hillsboro, OR",45781
41039002201,"Eugene, OR",45780
6013338101,"Concord, CA",45779
22103041212,"Forest Brook, Mandeville, LA",45779
26067031300,"Clarksville, MI",45778
42101031402,"Oxford Circle/ Castor, Philadelphia, PA",45778
13311950100,"Sautee Nacoochee, GA",45777
24005402202,"Baltimore County, MD",45776
17043841706,"Glen Ellyn, IL",45775
29013070200,"Butler, MO",45774
4019004714,"Tucson, AZ",45774
48245010300,"Port Arthur, TX",45773
26125170100,"Berkley, MI",45772
18097320901,"Washington Township, Indianapolis, IN",45771
22003950100,"Dry Creek, LA",45771
17161022900,"Rock Island, IL",45770
41067033600,"Gaston, OR",45770
12103023800,"Crescent Heights, Saint Petersburg, FL",45769
48201543003,"Yaupon Ranch, Cypress, TX",45769
27073180300,"Dawson, MN",45769
4013422204,"Dobson Ranch, Mesa, AZ",45767
29107090602,"Bates City, MO",45766
42133023601,"York, PA",45765
12057013415,"Bloomingdale, Valrico, FL",45763
48113008100,"Dallas, TX",45763
8069001602,"Dakota Ridge, Fort Collins, CO",45763
32003003238,"Las Vegas, NV",45762
42077005901,"Catasauqua, PA",45762
51510200407,"Landmark, Alexandria, VA",45762
27003051501,"Columbia Heights, MN",45761
56025000800,"Casper, WY",45760
6111005404,"Camarillo, CA",45760
48201454301,"Oak Park Ridge, Houston, TX",45760
12105011911,"Lakeland, FL",45759
4019004636,"Copper Creek, Tucson, AZ",45759
36029016500,"Downtown, Buffalo, NY",45758
6053012502,"Monterey, CA",45758
22019003200,"Sulphur, LA",45758
12095017806,"Apopka, FL",45758
22057021400,"Cut Off, LA",45758
6071010022,"Hesperia, CA",45757
6085504805,"Plaza Del Rey, Sunnyvale, CA",45757
37105030102,"Sanford, NC",45756
17031830008,"Richton Park, IL",45756
6037670001,"Lomita, CA",45755
19181021000,"Indianola, IA",45754
48201432001,"Westside, Houston, TX",45754
6067009311,"Churchill Downs, Sacramento, CA",45754
24005491300,"Baltimore, MD",45754
6061020713,"Meadow Oaks, Roseville, CA",45753
8031012014,"Marston, Littleton, CO",45753
39085205200,"Painesville, OH",45752
36015010300,"Elmira, NY",45752
42003451105,"Carnot-Moon, Coraopolis, PA",45752
6071002035,"Rancho Cucamonga, CA",45751
9011708100,"Voluntown, CT",45751
15003004400,"Nuuanu - Punchbowl, Honolulu, HI",45750
53063013300,"Mica, WA",45749
6079011103,"San Luis Obispo, CA",45749
48355003601,"Calallen, Corpus Christi, TX",45748
12115002713,"Sarasota, FL",45748
25015822401,"Easthampton, MA",45748
12117021505,"Longwood, FL",45747
31105954500,"Kimball, NE",45747
41029000404,"Medford, OR",45747
42011010902,"Sinking Spring, PA",45747
48423002008,"Tyler, TX",45746
37147001003,"Greenville, NC",45746
6073016100,"El Cajon, CA",45745
36081010200,"Queens County, NY",45745
29189213202,"Maryland Heights, MO",45745
48201254600,"Britton Cravens, Baytown, TX",45745
29177080300,"Orrick, MO",45745
54079020400,"Winfield, WV",45744
42025020200,"Weatherly, PA",45744
36069051600,"Geneva, NY",45743
6071000404,"Chino, CA",45743
36029010001,"Buffalo, NY",45743
12095013900,"Orlando, FL",45743
24013507702,"Westminster, MD",45743
42101021000,"Manayunk, Philadelphia, PA",45742
56029965400,"Cody, WY",45742
21209040204,"Georgetown, KY",45742
21111011102,"Jeffersontown, KY",45742
39153531601,"Akron, OH",45742
45019000500,"Harleston Village, Charleston, SC",45742
34017014700,"North Bergen, NJ",45741
39151711411,"Massillon, OH",45741
55101000904,"Mount Pleasant, WI",45741
8013013305,"Longmont, CO",45740
12103027321,"Woodfield, Tarpon Springs, FL",45739
51550020001,"Indian River, Chesapeake, VA",45739
48029121812,"Uptown, San Antonio, TX",45739
17201000510,"Rockford, IL",45738
48339691500,"Grogan's Mill, Spring, TX",45737
19081270100,"Garner, IA",45737
6037554900,"Artesia, CA",45736
16005000200,"Pocatello, ID",45735
39057210401,"Dayton, OH",45734
42101034900,"Holmesburg, Philadelphia, PA",45734
8123001202,"Greeley, CO",45734
6001437102,"Glen Eden, Hayward, CA",45733
6019005906,"Sanger, CA",45733
29041470300,"Salisbury, MO",45733
29157470500,"Perryville, MO",45733
36113070701,"Glens Falls North, Queensbury, NY",45731
42091206202,"Royersford, PA",45730
6111004711,"College Estates, Oxnard, CA",45730
36081028700,"Queens County, NY",45730
6077003601,"Stockton, CA",45729
42129806100,"West Newton, PA",45729
8041007400,"Monument, CO",45729
31143960000,"Osceola, NE",45728
22017024109,"Hyde Park, Brookwood, Southern Hills, Shreveport, LA",45728
17031820202,"Hodgkins, IL",45728
36067016400,"Syracuse, NY",45727
25027754200,"Webster, MA",45726
21015070604,"Verona, KY",45725
51019030104,"Forest, VA",45725
25009266300,"Amesbury, MA",45724
34009021600,"Wildwood Crest, NJ",45724
26089970500,"Cedar, MI",45723
6037293302,"Harbor City, Los Angeles, CA",45723
51161030205,"Hollins, VA",45723
32031003512,"Sparks, NV",45723
48439113917,"Fort Worth, TX",45723
25021400700,"Emerson Gardens, Brookline, MA",45722
4013422218,"Chandler, AZ",45721
8059011702,"Kendrick Lake, Lakewood, CO",45721
55055101600,"Whitewater, WI",45721
42029311700,"West Grove, PA",45721
38027959200,"New Rockford, ND",45720
26049013001,"Byron, MI",45720
48303010511,"Lubbock, TX",45720
10003013300,"Wilmington, DE",45719
40051000903,"Tuttle, OK",45718
25023510700,"Brockton, MA",45718
12011070207,"Davie, FL",45718
9003405100,"Federal Hill, Bristol, CT",45717
17011965000,"Princeton, IL",45716
26139022001,"Holland, MI",45716
20103071600,"Tonganoxie, KS",45716
53033030802,"Auburn, WA",45715
36119009400,"White Plains, NY",45714
8059010211,"Scenic Heights, Arvada, CO",45714
53005010300,"Richland, WA",45714
17031151200,"Portage Park, Chicago, IL",45713
8069001807,"Loveland, CO",45713
8059012060,"Dakota Station, Littleton, CO",45711
36103159506,"Shirley, NY",45711
18169102400,"Wabash, IN",45711
48097000100,"Gainesville, TX",45711
46043969600,"Armour, SD",45711
4013816400,"Seville, Gilbert, AZ",45710
1097006801,"Prospect, Mobile, AL",45710
41051006002,"Southwest Portland, Portland, OR",45709
53077002802,"Yakima, WA",45708
42069112300,"Dunmore, PA",45707
6065040302,"Rubidoux, Riverside, CA",45706
48215020901,"McAllen, TX",45706
28049010304,"Clinton, MS",45705
17141961000,"Davis Junction, IL",45705
51003010402,"Glenmore, Keswick, VA",45705
6037302301,"Moorpark, Glendale, CA",45704
21179930301,"Bardstown, KY",45704
6073000300,"Hillcrest, San Diego, CA",45704
25021420201,"Randolph, MA",45704
45015020720,"Goose Creek, SC",45703
12091023304,"Destin, FL",45702
51810040404,"Northwest, Virginia Beach, VA",45701
25001010306,"Eastham, MA",45701
29099700401,"Cedar Hill, MO",45701
26065005700,"Williamston, MI",45701
6081602100,"Downtown, South San Francisco, CA",45701
39099811901,"Youngstown, OH",45701
6067009502,"Quail Hollow, Galt, CA",45700
19113010500,"Marion, IA",45700
48201541602,"Glencairn, Houston, TX",45699
39067975800,"Tippecanoe, OH",45699
17161020200,"Silvis, IL",45698
42071014401,"New Providence, PA",45697
19057000700,"Burlington, IA",45697
24033800516,"Bowie, MD",45697
25027710200,"Fitchburg, MA",45697
8041007201,"Northgate, Colorado Springs, CO",45696
27009020203,"Rice, MN",45696
23031037000,"South Eliot, Eliot, ME",45696
42005951000,"Ford City, PA",45696
42015951100,"Wyalusing, PA",45695
5045030401,"Conway, AR",45695
8059011804,"Lasley, Lakewood, CO",45695
39129021100,"Ashville, OH",45695
29183310700,"Saint Charles, MO",45695
17031804701,"Hoffman Estates, IL",45695
22101040600,"Morgan City, LA",45695
22063040500,"Denham Springs, LA",45694
30031000504,"Bozeman, MT",45693
42003464300,"Pittsburgh, PA",45693
18169102500,"Wabash, IN",45693
39085200600,"Wickliffe, OH",45693
18003011702,"Fort Wayne, IN",45691
32003005844,"Las Vegas, NV",45691
42091205501,"Ardmore, PA",45690
6071000603,"Chino, CA",45689
34029735001,"Manahawkin, Stafford Township, NJ",45688
20179952700,"Hoxie, KS",45687
53077003100,"Selah, WA",45686
12095018100,"Ocoee, FL",45685
18029080202,"West Harrison, IN",45685
51095080304,"Williamsburg, VA",45685
15003010901,"Kailua, HI",45684
18007100100,"Otterbein, IN",45683
18097341000,"Indianapolis, IN",45683
27097780800,"Bowlus, MN",45683
48139060211,"Midlothian, TX",45682
15003010202,"Koolauloa, Laie, HI",45681
55085971300,"Minocqua, WI",45681
27117460200,"Pipestone, MN",45681
33003955100,"Bartlett, NH",45680
25027754400,"Webster, MA",45680
55079185200,"Saint Francis, WI",45680
39041011760,"Westerville, OH",45680
18141012000,"South Bend, IN",45679
47149040903,"Murfreesboro, TN",45679
12086012300,"Hialeah, FL",45678
13135050205,"Duluth, GA",45678
32003006104,"Las Vegas, NV",45678
26145012200,"Merrill, MI",45677
12073002414,"Killearn Estates, Tallahassee, FL",45677
53033001900,"Maple Leaf, Seattle, WA",45677
11001001002,"Cathedral Heights, Washington, DC",45676
22073001700,"Monroe, LA",45676
6083000400,"Upper East, Santa Barbara, CA",45676
17083010402,"Jerseyville, IL",45675
12095016704,"Orlando, FL",45675
36029005100,"North Park, Buffalo, NY",45675
53033025805,"Renton, WA",45675
21095970800,"Harlan, KY",45674
34007608403,"Sicklerville, NJ",45674
47065010304,"Soddy-Daisy, TN",45674
36067015601,"Kirkville, NY",45673
19097950200,"Bellevue, IA",45672
12095016409,"Orlando, FL",45672
41067030801,"Bull Mountain, Tigard, OR",45670
26077006102,"Schoolcraft, MI",45670
17031160400,"Irving Park, Chicago, IL",45669
27013170200,"Mankato, MN",45669
36029009107,"Buffalo, NY",45669
47113001604,"Jackson, TN",45669
39133602100,"Mogadore, OH",45668
29183311735,"O'Fallon, MO",45668
23005004600,"Yarmouth, ME",45667
4013619800,"Paradise Valley Village, Phoenix, AZ",45667
55095960800,"Osceola, WI",45667
6077005209,"Tracy, CA",45666
31003979700,"Neligh, NE",45665
49035113521,"Taylorsville, UT",45665
39173021300,"Grand Rapids, OH",45664
26125184100,"Royal Oak, MI",45663
51119951200,"Deltaville, VA",45663
18043071101,"Georgetown, IN",45663
39103415200,"Brunswick, OH",45663
44003020500,"West Warwick, RI",45663
39035180102,"Richmond Heights, OH",45663
21111009400,"Louisville, KY",45662
29095014108,"Blue Springs, MO",45662
5125010512,"Benton, AR",45662
36081116300,"Queens County, NY",45662
12095012600,"College Park, Orlando, FL",45661
55079019000,"Jackson Park, Milwaukee, WI",45660
6059088002,"Garden Grove, CA",45660
4013010101,"Scottsdale, AZ",45660
17197880121,"Bolingbrook, IL",45659
37119005709,"Matthews, NC",45659
51165011800,"Harrisonburg, VA",45658
36047049000,"Kings County, NY",45658
12086003703,"Downtown Miami, Miami, FL",45657
29107090300,"Waverly, MO",45656
31041971900,"Broken Bow, NE",45654
6083002928,"Goleta, CA",45653
18157010600,"Lafayette, IN",45653
13045911100,"Carrollton, GA",45653
46011958803,"Brookings, SD",45652
15003003404,"Makiki - Lower Punchbowl - Tantalus, Honolulu, HI",45652
6073020306,"San Marcos, CA",45651
53035080900,"Bremerton, WA",45651
24033801308,"Fort Washington, MD",45651
36029015900,"Springville, NY",45650
26017285600,"Auburn, MI",45650
6071002037,"West End, Fontana, CA",45650
47039955101,"Decaturville, TN",45649
30009000100,"Joliet, MT",45649
33013032706,"Concord, NH",45648
49011125503,"Syracuse, UT",45648
49049000102,"Lehi, UT",45648
15003002702,"Mānoa, Honolulu, HI",45648
37129011705,"Wilmington, NC",45647
26121001700,"Muskegon, MI",45647
33011021000,"Weare, NH",45647
17177000400,"Pearl City, IL",45647
42095015802,"Wind Gap, PA",45646
48029121119,"Uptown, San Antonio, TX",45646
17129010300,"Petersburg, IL",45646
42105950400,"Coudersport, PA",45646
48029181724,"Far West Side, Helotes, TX",45645
34025812200,"Eatontown, NJ",45644
6071010024,"Hesperia, CA",45644
9005266100,"Kent, CT",45644
27053024600,"Minneapolis, MN",45643
36029014801,"Akron, NY",45642
20103070900,"Leavenworth, KS",45640
6073018803,"Bonsall, CA",45639
48183010100,"Longview, TX",45639
26123970400,"Fremont, MI",45639
4013813500,"Circle G Riggs Homestead, Chandler, AZ",45638
56023978100,"Afton, WY",45638
53035091600,"Bremerton, WA",45637
55059002904,"Trevor, WI",45637
37119002004,"Lansdowne, Charlotte, NC",45636
15003005200,"Downtown, Honolulu, HI",45636
36071014400,"Florida, NY",45636
17089853006,"Aurora, IL",45635
6059088107,"Garden Grove, CA",45635
6061021106,"Rocklin, CA",45635
55101001801,"Union Grove, WI",45635
36055014202,"Rochester, NY",45634
42091205906,"King of Prussia, PA",45633
32003005359,"Paradise Hills, Henderson, NV",45633
48199030700,"Silsbee, TX",45633
48453001848,"North Austin, Austin, TX",45633
6001404800,"Dimond, Oakland, CA",45633
39085206500,"Mentor, OH",45632
4019004053,"Tucson, AZ",45632
44003021902,"Warwick, RI",45632
32003007600,"Mesquite, NV",45632
40019892400,"Wilson, OK",45632
32031002610,"North Valleys, Reno, NV",45632
31089974100,"O'Neill, NE",45632
27003050807,"Blaine, MN",45631
55135100300,"Iola, WI",45631
48091310802,"New Braunfels, TX",45631
20173010801,"Cottonwood Village, Wichita, KS",45631
42017100500,"Bristol, PA",45630
6111000902,"Ojai, CA",45630
50015953100,"Jeffersonville, Cambridge, VT",45630
25025170400,"Revere, MA",45629
53035092801,"Port Orchard, WA",45629
32003003223,"Summerlin, Las Vegas, NV",45629
6017030602,"Garden Valley, CA",45627
34039034500,"Linden, NJ",45626
17183001200,"Danville, IL",45626
13117130506,"Cumming, GA",45626
36047047000,"Kings County, NY",45625
34015501704,"Franklinville, Franklin, NJ",45625
6073014804,"La Mesa, CA",45625
21091960300,"Hawesville, KY",45625
6055200704,"Napa, CA",45624
36087011504,"Spring Valley, NY",45622
8067970703,"Durango, CO",45622
26125157500,"West Bloomfield Township, MI",45622
6017030502,"South Lake Tahoe, CA",45621
22047952700,"Plaquemine, LA",45621
44007013101,"Chepachet, Glocester, RI",45621
48201323600,"Parkview South, Pasadena, TX",45620
6019004408,"Fresno, CA",45620
39061022000,"Cincinnati, OH",45620
6085503108,"South San Jose, San Jose, CA",45620
49025130100,"Kanab, UT",45619
46123971600,"Winner, SD",45618
46135966302,"Yankton, SD",45618
51540000700,"Venable, Charlottesville, VA",45617
1073011500,"Dora, AL",45616
48439113631,"Grapevine, TX",45616
20177003301,"Topeka, KS",45616
1117030407,"Montevallo, AL",45616
26077001300,"Parchment, MI",45615
47021070201,"Pleasant View, TN",45615
42055010400,"Chambersburg, PA",45615
42069110300,"Dalton, PA",45614
48441010100,"Abilene Heights Area, Abilene, TX",45614
42013011600,"Claysburg, PA",45614
48251130207,"Burleson, TX",45613
18145710200,"Fairland, IN",45612
37037020103,"Chapel Hill, NC",45612
6017031302,"Pollock Pines, CA",45612
39035172103,"Cleveland, OH",45610
51041100818,"Chesterfield, VA",45609
26111290900,"Midland, MI",45609
6085503510,"Alum Rock, San Jose, CA",45609
42021013200,"South Fork, PA",45608
40027202403,"Norman, OK",45608
4011960200,"Morenci, AZ",45608
51810041600,"Northwest, Virginia Beach, VA",45607
48071710401,"Winnie, TX",45607
17099962100,"La Salle County, IL",45607
42125713700,"Burgettstown, PA",45607
6065042738,"Menifee, CA",45606
42003431400,"Pittsburgh, PA",45606
32003003233,"Town Center Village, Las Vegas, NV",45605
37129011701,"Longleaf Acres, Wilmington, NC",45605
24015030200,"Chesapeake City, MD",45604
4013422220,"Chandler, AZ",45604
36081038302,"Queens County, NY",45604
55135101000,"Waupaca, WI",45603
51023040501,"Troutville, VA",45603
36055011901,"Fairport, NY",45602
37135012202,"Chapel Hill, NC",45600
19025950200,"Calhoun County, IA",45600
24015031301,"Port Deposit, MD",45599
4013217002,"Park Scottsdale One, Scottsdale, AZ",45599
47187051100,"Thompson's Station, TN",45599
42037050400,"Orangeville, PA",45599
39067975900,"Cadiz, OH",45599
9011693400,"Central Waterford, Waterford, CT",45598
19159950200,"Mount Ayr, IA",45597
27131070300,"Faribault, MN",45597
55073001202,"Mosinee, WI",45597
24033801104,"Joint Base Andrews, MD",45597
54059957100,"Kermit, WV",45596
27061480700,"Grand Rapids, MN",45595
15003000114,"Hawaii Kai, Honolulu, HI",45595
31147964500,"Falls City, NE",45594
41051010407,"Powell Valley, Gresham, OR",45594
4013319904,"South Tempe, Tempe, AZ",45592
31055005600,"Benson, Omaha, NE",45592
48367140411,"Weatherford, TX",45592
41067031404,"Cedar Hills, Portland, OR",45591
39095010100,"Oregon, OH",45590
36061005600,"Midtown, New York, NY",45590
18057110201,"Arcadia, IN",45589
46103011001,"Rapid City, SD",45589
48157671800,"Stafford, TX",45589
21111010601,"Louisville, KY",45589
49057210704,"Roy, UT",45588
55039040400,"Fond du Lac, WI",45588
33015067502,"Newmarket, Newmarket, NH",45587
53033001200,"North Seattle, Seattle, WA",45587
36069050400,"Phelps, NY",45586
21111011513,"Highview, Louisville, KY",45586
13073030304,"Evans, GA",45586
42129806600,"Tarrs, PA",45585
55123960300,"Westby, WI",45585
26125153300,"Birmingham, MI",45584
19113001101,"Cedar Rapids, IA",45584
49049010505,"Santaquin, UT",45584
4013216837,"Central Scottsdale, Scottsdale, AZ",45583
6001435104,"Mission - Garin, Hayward, CA",45583
22019001000,"Lake Charles, LA",45582
12086008501,"Olympia Heights, FL",45582
36081016100,"Queens County, NY",45582
17101880700,"Lawrenceville, IL",45581
10003012000,"Wilmington, DE",45580
49035112605,"Sandy, UT",45580
4013817100,"Villages At Queen Creek, Queen Creek, AZ",45580
27153790300,"Clarissa, MN",45580
17185957500,"Mount Carmel, IL",45579
21037051102,"Dayton, KY",45578
26099241000,"Clinton Township, MI",45578
42091209201,"Pottstown, PA",45578
6111002700,"Ventura, CA",45577
42043022702,"Harrisburg, PA",45577
36061000800,"Lower Manhattan, New York, NY",45576
47149041201,"Murfreesboro, TN",45576
24031700717,"Gaithersburg, MD",45575
34027044900,"Dover, NJ",45573
36005035100,"Bronx County, NY",45573
16027021903,"Middleton, ID",45573
21239050106,"Versailles, KY",45573
18001030600,"Berne, IN",45572
25005652200,"New Bedford, MA",45572
9005320100,"Winsted, Winchester, CT",45571
12101031604,"Land O Lakes, Land O' Lakes, FL",45571
6037901011,"Lancaster, CA",45570
48291700500,"Cleveland, TX",45569
51041101012,"Midlothian, VA",45569
27055020900,"Houston County, MN",45568
19139050400,"Muscatine County, IA",45568
12071060300,"Bonita Springs, FL",45567
24031703800,"Silver Spring, MD",45567
8123002010,"Longmont, CO",45567
37135011700,"Chapel Hill, NC",45566
22079013600,"Glenmora, LA",45566
6013307204,"Antioch, CA",45566
42049010902,"Erie, PA",45565
17041952300,"Arthur, IL",45565
6097150500,"Glen Ellen, CA",45564
30013010700,"Sun River, MT",45564
18097330204,"Indianapolis, IN",45563
26025001700,"Battle Creek, MI",45563
22097961800,"Sunset, LA",45562
12057010701,"Tampa, FL",45561
51059415300,"Groveton, Alexandria, VA",45560
51810046222,"Virginia Beach, VA",45560
47113001609,"Jackson, TN",45559
47159975300,"Elmwood, TN",45558
42005951600,"Apollo, PA",45558
42069101700,"Scranton, PA",45558
39023002605,"Springfield, OH",45557
6059063903,"Costa Mesa, CA",45557
32031001400,"West University, Reno, NV",45557
6037267404,"Sawtelle, Los Angeles, CA",45556
48121021303,"Denton, TX",45555
48381021801,"Canyon, TX",45555
8013012907,"Lafayette, CO",45554
12105011834,"Lakeland, FL",45553
18097320109,"Washington Township, Indianapolis, IN",45553
38015010200,"Bismarck, ND",45552
8013013302,"Longmont, CO",45552
17137952200,"Murrayville, IL",45552
36067010321,"Cicero, NY",45551
39035190504,"Cuyahoga County, OH",45551
6097153706,"Forestville, CA",45550
34021004201,"Princeton, NJ",45549
25025000504,"Brighton, Boston, MA",45549
18029080101,"Guilford, IN",45548
6085503511,"Alum Rock, San Jose, CA",45547
53025011200,"Ephrata, WA",45546
40007951600,"Forgan, OK",45546
12086008602,"Miami, FL",45546
11001006700,"Southeast Washington, Washington, DC",45546
38017000700,"Downtown, Fargo, ND",45545
36081025900,"Queens County, NY",45545
17067954100,"Hamilton, IL",45545
17031806501,"Des Plaines, IL",45545
31039972700,"Beemer, NE",45544
6073011100,"Coronado, CA",45544
15009031000,"Wailuku, HI",45544
32003002977,"Las Vegas, NV",45543
48113018127,"Garland, TX",45543
48257051202,"Scurry, TX",45543
25001011700,"West Dennis, Dennis, MA",45543
6073020309,"Country Club, Escondido, CA",45541
55127001603,"Williams Bay, WI",45541
18141010900,"South Bend, IN",45541
40097040300,"Pryor, OK",45540
39139003002,"Butler, OH",45540
32003003321,"Las Vegas, NV",45539
18003010307,"Fort Wayne, IN",45538
42125753700,"Washington, PA",45537
18003011701,"Roanoke, IN",45537
36061013900,"Hell's Kitchen, New York, NY",45536
39125960100,"Defiance, OH",45536
6067008204,"Orangevale, CA",45536
34035051500,"Manville, NJ",45536
33013039000,"Hopkinton, NH",45535
17119403534,"Collinsville, IL",45535
40047001601,"Enid, OK",45535
6065042214,"Moreno Valley, CA",45534
42129806800,"Mount Pleasant, PA",45533
42043022605,"Harrisburg, PA",45533
12086015200,"Miami, FL",45533
18183050700,"Columbia City, IN",45533
6059099803,"Westminster, CA",45532
29095014502,"Independence, MO",45532
48027020100,"Troy, TX",45532
32031002613,"Reno, NV",45531
35001003738,"Eisenhower Area, Albuquerque, NM",45531
36023971000,"Cortland, NY",45531
37071031003,"Mount Holly, NC",45531
1083020900,"Athens, AL",45530
19161080400,"Sac City, IA",45530
40017300700,"El Reno, OK",45529
6061021129,"Rocklin, CA",45529
18107957300,"Crawfordsville, IN",45528
6037701602,"Mid-City, Santa Monica, CA",45527
4013610300,"Anthem, New River, AZ",45527
31007954000,"Harrisburg, NE",45527
22055001905,"Lafayette, LA",45527
33017084100,"Rochester, NH",45527
37067004104,"Pfafftown, NC",45526
21111011106,"Jeffersontown, KY",45526
16065950100,"Rexburg, ID",45523
16001010501,"Kuna, ID",45523
49031960100,"Junction, UT",45523
23031038001,"Kittery, Kittery, ME",45523
1097003100,"Skyland Park, Mobile, AL",45523
32003002837,"Las Vegas, NV",45522
34023007908,"Parlin, Old Bridge Township, NJ",45521
48141010213,"Bear Ridge, El Paso, TX",45521
17031610800,"Canaryville, Chicago, IL",45521
32003005335,"Black Mountain, Henderson, NV",45520
29019001201,"Columbia, MO",45520
42003140800,"Squirrel Hill South, Pittsburgh, PA",45519
53033030600,"Auburn, WA",45519
6095253404,"Dixon, CA",45519
12073001602,"Tallahassee, FL",45518
48039661000,"Alvin, TX",45518
34035053404,"Somerset, Franklin Township, NJ",45518
36079010100,"Patterson, NY",45517
31055006602,"Central Omaha, Omaha, NE",45517
22057021800,"Raceland, LA",45517
41005021000,"Lewelling, Milwaukie, OR",45517
12103025123,"Seminole, FL",45516
17117956900,"Gillespie, IL",45515
26099251000,"Saint Clair Shores, MI",45515
19075960400,"Conrad, IA",45515
1079979300,"Town Creek, AL",45514
26163575000,"Dearborn, MI",45513
4013040531,"Shawnee Village, Surprise, AZ",45513
27123033300,"Merriam Park West, Saint Paul, MN",45512
28075001101,"Meridian, MS",45511
22071011400,"Uptown/Carrollton, New Orleans, LA",45511
19163011800,"Davenport, IA",45510
12011020320,"Maplewood, Coral Springs, FL",45509
27053020304,"Minneapolis, MN",45507
48141010338,"Ranchos del Sol, El Paso, TX",45507
47163043600,"Kingsport, TN",45507
26043950100,"Felch, MI",45507
5045030301,"Conway, AR",45507
17099961800,"Earlville, IL",45506
6067004006,"Pocket, Sacramento, CA",45505
39165031300,"Lebanon, OH",45505
36085014100,"Richmond County, NY",45505
25005641800,"Fall River, MA",45505
17031411000,"South Side, Chicago, IL",45505
36061005800,"Midtown, New York, NY",45505
18157001600,"Lafayette, IN",45504
13135050722,"Snellville, GA",45504
26127010900,"Shelby, MI",45503
6067009612,"Elk Grove, CA",45503
28033070222,"Horn Lake, MS",45503
36059517101,"Glen Cove, NY",45503
36041950300,"Indian Lake, NY",45503
36055014302,"Rochester, NY",45502
49057210512,"Riverdale, UT",45501
51041100206,"Chesterfield, VA",45499
32031002410,"Northwest Reno, Reno, NV",45499
8099000100,"Lamar, CO",45499
42043023800,"Middletown, PA",45499
20177003002,"South/Southeast 3, Topeka, KS",45498
17019010400,"Rantoul, IL",45497
42079215000,"Sugar Notch, PA",45497
21073070702,"Frankfort, KY",45497
6081606100,"East San Mateo, San Mateo, CA",45496
12099007710,"Lake Worth, FL",45495
37067004007,"Clemmons, NC",45495
54107010901,"Washington, WV",45495
18089042901,"Cedar Lake, IN",45494
6111006500,"Thousand Oaks, CA",45494
36001000502,"Pine Hills, Albany, NY",45494
42043023900,"Middletown, PA",45494
17071973400,"Gladstone, IL",45492
42003488400,"West Mifflin, PA",45492
22063040805,"Denham Springs, LA",45490
48485013800,"Iowa Park, TX",45490
34029739000,"Surf City, NJ",45490
6065048200,"Corona, CA",45489
36063022401,"Love Canal, Niagara Falls, NY",45487
53007961302,"Wenatchee, WA",45487
6099000101,"Oakdale, CA",45487
36081010400,"Queens County, NY",45487
6099000501,"Modesto, CA",45486
48201531500,"Northside, Houston, TX",45486
20147475100,"Phillipsburg, KS",45486
6037134101,"Winnetka, Los Angeles, CA",45486
12086016700,"Miami, FL",45486
48135001300,"Odessa, TX",45485
55139000300,"Oshkosh, WI",45484
39049007830,"Fifth by Northwest, Columbus, OH",45484
45083022405,"Boiling Springs, SC",45484
4013103614,"North Mountain Village, Phoenix, AZ",45484
6085503602,"Alum Rock, San Jose, CA",45484
13089021102,"Atlanta, GA",45484
17197884101,"Romeoville, IL",45483
27091790200,"Fairmont, MN",45483
41071030602,"McMinnville, OR",45483
53053072601,"Gig Harbor, WA",45482
22039950400,"Ville Platte, LA",45482
27041450800,"Osakis, MN",45482
42099030400,"Marysville, PA",45482
48201522000,"Northwest Houston, Houston, TX",45482
22085000600,"Florien, LA",45482
48457950500,"Warren, TX",45481
26093721100,"Howell, MI",45481
53029971700,"Camano Island, WA",45479
9003497100,"West Hartford, CT",45479
19127951000,"Marshalltown, IA",45479
44009051304,"South Kingstown, RI",45478
40109108201,"Edmond, OK",45478
8059011733,"Union Square, Lakewood, CO",45477
6013359102,"Pinole, CA",45475
6111002000,"Ventura, CA",45475
15003004100,"Makiki - Lower Punchbowl - Tantalus, Honolulu, HI",45474
48279950200,"Earth, TX",45474
12095016200,"Winter Park, FL",45474
9005310803,"Torrington, CT",45474
6001437400,"Harder - Tennyson, Hayward, CA",45473
42101018300,"Bridesburg, Philadelphia, PA",45473
19019950400,"Independence, IA",45473
12086008209,"Palmetto Bay, FL",45472
44007011800,"North Providence, RI",45472
12103025110,"Seminole, FL",45472
48251130211,"Burleson, TX",45471
2020001300,"Turnagain, Anchorage, AK",45471
27095170700,"Princeton, MN",45470
29510101300,"Holly Hills, St. Louis, MO",45470
8113968200,"Redvale, CO",45469
26151970200,"Ubly, MI",45469
6037503502,"East Whitter, Whittier, CA",45468
12099007734,"Boca Raton, FL",45468
18129040200,"New Harmony, IN",45468
4013422623,"Gilbert, AZ",45467
32003005837,"Las Vegas, NV",45466
47159975000,"Pleasant Shade, TN",45466
34011010302,"Newport, NJ",45466
39083007400,"Gambier, OH",45465
37057060102,"Cherokee Valley, Winston-Salem, NC",45465
22019002500,"Westlake, LA",45465
6041105000,"Novato, CA",45464
48113014001,"Farmers Branch, TX",45464
12057011410,"Citrus Park Community, Tampa, FL",45464
48341950300,"Dumas, TX",45461
39097040101,"Plain City, OH",45461
53067012610,"Tenino, WA",45460
6083000501,"Santa Barbara, CA",45459
42133023302,"Red Lion, PA",45459
55047100300,"Princeton, WI",45459
12057013407,"Brandon, FL",45459
6037101122,"Tujunga, Los Angeles, CA",45458
36047099200,"Kings County, NY",45458
12087970200,"Key Largo, FL",45458
48223950200,"Cumby, TX",45458
24033800705,"Upper Marlboro, MD",45456
55079021800,"Gra-Ram, Milwaukee, WI",45456
48439113109,"North Arlington, Arlington, TX",45456
41051010409,"Kelly Creek, Gresham, OR",45455
24003750300,"Linthicum Heights, MD",45453
55017010700,"Chippewa Falls, WI",45452
24005451802,"Middle River, MD",45452
27119020100,"East Grand Forks, MN",45452
37067004010,"Winston-Salem, NC",45452
36033950700,"Saint Regis Falls, NY",45451
53041971700,"Mossyrock, WA",45451
39157020200,"Bolivar, OH",45450
37129012006,"Pine Valley Estates, Wilmington, NC",45450
36029009900,"Buffalo, NY",45450
26063950200,"Port Hope, MI",45450
6037621102,"Hermosa Beach, CA",45449
12117020811,"Lake Mary, FL",45449
12117020805,"Lake Mary, FL",45447
22015011109,"Bossier City, LA",45447
55073001000,"Rothschild, WI",45447
25013812800,"Westfield, MA",45446
51041100812,"Chesterfield, VA",45446
26005030704,"Fennville, MI",45446
6065042412,"Moreno Valley, CA",45444
48361021100,"Orange, TX",45444
6037481001,"Alhambra, CA",45443
36067011402,"Baldwinsville, NY",45442
55117001000,"Sheboygan, WI",45441
53017950300,"East Wenatchee, WA",45441
41009971100,"Vernonia, OR",45440
47093006206,"Knoxville, TN",45440
6071001703,"Chino, CA",45440
48209010804,"Wimberley, TX",45439
17191954900,"Fairfield, IL",45439
10003013700,"Newark, DE",45439
18033020800,"Spencerville, IN",45438
17091011800,"Bradley, IL",45438
6067009320,"Sacramento, CA",45437
34001011300,"Minotola, Buena, NJ",45437
47165021107,"Hendersonville, TN",45436
26099228100,"Utica, MI",45435
17015960200,"Savanna, IL",45435
44007010701,"Riverside, East Providence, RI",45435
55139003701,"Neenah, WI",45435
26025003900,"Marshall, MI",45434
26125198100,"Troy, MI",45434
36081012400,"Queens County, NY",45434
34011010600,"Bridgeton, NJ",45434
6067003900,"Southwestern Sacramento, Sacramento, CA",45433
12086007601,"Miami, FL",45433
6107001703,"Visalia, CA",45432
6073021202,"Alpine, CA",45432
40143007624,"Bixby, OK",45432
48201321700,"Meadowbrook/ Allendale, Houston, TX",45432
36111951100,"Woodstock, NY",45432
17031760801,"O'Hare, Chicago, IL",45431
4013612800,"Desert View Village, Cave Creek, AZ",45431
12099000904,"Palm Beach Gardens, FL",45431
53041971500,"Chehalis, WA",45430
29019001104,"Columbia, MO",45430
51153901506,"Gainesville, VA",45428
24017850802,"Waldorf, MD",45428
6071000501,"Chino, CA",45428
6111005504,"Camarillo, CA",45427
6085503111,"Meadows, San Jose, CA",45426
48029181821,"Country View, San Antonio, TX",45426
41051006403,"Southwest Portland, Portland, OR",45425
48439113925,"Summerfields, Fort Worth, TX",45425
27035951301,"Baxter, MN",45425
39161020400,"Venedocia, OH",45424
6017031000,"Placerville, CA",45423
19163010402,"Davenport, IA",45423
25017355000,"North Cambridge, Cambridge, MA",45423
48453001844,"North Austin, Austin, TX",45422
6075021700,"Glen Park, San Francisco, CA",45421
27035951302,"Baxter, MN",45420
24003731311,"Green Haven, Pasadena, MD",45420
36005040900,"Bronx County, NY",45420
6077004307,"Lodi, CA",45419
26049013111,"Fenton, MI",45419
6001421900,"Northwest Berkeley, Berkeley, CA",45419
53053073113,"Graham, WA",45418
42017105811,"Levittown, PA",45418
42079211900,"Wilkes-Barre, PA",45417
44009050500,"Exeter, RI",45417
48085030100,"Blue Ridge, TX",45416
45055970905,"Lugoff, SC",45415
17115002402,"Decatur, IL",45415
6101051100,"Trowbridge, CA",45414
53049950700,"Long Beach, WA",45413
6073016402,"El Cajon, CA",45412
42117950800,"Wellsboro, PA",45411
34017011100,"Constable Hook, Bayonne, NJ",45411
12071040108,"Fort Myers, FL",45411
27137012400,"Hibbing, MN",45410
6037603703,"Hawthorne, CA",45409
20173010116,"Wichita, KS",45408
39085201600,"Willoughby, OH",45408
19101090200,"Batavia, IA",45407
51199050303,"Yorktown, VA",45407
36039080201,"Greenville, NY",45407
8013060900,"Lafayette, CO",45407
53063010900,"Spokane, WA",45407
21037052400,"Newport, KY",45407
51179010304,"Fredericksburg, VA",45406
25017339802,"Medford, MA",45406
42107002100,"Pottsville, PA",45406
6037183104,"Northeast Los Angeles, Los Angeles, CA",45405
51199050306,"Yorktown, VA",45405
44003021800,"Warwick, RI",45405
27137014100,"Babbitt, MN",45404
48085031658,"Plano, TX",45403
17197880112,"Bolingbrook, IL",45403
5045031005,"Conway, AR",45403
4019004047,"Tucson, AZ",45402
24019970804,"Woolford, MD",45402
17113001402,"Bloomington, IL",45401
17177000300,"Lena, IL",45400
39095006300,"DeVeaux, Toledo, OH",45400
19147960400,"Ruthven, IA",45400
36081010600,"Queens County, NY",45400
17025971900,"Louisville, IL",45400
55063000500,"Goosetown-Campus, La Crosse, WI",45398
51510200701,"Eisenhower West, Alexandria, VA",45398
22077952300,"New Roads, LA",45398
32011000100,"Eureka, NV",45397
4013420208,"Mesa, AZ",45396
6073017009,"Old Poway, Poway, CA",45395
18019050501,"Clarksville, IN",45394
39051040200,"Swanton, OH",45393
34031203600,"Prospect Park, NJ",45393
12081002005,"Bradenton, FL",45393
24021767500,"Rocky Ridge, MD",45393
27109000901,"Rochester, MN",45392
19197680100,"Belmond, IA",45392
6017030704,"El Dorado Hills, CA",45391
17185957200,"Mount Carmel, IL",45391
42097081900,"Sunbury, PA",45390
6021010502,"Princeton, CA",45389
36001014002,"Albany, NY",45389
48333950200,"Goldthwaite, TX",45388
49049010409,"Santaquin, UT",45388
12103027904,"Isle Of Capri, Treasure Island, FL",45387
12103024004,"Shore Acres, Saint Petersburg, FL",45387
6001435700,"San Lorenzo, CA",45385
1103005103,"Decatur, AL",45384
36047007500,"Kings County, NY",45382
34023008103,"Helmetta, NJ",45382
26161403200,"Upper Water Hill, Ann Arbor, MI",45382
29099700114,"Imperial, MO",45381
34007611600,"Collingswood, NJ",45380
27123031802,"Greater East Side, Saint Paul, MN",45378
27013171400,"Mapleton, MN",45377
12011020204,"Margate, FL",45375
5119002104,"Midtown, Little Rock, AR",45375
24005420500,"Baltimore, MD",45375
16019970603,"Idaho Falls, ID",45374
15003000903,"Kaimuki, Honolulu, HI",45374
24025301205,"Abingdon, MD",45373
18087970200,"LaGrange, IN",45372
53057952402,"Mount Vernon, WA",45372
18083955100,"Edwardsport, IN",45371
37179020316,"Indian Trail, NC",45370
18037953800,"Huntingburg, IN",45369
6013317000,"Martinez, CA",45369
4013616400,"Deer Valley, Phoenix, AZ",45369
19061000702,"Dubuque, IA",45369
28085950300,"Brookhaven, MS",45368
48339692001,"Spring, TX",45368
34029720203,"Toms River, NJ",45367
17099961701,"Sandwich, IL",45366
31153010501,"Omaha, NE",45366
48085031310,"Wylie, TX",45365
6077004002,"Bear Creek, Stockton, CA",45364
53033025500,"Renton, WA",45363
6037400900,"Glendora, CA",45363
25009204101,"Salem, MA",45363
9001061400,"Fairfield, CT",45363
39017001002,"Hamilton, OH",45362
1003010701,"Spanish Fort, AL",45362
48439111203,"Garden Acres Area, Burleson, TX",45361
25005613700,"Taunton, MA",45361
37183053421,"Cotswold, Cary, NC",45360
26065004901,"Okemos, Meridian charter Township, MI",45358
4013422624,"Mesa, AZ",45358
42027011201,"Bellefonte, PA",45358
18137968600,"Osgood, IN",45358
20111000200,"Emporia, KS",45357
37119003008,"Carmel, Charlotte, NC",45357
39049007933,"Cross Creek, Hilliard, OH",45357
19163013600,"Bettendorf, IA",45357
24033801411,"Fort Washington, MD",45357
39061020705,"Cincinnati, OH",45356
20193953100,"Colby, KS",45356
24510270703,"North Harford Road, Baltimore, MD",45355
36047010600,"Kings County, NY",45354
25009267102,"Salisbury, MA",45352
6059110303,"Buena Park, CA",45352
12099001914,"Villages of Palm Beach Lakes, West Palm Beach, FL",45352
16001010335,"Meridian, ID",45351
6037111100,"Granada Hills, Los Angeles, CA",45351
36117020101,"Ontario, NY",45351
6067008507,"Folsom, CA",45350
26041970300,"Rock, MI",45350
36093032902,"Schenectady, NY",45350
6085503213,"South San Jose, San Jose, CA",45349
17031050700,"North Center, Chicago, IL",45346
6071010021,"Hesperia, CA",45346
36021002000,"Germantown, NY",45346
55087010700,"Appleton, WI",45346
6075020700,"Mission Dolores, San Francisco, CA",45345
34025804500,"Tinton Falls, NJ",45345
42069112400,"Clarks Summit, PA",45344
6073019001,"Fallbrook, CA",45344
48439113516,"Euless, TX",45343
27131070602,"Northfield, MN",45343
36119008100,"Port Chester, NY",45342
37081016010,"Maple Ridge, Greensboro, NC",45342
19129040201,"Glenwood, IA",45342
39049009712,"Brookgrove, Grove City, OH",45342
48439102800,"Mistletoe Heights, Fort Worth, TX",45342
53011040710,"Brush Prairie, WA",45341
18097380403,"Beech Grove, IN",45341
36081005200,"Queens County, NY",45340
39045031300,"Lancaster, OH",45340
36037950500,"Batavia, NY",45340
22079012301,"Alexandria, LA",45340
39061020504,"Cincinnati, OH",45339
6071002038,"West End, Fontana, CA",45339
22095070300,"LaPlace, LA",45338
29186960400,"Ste. Genevieve, MO",45338
17031060300,"Lake View, Chicago, IL",45336
53073010100,"Deming, WA",45336
8069001809,"Loveland, CO",45336
6065043227,"Murrieta, CA",45334
40087400102,"Blanchard, OK",45333
6085503707,"Alum Rock, San Jose, CA",45333
6067006002,"Sacramento, CA",45333
55079101500,"West Allis, WI",45333
50007003304,"South Burlington, VT",45333
48113017306,"Hills At Tealwood, Mesquite, TX",45332
6037310800,"Burbank, CA",45332
27035951400,"Brainerd, MN",45332
5007020203,"Rogers, AR",45332
30049000600,"Helena, MT",45331
36081005100,"Queens County, NY",45331
6085503708,"Alum Rock, San Jose, CA",45330
21229930200,"Springfield, KY",45329
4013813000,"Chandler, AZ",45328
4013050609,"Sundance, Buckeye, AZ",45327
48157671400,"Colony Lake Estates, Stafford, TX",45327
34033021102,"Elmer, NJ",45327
8001008538,"Reunion, Commerce City, CO",45326
48201532501,"Woodland Trails West, Houston, TX",45326
48029121112,"Uptown, San Antonio, TX",45325
42071012800,"New Holland, PA",45325
6065041702,"Corona, CA",45324
25027707400,"Gardner, MA",45324
36081085300,"Queens County, NY",45323
49005000202,"Smithfield, UT",45323
20087020101,"Meriden, KS",45322
48375013400,"Amarillo, TX",45322
9011713100,"Bozrah, CT",45322
48453001745,"North Austin, Austin, TX",45321
48439114005,"Saginaw, TX",45321
49035111201,"Cottonwood Heights, UT",45321
42129801300,"Leechburg, PA",45320
24033807305,"Adelphi, MD",45319
25017333300,"Woburn, MA",45319
6067005201,"Sacramento, CA",45318
6073020023,"San Marcos, CA",45318
18089021500,"Hammond, IN",45317
39175938200,"Upper Sandusky, OH",45317
36121970700,"Castile, NY",45317
17031831500,"Belmont Cragin, Chicago, IL",45317
19099040700,"Colfax, IA",45316
27037060717,"Eagan, MN",45315
26081010902,"Lowell, MI",45314
9001210300,"Danbury, CT",45313
42051260200,"Brownsville, PA",45313
20173009401,"Wichita, KS",45313
48201410300,"Montrose, Houston, TX",45312
29101960400,"Warrensburg, MO",45312
47187050103,"Arrington, TN",45311
6059099235,"Huntington Beach, CA",45311
48255970400,"Runge, TX",45311
37081012505,"Hamilton Lakes, Greensboro, NC",45310
40009966100,"Elk City, OK",45310
13117130410,"Cumming, GA",45309
22043020402,"Pollock, LA",45308
36055010602,"West Irondequoit, Rochester, NY",45308
48029181818,"Northwest Side, San Antonio, TX",45307
42073010900,"New Castle, PA",45307
18091041900,"Mill Creek, IN",45307
27013170400,"Mankato, MN",45306
36047008400,"Kings County, NY",45305
48085031717,"Far North Dallas, Dallas, TX",45305
8041007800,"Northeast Colorado Springs, Colorado Springs, CO",45305
17031050800,"North Center, Chicago, IL",45305
8013012401,"Central Boulder, Boulder, CO",45305
26121002200,"Muskegon, MI",45304
37179020202,"Monroe, NC",45304
55135100600,"Waupaca, WI",45304
22063040401,"The Lakes at Fennwood, Walker, LA",45304
48209010702,"San Marcos, TX",45303
42043023601,"Harrisburg, PA",45303
44007012802,"North Smithfield, RI",45303
33017088500,"New Durham, NH",45302
48015760100,"Wallis, TX",45302
9011702100,"Mystic, Groton, CT",45302
8059009807,"Applewood West, Golden, CO",45301
32031003503,"Sparks, NV",45300
18095001600,"Anderson, IN",45300
26093744400,"Brighton, MI",45300
6037901210,"Lake Hughes, CA",45300
42115032800,"Hop Bottom, PA",45299
20091050302,"Missionhill Acres, Mission, KS",45299
38023954500,"Crosby, ND",45298
25001012001,"South Yarmouth, Yarmouth, MA",45298
31055007313,"North Central Omaha, Omaha, NE",45298
17031828802,"Chicago Heights, IL",45298
17189950100,"Hoyleton, IL",45297
20027458100,"Clay Center, KS",45297
34025806501,"Monmouth County, NJ",45296
11001000702,"Northwest Washington, Washington, DC",45296
42027011800,"Boalsburg, PA",45295
5027950100,"Magnolia, AR",45295
20095961200,"Kingman, KS",45294
17189950400,"Nashville, IL",45293
6055200505,"Napa, CA",45292
12117020810,"Seminole County, FL",45291
36067016501,"Marcellus, NY",45291
47093005905,"Hardin Valley, Knoxville, TN",45290
13097080402,"Winston, GA",45288
21067000700,"Hollywood/Mt. Vernon, Lexington, KY",45288
19113000201,"Hiawatha, IA",45287
12105011912,"Lakeland, FL",45284
6095252316,"Fairfield, CA",45283
42003524000,"Verona, PA",45283
42079211600,"Wyoming, PA",45282
31123952500,"Bridgeport, NE",45281
12086000120,"Keystone Islands, North Miami, FL",45280
53061052503,"Lake Stevens, WA",45280
42041011803,"Carlisle, PA",45280
30063000901,"Missoula, MT",45280
36091062000,"Mechanicville, NY",45279
42085032701,"West Middlesex, PA",45279
8005083200,"Tallgrass, Aurora, CO",45277
18091041200,"Michiana Shores, IN",45277
13089021812,"Doraville, GA",45277
1031011201,"Enterprise, AL",45275
12115000802,"Longboat Key, FL",45275
48309004102,"China Spring, TX",45274
17031827804,"South Holland, IL",45274
12057011203,"Magdelene Shores Community, Tampa, FL",45274
6095253106,"Vacaville, CA",45273
53011040603,"Vancouver, WA",45273
55045960800,"Brodhead, WI",45272
17099962900,"LaSalle, IL",45272
39017011117,"Butler County, OH",45271
31045950700,"Chadron, NE",45271
27017070500,"Barnum, MN",45271
9011711100,"Baltic, Sprague, CT",45271
36027060202,"Beacon, NY",45271
34017000902,"Journal Square, Jersey City, NJ",45270
12117022105,"Casselberry, FL",45269
45079011411,"Columbia, SC",45269
55073001103,"Weston, WI",45269
4013610700,"Phoenix, AZ",45268
26093743900,"Pinckney, MI",45268
48121020106,"Denton County, TX",45268
6067007802,"Carmichael, CA",45267
29183310202,"Saint Charles, MO",45267
34013019300,"South Orange, NJ",45266
53033025601,"Renton, WA",45266
6055200602,"Napa, CA",45264
39025041307,"Batavia, OH",45264
48113000605,"Oak Lawn, Dallas, TX",45263
39113040103,"Woodbourne-Hyde Park, OH",45262
6073019804,"Carlsbad, CA",45262
37025041701,"Mount Pleasant, NC",45261
12057005800,"South Tampa, Tampa, FL",45261
24021775302,"Brunswick, MD",45261
19113002400,"Cedar Rapids, IA",45260
54005958700,"Wharton, WV",45259
47149040902,"Murfreesboro, TN",45259
17161022100,"Karstens / City Line, Moline, IL",45258
47189030304,"Mount Juliet, TN",45258
6013330000,"Concord, CA",45257
20031966300,"Burlington, KS",45256
48113017813,"Town Centre Village, Mesquite, TX",45256
12001002204,"Gainesville, FL",45255
6059087601,"Hermosa Village, Anaheim, CA",45255
53053072503,"Gig Harbor, WA",45255
53067012100,"Olympia, WA",45255
51810046011,"Virginia Beach, VA",45255
19059450200,"Lake Park, IA",45254
26075005302,"Jackson, MI",45254
37195000501,"Brookside Manor, Wilson, NC",45254
53035092803,"Olalla, WA",45253
36081025100,"Queens County, NY",45253
34011040700,"Vineland, NJ",45252
42049012201,"Edinboro, PA",45250
6075022802,"Mission District, San Francisco, CA",45248
41047002400,"Salem, OR",45247
6073008352,"Mira Mesa, San Diego, CA",45247
17201000511,"Rockford, IL",45247
53077002801,"Yakima, WA",45246
18145710700,"Shelbyville, IN",45246
36001014001,"Albany, NY",45245
6037113303,"Chatsworth, Los Angeles, CA",45244
39085202000,"Eastlake, OH",45244
13177020403,"Albany, GA",45244
41005022000,"Gladstone, OR",45242
37059080300,"Advance, NC",45242
42129807700,"Latrobe, PA",45241
39035160900,"Lakewood, OH",45241
6037480304,"Alhambra, CA",45241
36121970600,"Perry, NY",45240
17117956300,"Carlinville, IL",45240
42129804600,"Youngwood, PA",45240
42071013502,"Lancaster, PA",45239
6013355110,"Antioch, CA",45238
26145010302,"Saginaw Township North, Saginaw, MI",45238
27029000200,"Bagley, MN",45238
29099700304,"High Ridge, MO",45238
15003008405,"Ewa, Ewa Beach, HI",45237
6071008401,"North Redlands, Redlands, CA",45237
42099030100,"Millerstown, PA",45237
50005957800,"Groton, VT",45236
51177020308,"Spotsylvania Courthouse, VA",45235
18107956800,"New Richmond, IN",45235
40143009200,"Sand Springs, OK",45234
42085032300,"Sharpsville, PA",45233
39061025800,"Saint Bernard, OH",45232
36085007400,"Richmond County, NY",45232
12057013915,"Riverview, FL",45231
18081611200,"Franklin, IN",45230
1077011604,"Killen, AL",45230
25013811200,"Chicopee, MA",45230
55009020502,"Howard, WI",45229
37025041502,"Harrisburg, NC",45228
24003740201,"South Gate, Glen Burnie, MD",45228
48045950200,"Silverton, TX",45227
6037920042,"Santa Clarita, CA",45227
22119031100,"Shongaloo, LA",45226
5143010102,"Fayetteville, AR",45224
4019004050,"Catalina Ranch Estates, Tucson, AZ",45224
26161420200,"Willis, MI",45223
51179010204,"Stafford, VA",45222
17171970600,"Bluffs, IL",45222
48025950600,"Skidmore, TX",45220
51013102001,"Buckingham, Arlington, VA",45220
12103027323,"Palm Harbor, FL",45220
9009141100,"West New Haven, New Haven, CT",45219
36061018700,"Bloomingdale, New York, NY",45219
20111000800,"Hartford, KS",45219
6065050900,"Canyon Crest, Riverside, CA",45219
46057955100,"Castlewood, SD",45218
15003010701,"Kaneohe, HI",45218
35045000401,"Farmington, NM",45216
39013012400,"Saint Clairsville, OH",45216
4013811600,"Las Casitas del Sur, Chandler, AZ",45216
13297110601,"Monroe, GA",45216
40131050105,"Claremore, OK",45215
48439113922,"Fort Worth, TX",45215
29510114200,"Northampton, St. Louis, MO",45215
4013116707,"Ahwatukee Foothills Village, Phoenix, AZ",45215
42095016800,"Nazareth, PA",45213
17111870302,"Harvard, IL",45213
12086004000,"Nautilus, Miami Beach, FL",45213
36103122704,"Deer Park, NY",45213
6111008001,"Simi Valley, CA",45213
40143009401,"Sand Springs, OK",45212
5059020600,"Donaldson, AR",45212
8059011202,"Creighton, Lakewood, CO",45211
39061020403,"Cleves, OH",45211
4013103609,"North Mountain Village, Phoenix, AZ",45210
34025801900,"Keyport, NJ",45210
27053024903,"Richfield, MN",45210
17091012200,"Kankakee, IL",45210
54069001901,"Bethlehem, WV",45209
49045131100,"Tooele, UT",45209
31055007101,"Q Merchants, Omaha, NE",45208
39153532701,"Macedonia, OH",45208
6077003900,"Stockton, CA",45208
18039001802,"Elkhart, IN",45208
27051070100,"Elbow Lake, MN",45208
47189030203,"Mount Juliet, TN",45207
19043070400,"Guttenberg, IA",45207
44005041400,"Little Compton, RI",45207
42071014501,"Holtwood, PA",45206
36029013001,"Buffalo, NY",45204
42003523600,"Pittsburgh, PA",45204
53033026600,"Highline, Seattle, WA",45204
24031703401,"Silver Spring, MD",45203
32003003416,"Las Vegas, NV",45203
36081054500,"Queens County, NY",45202
29033960200,"Carrollton, MO",45202
48439121605,"Central Arlington, Arlington, TX",45201
48201233701,"Northeast Houston, Galena Park, TX",45200
53071920100,"Walla Walla, WA",45200
48491020807,"Hutto, TX",45199
39173020900,"Millbury, OH",45198
56013000300,"Lander, WY",45198
22019001801,"Lake Charles, LA",45198
42077006500,"Emmaus, PA",45197
42133010300,"York, PA",45196
45091061707,"Lake Wylie, SC",45196
40027201611,"South Oklahoma City, Oklahoma City, OK",45196
33011002400,"Highlands, Manchester, NH",45196
42079212200,"Kingston, PA",45196
12109020708,"Ponte Vedra Beach, FL",45196
49053270600,"St. George, UT",45196
45015020403,"Charleston, SC",45195
42107003400,"Auburn, PA",45194
42083421000,"Bradford, PA",45193
4013319404,"Evergreen, Tempe, AZ",45192
41051001601,"Mount Tabor, Portland, OR",45192
12099007705,"Wellington, FL",45191
39165031600,"Lebanon, OH",45191
34001011802,"Egg Harbor Township, NJ",45191
1115040104,"Leeds, AL",45191
26163598000,"Rockwood, MI",45190
16065950500,"Rexburg, ID",45189
4013617500,"Sun City, AZ",45188
18001030500,"Monroe, IN",45188
36105952200,"Lake Huntington, NY",45188
5007021310,"Lowell, AR",45188
12099007607,"Boca Raton, FL",45187
26081010700,"Rockford, MI",45187
6097150202,"Sonoma, CA",45186
4013613500,"Peoria, AZ",45186
12101032200,"San Antonio, FL",45185
29510114101,"Northampton, St. Louis, MO",45185
53027000400,"Montesano, WA",45185
36069050800,"Canandaigua, NY",45184
55063000700,"La Crosse, WI",45184
38029966500,"Linton, ND",45184
24033807304,"Adelphi, MD",45184
42055010600,"Chambersburg, PA",45184
12086006001,"Miami, FL",45183
32003002980,"Las Vegas, NV",45183
33015058000,"Nottingham, NH",45183
8035014001,"Parker, CO",45183
17087977700,"Goreville, IL",45181
6075017802,"South of Market, San Francisco, CA",45181
6111004901,"East Village, Oxnard, CA",45181
6097153401,"Sebastopol, CA",45180
27075370100,"Two Harbors, MN",45180
19129040301,"Glenwood, IA",45180
21117066800,"Independence, KY",45180
13135050731,"Loganville, GA",45180
9015905100,"Brooklyn, CT",45180
51013101404,"Virginia Square, Arlington, VA",45180
48453001780,"Northshore On Lake Travis, Jonestown, TX",45179
13151070110,"Stockbridge, GA",45179
42051262100,"Uniontown, PA",45179
24031703702,"Silver Spring, MD",45179
21107970700,"Madisonville, KY",45178
37179021012,"Waxhaw, NC",45178
53053070703,"Milton, WA",45178
25023530802,"Plymouth, MA",45178
42071012200,"Ephrata, PA",45177
17199020800,"Marion, IL",45177
36099950400,"Seneca Falls, NY",45176
6097150603,"Petaluma, CA",45176
27013171600,"Mankato, MN",45174
6029003303,"Maricopa, CA",45173
26145010100,"Freeland, MI",45173
26163582000,"Southgate, MI",45173
53033030201,"Federal Way, WA",45173
53005011100,"Kennewick, WA",45173
18089040600,"Highland, IN",45171
37101041501,"Four Oaks, NC",45171
6065043211,"Murrieta, CA",45171
6065043007,"Corona, CA",45171
30009000500,"Bridger, MT",45171
48339692400,"Montgomery County, TX",45170
44001030800,"Bristol, RI",45170
18057110300,"Westfield, IN",45169
42069111500,"Dickson City, PA",45168
42049000200,"Erie, PA",45168
13135050605,"Buford, GA",45167
42095017901,"Hellertown, PA",45167
22017023000,"Springlake, University Terrace, Shreveport, LA",45167
36111952900,"Stone Ridge, NY",45167
6059063102,"East Side Costa Mesa, Costa Mesa, CA",45166
25001011002,"Northwest Harwich, Harwich, MA",45166
8005081400,"Heather Gardens, Aurora, CO",45164
6047002600,"Merced, CA",45164
53011041318,"Fircrest, Vancouver, WA",45163
45019002005,"James Island, Charleston, SC",45163
36067015000,"Fayetteville, NY",45163
39103416000,"Brunswick, OH",45162
17043840104,"Addison, IL",45162
24003740603,"Fort Meade, MD",45162
6037207103,"Central LA, Los Angeles, CA",45162
4013811500,"Chandler, AZ",45162
8035014204,"Littleton, CO",45162
42133021900,"Hanover, PA",45161
13073030307,"Evans, GA",45161
51059432201,"Burke, VA",45161
18083955900,"Vincennes, IN",45161
26075006301,"Clarklake, MI",45160
12109020707,"Ponte Vedra Beach, FL",45159
31185969800,"York, NE",45159
12099007805,"Palm Beach Country Estates, West Palm Beach, FL",45159
37071032402,"Belmont, NC",45158
55105000200,"Janesville, WI",45157
6029005600,"Boron, CA",45157
22073005203,"West Monroe, LA",45156
44009050402,"North Kingstown, RI",45155
6081602200,"Downtown, South San Francisco, CA",45155
6037117303,"North Hills, Los Angeles, CA",45155
4013422210,"Chandler, AZ",45154
39153520106,"Cuyahoga Falls, OH",45152
48201531700,"North Houston, Houston, TX",45151
34029725100,"Beachwood, NJ",45150
49035113410,"West Valley City, UT",45150
24031702200,"Silver Spring, MD",45149
16051960100,"Terreton, ID",45148
4013613700,"Dove Valley Ranch, Peoria, AZ",45148
37179020308,"Monroe, NC",45148
51161030500,"Salem, VA",45147
6111008303,"Simi Valley, CA",45147
25025060800,"D Street / West Broadway, Boston, MA",45147
13117130408,"Cumming, GA",45146
48201343000,"La Porte, TX",45145
32003003240,"Las Vegas, NV",45145
36069050900,"Canandaigua, NY",45144
6073008353,"Mira Mesa, San Diego, CA",45144
45041001400,"Florence, SC",45144
6001405301,"Cleveland Heights, Oakland, CA",45143
27053021300,"Minneapolis, MN",45142
39101010500,"Prospect, OH",45142
47189030101,"Lebanon, TN",45142
6031000602,"Hanford, CA",45141
41005022906,"Canby, OR",45140
4013104225,"Deer Valley, Glendale, AZ",45139
48493000403,"Adkins, TX",45138
49049002206,"Provo Bay, Provo, UT",45137
42001030600,"Gettysburg, PA",45137
39095008301,"Toledo, OH",45137
6065043276,"Wildomar, CA",45137
4013040506,"Sun City West, AZ",45136
17201000700,"Rockford, IL",45135
6113010310,"West Sacramento, CA",45135
48451001304,"San Angelo, TX",45135
17183010300,"Danville, IL",45135
29099700504,"Cedar Hill, MO",45134
47157020831,"Lakeland, TN",45134
42097081400,"Fairview-Ferndale, PA",45133
1101002000,"McGehee/Allendale, Montgomery, AL",45133
13135050218,"Duluth, GA",45132
12071001907,"Fort Myers, FL",45132
6073016613,"Santee, CA",45132
19179960300,"Ottumwa, IA",45132
27137015300,"Ely, MN",45132
6059011722,"Northeast Anaheim, Anaheim, CA",45132
6001438100,"Fairway Prk, Hayward, CA",45131
29099700801,"Festus, MO",45131
6025010800,"Holtville, CA",45131
12011020314,"Coral Springs, FL",45130
42071011502,"Columbia, PA",45130
18085962300,"Warsaw, IN",45129
56029965200,"Powell, WY",45129
44007012500,"Johnston, RI",45129
48201452100,"Westside, Houston, TX",45129
6101050604,"Yuba City, CA",45129
6037501802,"Whittier, CA",45129
10003014904,"Bear, DE",45129
26109960300,"Daggett, MI",45129
12071060202,"Fort Myers Beach, FL",45128
37067002809,"Rural Hall, NC",45128
27099000100,"Austin, MN",45128
6059086803,"Northwest Anaheim, Anaheim, CA",45128
36081048400,"Queens County, NY",45128
6037481103,"San Gabriel, CA",45128
26017285700,"Bay City, MI",45127
4013612900,"Desert View Village, Cave Creek, AZ",45127
6067009011,"Villages Of Zinfandel, Rancho Cordova, CA",45126
41051009502,"Argay, Portland, OR",45126
17113000400,"Normal, IL",45125
53021020502,"Pasco, WA",45125
13117130603,"Alpharetta, GA",45125
16031950600,"Burley, ID",45125
40109106704,"Central Oklahoma City, Bethany, OK",45124
22063040700,"Denham Springs, LA",45123
49011126700,"Bountiful, UT",45123
34015501105,"Deptford Township, NJ",45123
42101031102,"Oxford Circle/ Castor, Philadelphia, PA",45122
26163563200,"Canton, MI",45122
6037701501,"Wilshire Montana, Santa Monica, CA",45121
26125144600,"Waterford Township, MI",45121
26099256000,"Roseville, MI",45121
44007017700,"Woonsocket, RI",45121
35005001001,"Roswell, NM",45120
48139060204,"Glenn Heights, TX",45120
32031003105,"Sparks, NV",45120
48201555401,"Tomball, TX",45119
6095252312,"Fairfield, CA",45118
45013010900,"Hilton Head Island, SC",45118
13077170406,"Sharpsburg, GA",45117
48051970500,"Somerville, TX",45117
6079012502,"Atascadero, CA",45117
22033004603,"Zachary, LA",45116
55073001600,"Ringle, WI",45116
36103190705,"Southampton, NY",45115
4013106100,"Alhambra, Phoenix, AZ",45115
19103001100,"Mann, Iowa City, IA",45115
53053060905,"West End, Tacoma, WA",45115
47149040807,"Murfreesboro, TN",45115
4013422213,"Mesa, AZ",45115
49037978200,"Blanding, UT",45113
39061005000,"Hyde Park, Cincinnati, OH",45113
42101002900,"Passyunk Square, Philadelphia, PA",45113
36059522000,"Massapequa, NY",45113
6037301502,"Grandview, Glendale, CA",45113
42133020710,"Dover, PA",45113
32003005711,"Anthem, Henderson, NV",45112
6037575500,"Lower Westside, Long Beach, CA",45111
39017012400,"Middletown, OH",45111
26163576100,"Allen Park, MI",45111
19019950200,"Hazleton, IA",45110
53035092600,"Port Orchard, WA",45110
48493000404,"Floresville, TX",45110
28081950402,"Belden, Tupelo, MS",45108
20027458200,"Clay Center, KS",45108
39013012300,"Saint Clairsville, OH",45108
40143007409,"Broken Arrow, OK",45107
6047000401,"Stevinson, CA",45106
20121100601,"Paola, KS",45106
42061950100,"Huntingdon, PA",45105
26163588400,"Van Buren Charter Township, MI",45104
21177960900,"Greenville, KY",45104
13113140407,"Fayetteville, GA",45103
35001004720,"Paradise Hills Civic, Albuquerque, NM",45103
18089042505,"Merrillville, IN",45102
6013329000,"Concord, CA",45102
12086006707,"Brickell, Miami, FL",45102
36021000300,"Old Chatham, NY",45101
12115002714,"Nokomis, FL",45101
50023954500,"Berlin, VT",45100
19103000500,"Horn, Iowa City, IA",45098
8031005503,"Fort Logan, Denver, CO",45097
32003003249,"Summerlin, Las Vegas, NV",45097
40053956400,"Pond Creek, OK",45097
45003020500,"North Augusta, SC",45096
8039961205,"Kiowa, CO",45096
20099950600,"Edna, KS",45096
12057011108,"Tampa, FL",45095
6083001500,"Montecito, CA",45094
18145710100,"Morristown, IN",45093
36119006100,"New Rochelle, NY",45093
44003021402,"Warwick, RI",45092
12086000127,"Eastern Shores, Miami, FL",45092
39035160800,"Lakewood, OH",45092
8031003001,"Platt Park, Denver, CO",45090
47093005711,"Knoxville, TN",45090
32003005103,"Green Valley North, Henderson, NV",45090
49057200600,"Ogden, UT",45090
17031813000,"Oak Park, IL",45089
55047100100,"Berlin, WI",45089
6059088802,"Garden Grove, CA",45088
8013012605,"Baseline Sub, Boulder, CO",45088
39035107000,"Old Brooklyn, Cleveland, OH",45088
40109108701,"Southeast Oklahoma City, Oklahoma City, OK",45087
17149952600,"Rockport, IL",45086
18089021300,"Hammond, IN",45086
29099701403,"De Soto, MO",45086
6037572001,"Bixby Knolls, Long Beach, CA",45085
13077170402,"Sharpsburg, GA",45085
27071790300,"International Falls, MN",45084
6037133100,"Tarzana, Los Angeles, CA",45082
41051001500,"Southeast Portland, Portland, OR",45082
9007670100,"Old Saybrook, CT",45082
8067970701,"Durango, CO",45082
6037134103,"Canoga Park, Los Angeles, CA",45081
53051970400,"Newport, WA",45081
22011960700,"Ragley, LA",45081
4013319401,"South Tempe, Tempe, AZ",45080
8069001902,"Loveland, CO",45079
22043020200,"Montgomery, LA",45079
4013420210,"Buckhorn Neighborhood, Mesa, AZ",45079
6059088105,"Garden Grove, CA",45078
8069001706,"Loveland, CO",45078
48453001776,"South Austin, Austin, TX",45078
42069111100,"Archbald, PA",45077
19191950400,"Decorah, IA",45077
45063021030,"Lexington, SC",45076
42039111400,"Meadville, PA",45076
20091052906,"Faith Village, Olathe, KS",45076
6061020200,"Foresthill, CA",45075
48113009702,"Northwest Dallas, Dallas, TX",45075
21185030100,"La Grange, KY",45074
26125136000,"Novi, MI",45074
42025020300,"Nesquehoning, PA",45074
34027044800,"Dover, NJ",45071
6059011504,"Fullerton, CA",45070
17065973200,"McLeansboro, IL",45070
25013811302,"Chicopee, MA",45070
12095014811,"Orlando, FL",45069
45013002104,"Sun City Hilton Head, Bluffton, SC",45068
26125131400,"Highland Charter Township, MI",45068
53061053202,"Stanwood, WA",45068
44007010502,"Riverside, East Providence, RI",45067
42133023200,"Red Lion, PA",45067
26163554700,"Redford Charter Township, MI",45067
31153010106,"Bellevue, NE",45067
6037217001,"Pico - Robertson, Los Angeles, CA",45066
20193953400,"Colby, KS",45066
56009956700,"Glenrock, WY",45066
45035010604,"Summerville, SC",45065
37183053520,"Cary, NC",45065
54103030500,"Pine Grove, WV",45064
18097390200,"Franklin Township, Indianapolis, IN",45064
56015958000,"Yoder, WY",45064
26125129000,"Lake Orion, Orion charter Township, MI",45064
48439113104,"North Arlington, Arlington, TX",45064
6083002005,"Santa Maria, CA",45063
17081050500,"Mount Vernon, IL",45063
48189950800,"Abernathy, TX",45061
55127000501,"Whitewater, WI",45061
48027020201,"Belton, TX",45061
41051008901,"Pleasant Valley, Portland, OR",45060
42129803902,"Greensburg, PA",45060
42051260402,"Connellsville, PA",45060
20045001203,"Baldwin City, KS",45059
25021418004,"Quincy, MA",45058
37097061401,"Mooresville, NC",45058
27053000603,"Northeast Minneapolis, Minneapolis, MN",45057
6085503118,"South San Jose, San Jose, CA",45057
6037310202,"Burbank, CA",45057
6111001602,"Ventura, CA",45055
47157020651,"Bartlett, TN",45055
55049950300,"Montfort, WI",45054
48039661700,"Alvin, TX",45054
5007020703,"Bella Vista, AR",45054
31055007444,"West Omaha, Omaha, NE",45054
24510271102,"Mid-Charles, Baltimore, MD",45054
6067009635,"Elk Grove, CA",45053
55009940004,"Green Bay, WI",45051
47037019115,"Holt Woods, Nashville, TN",45051
6001441927,"Central District, Fremont, CA",45050
44003020702,"Coventry, RI",45050
48113015401,"Grand Prairie, TX",45050
13113140208,"Peachtree City, GA",45050
53033010200,"Seward Park, Seattle, WA",45049
54037972204,"Shepherdstown, WV",45049
20015020901,"Augusta, KS",45048
50011010900,"Georgia, VT",45048
41067030401,"Raleigh West, Beaverton, OR",45048
53033028402,"SeaTac, WA",45048
6083002808,"Lompoc, CA",45048
55009021303,"Ashwaubenon, WI",45047
8014030000,"Broomfield, CO",45046
17143004600,"Bartonville, IL",45046
36019101800,"Saranac, NY",45045
48135001100,"Odessa, TX",45044
6111001601,"Ventura, CA",45044
53033027701,"Vashon, WA",45043
42069102200,"Scranton, PA",45042
12021010408,"Naples, FL",45042
39171950400,"West Unity, OH",45042
42041012600,"Mount Holly Springs, PA",45041
24021750803,"Fredericktowne Village, Frederick, MD",45041
55053960400,"Black River Falls, WI",45041
39113021601,"Kettering, OH",45040
17099964100,"Streator, IL",45040
42107002300,"Saint Clair, PA",45040
36029015101,"Colden, NY",45040
17197882801,"Joliet, IL",45040
36071011500,"Otisville, NY",45040
12057011006,"Lutz, FL",45040
26125134900,"Walled Lake, MI",45039
32510000800,"Carson City, NV",45039
29117480200,"Mooresville, MO",45037
25025060101,"City Point, Boston, MA",45036
51735340200,"Poquoson, VA",45036
34029735104,"Manahawkin, Stafford Township, NJ",45035
16049960100,"Kooskia, ID",45034
34007602601,"Pennsauken Township, NJ",45034
39151711000,"Hartville, OH",45034
13135050606,"Buford, GA",45034
6037482201,"Monterey Park, CA",45034
19081270200,"Garner, IA",45034
6111000800,"Santa Paula, CA",45033
26109960200,"Carney, MI",45032
42009960400,"Loysburg, PA",45032
17197880905,"Crest Hill, IL",45032
36027210301,"Beacon, NY",45032
48439111552,"West Arlington, Arlington, TX",45032
49035103400,"East Central, Salt Lake City, UT",45031
46083010200,"Canton, SD",45031
34029723600,"Toms River, NJ",45031
34013000600,"Upper Roseville, Newark, NJ",45030
47187050307,"Brentwood, TN",45030
49035112002,"Murray, UT",45030
48029120100,"Near East Side, San Antonio, TX",45029
53011043000,"Vancouver Heights, Vancouver, WA",45029
25005655300,"Fairhaven, MA",45029
55079080400,"Milwaukee, WI",45028
42021011200,"Johnstown, PA",45028
6059086801,"Buena Park, CA",45028
21155970400,"Loretto, KY",45028
6085500400,"Central San Jose, San Jose, CA",45027
12085001406,"Hobe Sound, FL",45027
10003014803,"Newark, DE",45026
26125131300,"Milford, Highland Charter Township, MI",45026
25001010206,"Wellfleet, MA",45026
53053060800,"North End, Tacoma, WA",45026
31131966800,"Palmyra, NE",45026
6061020806,"Folsom Road, Roseville, CA",45025
47147080103,"White House, TN",45025
48481740900,"El Campo, TX",45024
36031960300,"Lake Placid, NY",45024
48157672002,"Southmeadow, Stafford, TX",45023
26145010200,"Saginaw, MI",45023
39123050800,"Oak Harbor, OH",45022
29043020303,"Ozark, MO",45022
22021000300,"Grayson, LA",45022
4013422640,"Mesa, AZ",45020
40049681700,"Lindsay, OK",45019
25025160602,"Chelsea, MA",45019
17113000504,"Normal, IL",45019
48005001100,"Huntington, TX",45019
17119401722,"Bethalto, IL",45019
25013810902,"Chicopee, MA",45018
12057013207,"East County Civic Group, Dover, FL",45017
48245000309,"Beaumont, TX",45017
37147000302,"Greenville, NC",45017
36081014800,"Queens County, NY",45016
48309003707,"West Waco, Waco, TX",45015
47043060401,"Burns, TN",45014
6037273902,"Venice, Los Angeles, CA",45014
25013810300,"Three Rivers, Palmer, MA",45014
49057210701,"Roy, UT",45014
55023960400,"Prairie du Chien, WI",45012
39049007740,"Maize-Morse, Columbus, OH",45012
12071001501,"Fort Myers, FL",45012
21067004106,"South Point, Lexington, KY",45012
8101002906,"Pueblo West, CO",45011
53053940005,"Northeast Tacoma, Tacoma, WA",45011
42011010905,"Reading, PA",45010
42003101800,"Stanton Heights, Pittsburgh, PA",45010
39103412000,"Seville, OH",45010
19057000900,"Burlington, IA",45009
24033807407,"Beltsville, MD",45009
48221160204,"Granbury, TX",45009
53067011821,"Olympia, WA",45009
13067030310,"Kennesaw, GA",45009
19113001500,"Cedar Rapids, IA",45008
34001010403,"Pomona, Absecon, NJ",45008
25005616100,"Berkley, MA",45008
36029004500,"Starin Central, Buffalo, NY",45007
6017031404,"Placerville, CA",45007
9009180500,"Foxon, East Haven, CT",45007
55025001000,"Dudgeon-Monroe, Madison, WI",45007
42129805600,"North Belle Vernon, PA",45007
48245011400,"Beaumont, TX",45007
25005650201,"New Bedford, MA",45007
19025950400,"Lake City, IA",45006
48423002009,"Windsor Park, Whitehouse, TX",45006
42101038800,"Mount Airy, Philadelphia, PA",45006
23031038002,"Kittery, ME",45005
17053962000,"Gibson City, IL",45005
39035178101,"Parma Heights, OH",45005
39113125101,"Clayton, OH",45005
36061019500,"Upper West Side, New York, NY",45005
23001020600,"Lewiston, ME",45002
8007940400,"Pagosa Springs, CO",45002
42069111200,"Blakely, PA",45000
51085320100,"Beaverdam, VA",45000
6073008306,"University City, San Diego, CA",45000
6061023100,"Blue Oaks, Roseville, CA",45000
48187210707,"Northeast Side, Schertz, TX",44999
42003468700,"Carnegie, PA",44998
36055010601,"East Irondequoit, Rochester, NY",44998
42129805000,"Herminie, PA",44997
6065046103,"Blythe, CA",44997
25021420100,"Randolph, MA",44997
55025000902,"Regent, Madison, WI",44996
18141012200,"Walkerton, IN",44996
42073010500,"Edinburg, PA",44996
48201240902,"Kenswick, Humble, TX",44995
18179040500,"Bluffton, IN",44995
6095252306,"Fairfield, CA",44995
19065080700,"Hawkeye, IA",44994
27165950200,"Saint James, MN",44994
34003041301,"Palisades Park, NJ",44994
26125122900,"Ortonville, Brandon Township, MI",44993
53061051400,"Lynnwood, WA",44993
53061041901,"Everett, WA",44992
17167001004,"Springfield, IL",44992
18127050702,"Valparaiso, IN",44992
36065021601,"Utica, NY",44992
17089850302,"Carpentersville, IL",44992
6059075303,"Floral Park, Santa Ana, CA",44991
56021000501,"Cheyenne, WY",44991
21111008300,"Tyler Park, Louisville, KY",44991
51041100915,"Midlothian, VA",44991
55139000900,"Oshkosh, WI",44991
21111011114,"Louisville, KY",44990
55095960200,"Luck, WI",44990
6037550000,"Norwalk, CA",44990
26099206700,"Romeo, MI",44989
18163003500,"Evansville, IN",44988
36085000600,"Richmond County, NY",44988
6113011205,"Woodland, CA",44988
42087960200,"Reedsville, PA",44987
39085206100,"Madison, OH",44987
42101034502,"Bustleton, Philadelphia, PA",44986
31109001003,"Bethany, Lincoln, NE",44986
40143007507,"Broken Arrow, OK",44985
42043024002,"Elizabethtown, PA",44985
48201450300,"Memorial, Houston, TX",44985
36081002800,"Queens County, NY",44985
13051011109,"Savannah, GA",44984
12099007618,"Boca Raton, FL",44984
9003416800,"New Britain, CT",44983
34023003300,"Perth Amboy, NJ",44983
48491020805,"Hutto, TX",44983
21227010803,"Bowling Green, KY",44982
4027000501,"Yuma, AZ",44982
53045960400,"Allyn, Allyn-Grapeview, WA",44982
6037211420,"Central LA, Los Angeles, CA",44981
17031811701,"Melrose Park, IL",44981
42041012501,"Carlisle, PA",44980
12095015701,"Maitland, FL",44980
4013030402,"Cave Creek, AZ",44979
6059063500,"Balboa Peninsula, Newport Beach, CA",44979
24043011301,"Smithsburg, MD",44979
36081048200,"Queens County, NY",44979
55017011000,"Jim Falls, WI",44978
36117020301,"Macedon, NY",44978
36081004200,"Queens County, NY",44976
48039663800,"Clute, TX",44976
51087201502,"Henrico, VA",44976
36119004200,"North Side, Mount Vernon, NY",44975
51177020405,"Spotsylvania Courthouse, VA",44975
6095252706,"Suisun City, CA",44974
24021751003,"Frederick, MD",44974
32003005320,"Green Valley South, Henderson, NV",44973
33011016201,"Milford, Milford, NH",44973
30093000500,"Butte, MT",44973
12071040127,"Harris, Lehigh Acres, FL",44973
38035010803,"Grand Forks, ND",44972
1089002921,"Huntsville, AL",44972
29047021208,"Barry Harbour, Kansas City, MO",44972
42111021400,"Berlin, PA",44971
41067031615,"Cooper Mountain - Aloha North, Aloha, OR",44970
36099950100,"Waterloo, NY",44970
6037920033,"Los Angeles County, CA",44969
8059009831,"West Central Westminster, Westminster, CO",44969
48037010901,"Texarkana, TX",44969
30021000100,"Glendive, MT",44968
13285960300,"LaGrange, GA",44967
27115950200,"Willow River, MN",44967
51085321202,"Mechanicsville, VA",44966
49039972400,"Ephraim, UT",44965
12086000122,"Aventura, FL",44965
12031016727,"Southside, Jacksonville, FL",44965
37183052904,"Hampton Ridge, Raleigh, NC",44964
49035113525,"West Valley City, UT",44964
27099001400,"Grand Meadow, MN",44964
26161403600,"Logan, Ann Arbor, MI",44964
24033801305,"Fort Washington, MD",44964
26015010300,"Middleville, MI",44964
36007012702,"Binghamton, NY",44964
22003950400,"Oakdale, LA",44963
34005701001,"Edgewater Park, NJ",44963
30007000100,"Townsend, MT",44963
31109003605,"Lincoln, NE",44962
40143007615,"Hidden Valley, Tulsa, OK",44962
13135050725,"Snellville, GA",44962
8045951701,"Glenwood Springs, CO",44959
26091062100,"Blissfield, MI",44959
27053024802,"Minneapolis, MN",44958
48113013616,"Addison, TX",44957
48439114006,"Saginaw, TX",44957
26163590400,"New Boston, Huron Charter Township, MI",44957
36005025600,"Bronx County, NY",44956
55031020700,"Billings Park, Superior, WI",44956
6067008144,"Summerhill, Orangevale, CA",44956
32003005806,"The Section Seven, Las Vegas, NV",44956
39035178205,"Parma Heights, OH",44955
42117950500,"Mainesburg, PA",44954
6067005601,"Sacramento, CA",44953
51153901403,"Manassas, VA",44953
42051262600,"Dunbar, PA",44953
18157010203,"West Lafayette, IN",44953
48235950100,"Mertzon, TX",44953
55009000600,"Green Bay, WI",44952
17031828701,"Glenwood, IL",44952
39153531701,"New Franklin, OH",44952
39035180103,"Richmond Heights, OH",44951
36065025200,"New Hartford, NY",44951
36043010201,"Frankfort, NY",44951
20091052003,"Shawnee, KS",44950
17019010603,"Mahomet, IL",44950
42061951200,"Three Springs, PA",44950
6037480303,"Alhambra, CA",44948
48361021600,"Vidor, TX",44948
12117021708,"Apopka, FL",44948
29510102500,"Boulevard Heights, St. Louis, MO",44948
53005010707,"West Richland, WA",44947
22055001003,"Lafayette, LA",44947
17099962500,"Marseilles, IL",44947
6037197700,"Echo Park, Los Angeles, CA",44946
42033330800,"Morrisdale, PA",44946
26041970200,"Rapid River, MI",44945
39055311400,"Geauga County, OH",44945
48367140502,"Weatherford, TX",44944
34015501106,"Wenonah, NJ",44944
17031823001,"Chicago Ridge, IL",44944
48029181100,"North Central, San Antonio, TX",44943
40139950700,"Guymon, OK",44943
48439113301,"Richland Hills, TX",44942
9009180400,"North End, East Haven, CT",44941
55087010800,"Appleton, WI",44940
39107967500,"Celina, OH",44940
17167000504,"Northgate, Springfield, IL",44940
51059452700,"Falls Church, VA",44940
36071010802,"Montgomery, NY",44939
50011011000,"East Fairfield, Fairfax, VT",44938
55039041600,"Ripon, WI",44937
23005017304,"Scarborough, ME",44937
6073013503,"Spring Valley, CA",44936
6019004602,"Fresno, CA",44936
8001008535,"Henderson, CO",44936
48201541400,"Glencairn, Houston, TX",44935
21233960300,"Clay, KY",44935
20045001201,"Lawrence, KS",44935
26115833100,"Lambertville, MI",44934
27053020200,"Minneapolis, MN",44934
39055311000,"Huntsburg, OH",44934
26077001601,"Oakland/Winchell, Kalamazoo, MI",44933
39099812200,"Canfield, OH",44933
25013801604,"Sixteen Acres, Springfield, MA",44933
42003515401,"Pittsburgh, PA",44932
42031160400,"Knox, PA",44932
48245010200,"Port Arthur, TX",44932
36029010101,"Buffalo, NY",44931
17097860905,"Ingleside, IL",44931
18159020100,"Windfall, IN",44930
48303010102,"Idalou, TX",44930
17115002800,"Decatur, IL",44930
36039080900,"Catskill, NY",44930
6001436700,"Santa Clara, Hayward, CA",44929
45007000200,"Anderson, SC",44929
26115830800,"Dundee, MI",44929
13127000300,"Saint Simons Island, GA",44928
48321730201,"Bay City, TX",44928
20045001400,"Lawrence, KS",44928
18097340800,"Speedway, IN",44927
36011041700,"Auburn, NY",44927
17163504302,"Lebanon, IL",44927
22103040202,"Covington, LA",44926
37183054001,"North Bend Townhomes, Raleigh, NC",44926
42029303401,"Kennett Square, PA",44926
17201000506,"Rockford, IL",44925
1097003708,"Milkhouse, Mobile, AL",44924
42003310200,"Lincoln Place, Pittsburgh, PA",44924
17109010300,"Macomb, IL",44923
26115831600,"Monroe, MI",44923
48439110805,"Fort Worth, TX",44923
21117063603,"Erlanger, KY",44922
27109001203,"Rochester, MN",44922
48467950100,"Grand Saline, TX",44919
37051000701,"Terry Sanford, Fayetteville, NC",44919
31143960100,"Stromsburg, NE",44918
26121001500,"North Muskegon, MI",44917
6023011200,"Ferndale, CA",44917
41005020302,"Lake Forest, Lake Oswego, OR",44915
39169000200,"Wooster, OH",44915
27165950100,"Madelia, MN",44914
39035153105,"Fairview Park, OH",44914
4013116603,"Laveen Village, Phoenix, AZ",44913
8081000400,"Craig, CO",44912
54033031400,"Lost Creek, WV",44911
39037570101,"Greenville, OH",44911
12011100105,"Hallandale Beach, FL",44911
8005084400,"Aurora, CO",44910
12086009313,"Miami Lakes, FL",44910
6067004009,"Pocket, Sacramento, CA",44910
42111021000,"Somerset, PA",44910
30111001702,"West End, Billings, MT",44909
26121002800,"Fruitport, Fruitport Charter Township, MI",44909
53053060700,"North End, Tacoma, WA",44907
55135100100,"Clintonville, WI",44906
12099007759,"Wellington, FL",44906
29095012502,"Raytown, MO",44905
55019950100,"Abbotsford, WI",44905
18039000501,"Goshen, IN",44905
12031014328,"Arlington, Jacksonville, FL",44904
39157020500,"Dover, OH",44903
32013010500,"Winnemucca, NV",44903
42029301401,"Pottstown, PA",44902
47037018902,"Binkley, Nashville, TN",44902
26163581500,"Southgate, MI",44901
34017007400,"The Waterfront, Jersey City, NJ",44900
12001001201,"Capri, Gainesville, FL",44900
48495950300,"Kermit, TX",44900
42003472100,"Pittsburgh, PA",44900
6085504803,"Morse Park, Sunnyvale, CA",44899
12011070403,"Cooper City, FL",44899
12011030902,"Pompano Beach, FL",44899
53033010402,"Greater Duwamish, Seattle, WA",44898
33017084500,"Rochester, NH",44898
42069112800,"Hidden Village, Moosic, PA",44897
55025012300,"Stoughton, WI",44897
17141961200,"Rochelle, IL",44897
4021000209,"San Tan Valley, AZ",44897
39099813300,"Salem, OH",44897
19059451000,"Spirit Lake, IA",44896
6085503204,"South San Jose, San Jose, CA",44896
36015010900,"Elmira, NY",44896
31047968600,"Cozad, NE",44896
42133023710,"Felton, PA",44895
27119021000,"Fosston, MN",44895
6037293306,"Harbor City, Los Angeles, CA",44895
32003003318,"Appaloosa Canyon Quarterhorse Falls, Las Vegas, NV",44895
18125953900,"Velpen, IN",44894
39019720200,"Minerva, OH",44893
45077011203,"Clemson, SC",44893
48249950300,"Alice, TX",44891
34019011400,"Flemington, NJ",44891
25023545400,"Wareham Center, Wareham, MA",44891
18089040100,"Whiting, IN",44890
48367140408,"Weatherford, TX",44889
27153790200,"Bertha, MN",44888
29077004500,"Springfield, MO",44887
55081950500,"Tomah, WI",44887
18089020100,"Whiting, IN",44887
13113140404,"Fayetteville, GA",44887
36081003200,"Queens County, NY",44887
17145030300,"Cutler, IL",44886
49049010103,"Eagle Mountain, UT",44886
20151968800,"Pratt, KS",44886
6073008501,"Bay Ho, San Diego, CA",44885
6019005605,"Fresno, CA",44885
31079000600,"Grand Island, NE",44884
6029006100,"Tehachapi, CA",44884
42029311401,"Coatesville, PA",44883
12099007749,"Boca Raton, FL",44883
41067031610,"Triple Creek, Beaverton, OR",44882
6067009308,"Elk Grove, CA",44882
39057230100,"Spring Valley, OH",44882
4019004063,"Civano, Tucson, AZ",44881
48497150402,"Paradise, TX",44880
39049000210,"Clintonville, Columbus, OH",44880
19105070500,"Wyoming, IA",44880
26121002900,"Ravenna, MI",44879
53029971900,"Langley, WA",44879
42011012400,"Laureldale, PA",44879
34025811000,"Freehold, NJ",44878
25017350200,"Winter Hill, Somerville, MA",44877
39113120101,"Clayton, OH",44877
39113130102,"Brookville, OH",44877
53033008001,"Belltown, Seattle, WA",44875
47085130500,"New Johnsonville, TN",44875
49049002201,"Sunset Heights, Orem, UT",44875
39153520302,"Cuyahoga Falls, OH",44874
6017031502,"Diamond Springs, CA",44873
18015959400,"Delphi, IN",44873
41005022302,"Oregon City, OR",44873
55079019900,"Honey Creek Manor, Milwaukee, WI",44873
27033270200,"Storden, MN",44873
6073020307,"Vineyard, Escondido, CA",44873
12057011510,"Lutz, FL",44872
48201252600,"Old River Acres, Channelview, TX",44872
35049010316,"Santa Fe, NM",44871
6073017501,"Encinitas, CA",44871
8041005109,"Colorado Springs, CO",44871
48303010408,"Lubbock, TX",44871
6059052411,"Lake Forest, CA",44870
51810041802,"Northwest, Virginia Beach, VA",44869
36047048800,"Kings County, NY",44869
25001015001,"Mashpee, MA",44867
6067008140,"Citrus Heights, CA",44867
31055004800,"Central Omaha, Omaha, NE",44866
26125183300,"Royal Oak, MI",44865
6041102203,"Novato, CA",44865
41047002700,"Salem, OR",44864
36019100400,"Ellenburg Depot, NY",44861
12031014334,"Arlington, Jacksonville, FL",44861
55117011000,"Waldo, WI",44861
36069052100,"Canandaigua, NY",44860
36081021200,"Queens County, NY",44860
18167001600,"Terre Haute, IN",44859
41005022301,"Oregon City, OR",44858
40071000202,"Ponca City, OK",44857
26049012401,"Otisville, MI",44857
6001427300,"West Alameda, Alameda, CA",44856
30093000600,"Butte, MT",44855
53011040414,"Battle Ground, WA",44854
17031040100,"Lincoln Square, Chicago, IL",44854
29189220002,"Affton, MO",44854
44003020603,"Coventry, RI",44854
39037520100,"Ansonia, OH",44854
27083360300,"Marshall, MN",44853
39039958900,"Defiance, OH",44853
40143005807,"Owasso, OK",44852
6075060100,"Presidio, San Francisco, CA",44852
55061960100,"Algoma, WI",44852
53025010200,"Moses Lake, WA",44852
34003023402,"Hackensack, NJ",44851
4013217400,"Old Town Scottsdale, Scottsdale, AZ",44851
18089042501,"Merrillville, IN",44851
48401950100,"Tatum, TX",44850
6097153005,"Santa Rosa, CA",44850
12011070321,"Weston, FL",44850
12086016100,"Miami, FL",44850
15007040500,"Lihue, HI",44850
39085200900,"Wickliffe, OH",44850
6081606200,"North Central, San Mateo, CA",44849
13231010200,"Williamson, GA",44849
53033026700,"Salmon Creek, Burien, WA",44848
37063002020,"Durham, NC",44848
39169002902,"Doylestown, OH",44848
49049003300,"Spanish Fork, UT",44848
2170001100,"Gateway, Palmer, AK",44847
47093004401,"Knoxville, TN",44847
1089011013,"Madison, AL",44846
39061026101,"Harrison, OH",44846
34007607000,"Bellmawr, NJ",44845
55087011300,"Appleton, WI",44845
31011960100,"Albion, NE",44845
48201453800,"Southwest Houston, Houston, TX",44845
6065040806,"Norco, CA",44844
12011042100,"Central Beach, Fort Lauderdale, FL",44844
6037189702,"Hollywood Hills, Los Angeles, CA",44843
53067012730,"Rochester, WA",44843
34001011804,"Egg Harbor Township, NJ",44843
26115831100,"Monroe, MI",44843
20007968100,"Medicine Lodge, KS",44842
13047030401,"Ringgold, GA",44841
12115002720,"Venice, FL",44841
4013116718,"Ahwatukee Foothills Village, Phoenix, AZ",44840
6067007430,"Larchmont Antelope Creek, Antelope, CA",44840
20091053701,"Edgerton, KS",44840
51810045417,"Virginia Beach, VA",44839
42129807401,"Latrobe, PA",44839
32003002833,"Silverado Ranch, Las Vegas, NV",44837
56013940300,"Riverton, WY",44836
4013422501,"Mesa, AZ",44836
13117130409,"Cumming, GA",44836
29095012701,"Raytown, MO",44835
53073010501,"Ferndale, WA",44835
4005002100,"Page, AZ",44833
17031040401,"Lincoln Square, Chicago, IL",44833
48213950902,"Trinidad, TX",44833
44005041601,"Tiverton, Tiverton, RI",44832
48491020202,"Liberty Hill, TX",44831
55141010500,"Marshfield, WI",44831
53053070403,"Orting, WA",44831
35049010800,"Santa Fe, NM",44831
12071040123,"Fort Myers, FL",44830
12057011107,"Tampa, FL",44830
55043960600,"Lancaster, WI",44829
30067000200,"Livingston, MT",44829
12105014003,"Winter Haven, FL",44828
34013015600,"Bloomfield, NJ",44827
42071011803,"Lancaster, PA",44826
21107970200,"Manitou, KY",44826
6037434004,"El Monte, CA",44826
8075966300,"Sterling, CO",44826
6071001704,"Ontario, CA",44825
26077006601,"Vicksburg, MI",44825
36071010102,"Newburgh, NY",44825
34021003703,"Ewing Township, NJ",44825
49003960701,"Brigham City, UT",44824
47113001603,"Jackson, TN",44824
20145970300,"Larned, KS",44824
12031014326,"Arlington, Jacksonville, FL",44824
36043011400,"Newport, NY",44823
24031700816,"Gaithersburg, MD",44823
8005083600,"Aurora, CO",44822
25003911100,"Lanesborough, MA",44822
35025001003,"Lovington, NM",44821
39017010202,"Oxford, OH",44821
4013061034,"Royal Ranch, Surprise, AZ",44821
48113017805,"Castleridge, Mesquite, TX",44821
39113021602,"Dayton, OH",44820
51153901507,"Gainesville, VA",44820
17191955000,"Cisne, IL",44820
1129043900,"Millry, AL",44820
36047036600,"Kings County, NY",44819
54011002000,"Huntington, WV",44819
53019970200,"Republic, WA",44819
27163070103,"Forest Lake, MN",44819
17121952200,"Salem, IL",44818
20091050600,"Mcconnell Heights, Overland Park, KS",44817
19113000500,"Marion, IA",44817
18049953500,"Akron, IN",44816
48201542400,"Westgrenn, Katy, TX",44816
17031063302,"Lake View East, Chicago, IL",44815
37135012100,"Chapel Hill, NC",44814
8005006502,"Littleton, CO",44814
13113140305,"Fayetteville, GA",44814
27053111100,"Nokomis, Minneapolis, MN",44813
42075002702,"Lebanon, PA",44813
12057013314,"Brandon, FL",44813
42091204300,"Bala Cynwyd, PA",44813
29037060001,"Belton, MO",44812
51085320200,"Montpelier, VA",44812
55105000500,"Janesville, WI",44811
25027732901,"South Quinsigamond Village, Worcester, MA",44810
39025041900,"Bethel, OH",44810
47149040806,"Smyrna, TN",44810
4021001705,"Maricopa, AZ",44810
17201004100,"Durand, IL",44810
6065044404,"Idyllwild, Idyllwild-Pine Cove, CA",44808
53033010900,"Georgetown, Seattle, WA",44808
25013811000,"Chicopee, MA",44808
55141011700,"Nekoosa, WI",44808
53037975402,"Ellensburg, WA",44807
48439111010,"Fort Worth, TX",44807
4019004616,"Tucson, AZ",44807
49035101200,"Greater Avenues, Salt Lake City, UT",44806
39095009201,"Sylvania, OH",44805
42097080600,"Northumberland, PA",44805
8069001109,"Fort Collins, CO",44805
36111950500,"Woodstock, NY",44805
42017105702,"Morrisville, PA",44805
27053024400,"Richfield, MN",44805
47093004606,"Knoxville, TN",44804
26045020500,"Grand Ledge, MI",44804
39035174103,"North Olmsted, OH",44804
6085503336,"Brigadoon, San Jose, CA",44804
20091050301,"Morrison Ridge, Mission, KS",44803
17199021300,"Marion, IL",44803
39093080700,"Fields, North Ridgeville, OH",44802
55095960900,"Amery, WI",44802
42071010900,"Mount Joy, PA",44801
1125010101,"Tuscaloosa, AL",44801
33017085000,"Barrington, NH",44801
36047072000,"Kings County, NY",44800
17031560300,"South Side, Chicago, IL",44800
30101000200,"Shelby, MT",44799
4013617400,"Sun City, AZ",44799
6037702801,"Clarkdale, Culver City, CA",44799
39099812500,"Youngstown, OH",44798
9009345300,"Naugatuck, CT",44798
34025808100,"Neptune City, NJ",44797
20177003601,"Auburn, KS",44797
25025010404,"Fenway/Kenmore, Boston, MA",44797
17195001800,"Rock Falls, IL",44797
40153953200,"Woodward, OK",44795
12069030203,"Eustis, FL",44795
30111001802,"Billings, MT",44795
36111955300,"Phoenicia, NY",44794
36081021600,"Queens County, NY",44794
36047057300,"Kings County, NY",44793
12099007831,"Palm Beach Gardens, FL",44792
29183311732,"O'Fallon, MO",44792
48201253800,"Baytown, TX",44792
6037109300,"Granada Hills, Los Angeles, CA",44791
55059002200,"Kenosha, WI",44790
12131950603,"Miramar Beach, FL",44789
37183054004,"North Raleigh, Raleigh, NC",44788
9001043600,"Norwalk, CT",44788
24005404403,"Reisterstown, MD",44788
42003525200,"Lower Oakmont, Oakmont, PA",44787
6065043239,"Temecula, CA",44787
1117030315,"Pelham, AL",44786
40143007611,"Tulsa, OK",44786
42045401800,"Lansdowne, PA",44785
5125010301,"Benton, AR",44785
48477170600,"Chappell Hill, TX",44784
6027000100,"Bishop, CA",44784
24510240100,"Locust Point, Baltimore, MD",44784
42003191700,"Brookline, Pittsburgh, PA",44784
55083100900,"Oconto, WI",44784
6071010017,"Hesperia, CA",44784
20175965600,"Liberal, KS",44783
48041001804,"Sun Meadows, College Station, TX",44783
6061021802,"Auburn, CA",44783
24005450300,"Essex, MD",44783
34025806000,"Long Branch, NJ",44782
40145030512,"Coweta, OK",44782
17031050200,"North Center, Chicago, IL",44781
34019010802,"Lebanon, NJ",44781
36007001500,"Binghamton, NY",44781
34017014800,"North Bergen, NJ",44781
26163567202,"Westland, MI",44780
15003010507,"Kaneohe, HI",44780
36091061403,"Geyser Crest, Ballston Spa, NY",44780
26025001500,"Battle Creek, MI",44780
42095011100,"Bethlehem, PA",44779
32001950100,"Fallon, NV",44779
37125950702,"Pinehurst, NC",44777
37183052808,"Garner, NC",44777
8069001104,"Brown Farm, Fort Collins, CO",44776
48201410702,"Montrose, Houston, TX",44776
17031190401,"Belmont Central, Chicago, IL",44776
48201322700,"Berkshire Village, Pasadena, TX",44775
22017023901,"Springlake, University Terrace, Shreveport, LA",44774
48185180301,"Anderson, TX",44773
50001960700,"Addison County, VT",44772
19135070200,"Albia, IA",44772
24033800105,"Laurel, MD",44772
49057200700,"Ogden, UT",44772
12011060607,"Plantation, FL",44771
9003514102,"Robertson, Manchester, CT",44771
27021960301,"Hackensack, MN",44770
39149971700,"Sidney, OH",44770
26163569600,"Garden City, MI",44770
37109071202,"Denver, NC",44770
6095251803,"Vallejo, CA",44770
39151711900,"North Canton, OH",44769
48181001900,"Howe, TX",44769
20209044805,"Bonner - Loring, Bonner Springs, KS",44769
46027965700,"Vermillion, SD",44768
42041012702,"Newville, PA",44768
18099020101,"Bremen, IN",44768
16055001100,"Dalton Gardens, ID",44768
39051040800,"Archbold, OH",44767
4013616300,"Deer Valley, Glendale, AZ",44767
6037461300,"Pasadena, CA",44767
53061040800,"Port Gardner, Everett, WA",44767
55101002402,"Burlington, WI",44767
1101005408,"Montgomery, AL",44766
55071005200,"Two Rivers, WI",44766
24003740303,"Severn, MD",44766
26047970700,"Petoskey, MI",44766
42029308102,"Oxford, PA",44766
12099007756,"Boynton Beach, FL",44766
48201342200,"Bramley, Pasadena, TX",44764
46099000401,"Sioux Falls, SD",44763
42111020102,"Davidsville, PA",44763
5119004205,"River Mountain, Little Rock, AR",44763
10005051007,"Rehoboth Beach, DE",44763
38017000801,"Hawthorne, Fargo, ND",44762
2020000204,"Eagle River, Anchorage, AK",44762
42003500300,"McKeesport, PA",44762
34029718000,"New Egypt, Plumsted Township, NJ",44762
29113810400,"Winfield, MO",44762
34001011404,"Mays Landing, Hamilton Township, NJ",44761
6037543903,"Carson, CA",44761
12105011835,"Lakeland, FL",44757
6059074111,"Thorton Park, Santa Ana, CA",44756
29095014701,"Independence, MO",44756
10003014402,"Newark, DE",44755
26099250000,"Saint Clair Shores, MI",44755
9011695201,"Oakdale, Montville, CT",44755
34009020102,"Ocean City, NJ",44754
9013881100,"Mansfield Center, Mansfield, CT",44753
34025812100,"Sea Bright, NJ",44753
53045960300,"Belfair, WA",44753
18059410100,"Wilkinson, IN",44753
15009030301,"Kula, HI",44752
30031001002,"Bozeman, MT",44752
36085017300,"Richmond County, NY",44750
48203020603,"Hallsville, TX",44750
9003473502,"Windsor, CT",44749
6095252702,"Suisun City, CA",44749
17103000500,"Dixon, IL",44749
20103071800,"Tonganoxie, KS",44748
36081007500,"Queens County, NY",44747
48113015204,"Irving Lake, Irving, TX",44747
8001009207,"Thornton, CO",44747
36005045600,"Bronx County, NY",44747
45083021902,"Spartanburg, SC",44746
25017342500,"Everett, MA",44746
51061930707,"Bealeton, VA",44746
39023002602,"Springfield, OH",44746
6037214000,"Central LA, Los Angeles, CA",44746
6041104102,"Novato, CA",44745
36081058300,"Queens County, NY",44745
48219950300,"Levelland, TX",44745
12011010401,"Deerfield Beach, FL",44745
6073013418,"Eastlake, Chula Vista, CA",44742
29183312195,"Wentzville, MO",44741
4013817600,"Eastmark, Mesa, AZ",44741
39037555000,"Greenville, OH",44741
34017014102,"North Bergen, NJ",44740
48175960200,"Goliad, TX",44740
33015003302,"Derry, Derry, NH",44740
6059099701,"Midway City, CA",44739
1073004702,"Forest Park, Birmingham, AL",44739
48215020301,"Mission, TX",44739
42021010801,"Johnstown, PA",44739
17197880408,"Plainfield, IL",44738
39109365302,"Troy, OH",44738
25025140105,"Hyde Park, Boston, MA",44738
27137013000,"Virginia, MN",44737
17031081403,"Streeterville, Chicago, IL",44737
48491020201,"Florence, TX",44736
16001002221,"Southwest Ada County Alliance, Boise, ID",44736
22105953800,"Independence, LA",44735
19189680300,"Forest City, IA",44735
32003005843,"Las Vegas, NV",44735
55077960200,"Montello, WI",44734
55047100400,"Green Lake, WI",44734
55021970600,"Portage, WI",44733
31055006505,"North Omaha, Omaha, NE",44733
36069051400,"Stanley, NY",44733
48439113102,"North Arlington, Arlington, TX",44733
39151711122,"North Canton, OH",44731
26017285100,"Essexville, MI",44731
37001021400,"Burlington, NC",44731
42043022403,"Harrisburg, PA",44731
51031020402,"Forest, VA",44731
48081950100,"Bronte, TX",44731
17061973600,"Greenfield, IL",44730
36063024401,"Lewiston, NY",44729
6065042008,"Riverside, CA",44729
6037543602,"Torrance, CA",44728
32031002406,"West University, Reno, NV",44728
6087121402,"Santa Cruz, CA",44727
1073014002,"Hueytown, AL",44727
48183000600,"Longview, TX",44726
50023954400,"Montpelier, VT",44726
27007450300,"Bemidji, MN",44724
48115950600,"Lamesa, TX",44723
36055015400,"Brockport, NY",44723
42045403402,"Folcroft, PA",44723
17097861504,"Waukegan, IL",44722
48339690300,"Pinehurst, TX",44722
6037620701,"North Redondo, Redondo Beach, CA",44722
5029950600,"Perry, AR",44721
49035112202,"Murray, UT",44721
54037972602,"Harpers Ferry, WV",44720
12087970900,"Islamorada, FL",44719
27091790100,"Truman, MN",44719
48113018126,"Garland, TX",44719
6001433104,"Old San Leandro, San Leandro, CA",44718
22115950100,"Leesville, LA",44718
36029007600,"Tonawanda, NY",44717
30063000100,"Upper Rattlesnake, Missoula, MT",44716
32031000400,"Reno, NV",44716
34015501900,"Gloucester County, NJ",44715
48029191102,"North Central, San Antonio, TX",44714
54049021500,"Rivesville, WV",44713
47149040306,"Smyrna, TN",44712
40143007617,"Burning Tree, Tulsa, OK",44712
12011070211,"Davie, FL",44712
50023955300,"Barre, VT",44711
17041952200,"Tuscola, IL",44711
9003492300,"Wethersfield, CT",44710
21035010600,"Murray, KY",44710
18157010100,"West Lafayette, IN",44709
6059063807,"Mesa Verde, Costa Mesa, CA",44709
6037480400,"Alhambra, CA",44707
27093560600,"Grove City, MN",44705
6059074004,"Sandpointe, Santa Ana, CA",44705
31109003001,"Lincoln, NE",44704
42107002900,"New Ringgold, PA",44704
29145020501,"Joplin, MO",44704
18057111006,"Indianapolis, IN",44704
6079012702,"Santa Margarita, CA",44703
29201780300,"Oran, MO",44703
12099007822,"Jupiter, FL",44703
51061930706,"Remington, VA",44702
30031000101,"Belgrade, MT",44702
42045404003,"Clifton Heights, PA",44701
6037554600,"Norwalk, CA",44701
8019014800,"Idaho Springs, CO",44700
36091060102,"South Glens Falls, NY",44699
48113014408,"Irving, TX",44699
26163591800,"Brownstown Charter Township, MI",44699
51810041200,"Northwest, Virginia Beach, VA",44699
22051020515,"Kenner, LA",44698
1117030306,"Alabaster, AL",44697
42043025100,"Gratz, PA",44697
33013036000,"Loudon, NH",44697
55079012500,"Story Hill, Milwaukee, WI",44696
34017001900,"Journal Square, Jersey City, NJ",44696
39061026002,"Harrison, OH",44696
32003005104,"Green Valley North, Henderson, NV",44695
6037433101,"El Monte City, El Monte, CA",44695
36051030300,"Avon, NY",44694
17031060800,"Lake View, Chicago, IL",44694
42079210300,"Avoca, PA",44694
39057200600,"Fairborn, OH",44693
5007020605,"Bentonville, AR",44693
6037480901,"Alhambra, CA",44693
55105001202,"Janesville, WI",44692
17001000100,"Quincy, IL",44691
48321730303,"Bay City, TX",44690
17143003602,"Chillicothe, IL",44690
12086016800,"Miami, FL",44690
4013061020,"Palm Valley Sunrise Wigwam, Goodyear, AZ",44689
47125101902,"Clarksville, TN",44689
24033800514,"Bowie, MD",44689
39023003001,"Fairborn, OH",44688
36007012201,"Binghamton, NY",44688
9003473100,"Windsor, CT",44687
6019005905,"Sanger, CA",44687
48485013502,"Burkburnett, TX",44685
6073016806,"El Cajon, CA",44685
55063010102,"West Salem, WI",44685
20091053709,"Gardner, KS",44685
55009940003,"Green Bay, WI",44684
6001423601,"Elmwood, Berkeley, CA",44684
9009171600,"Meriden, CT",44683
13121010210,"Atlanta, GA",44683
16005001700,"Pocatello, ID",44683
22057021000,"Gheens, LA",44683
53033027600,"Seattle, WA",44683
39035174204,"North Olmsted, OH",44683
6037432901,"Rosemead, CA",44683
48199031000,"Silsbee, TX",44682
36103159408,"Shirley, NY",44681
51153901001,"Dumfries, VA",44681
17163503334,"Belleville, IL",44680
25025010408,"Fenway/Kenmore, Boston, MA",44679
6097153901,"Healdsburg, CA",44678
36091060701,"Gansevoort, NY",44678
12015020101,"Punta Gorda, FL",44678
26163569900,"Garden City, MI",44678
20173009301,"Wichita, KS",44677
8041007601,"Colorado Springs, CO",44676
37183052505,"North Hills, Raleigh, NC",44675
53029970700,"Oak Harbor, WA",44674
36081016800,"Queens County, NY",44674
41059951300,"Stanfield, OR",44674
48491021601,"Jarrell, TX",44673
26093742201,"Brighton, MI",44673
18097320204,"Driftwood Hills, Indianapolis, IN",44673
25027732301,"Grafton Hill, Worcester, MA",44672
6065041812,"Corona, CA",44672
48355002500,"Bay Area, Corpus Christi, TX",44672
25021418102,"Quincy, MA",44672
39035177302,"Parma, OH",44672
42041011902,"Carlisle, PA",44672
48439111402,"Southwest Arlington, Arlington, TX",44672
37119005830,"McAlpine, Charlotte, NC",44672
45045003015,"Simpsonville, SC",44671
13089021605,"Atlanta, GA",44670
45063021113,"Irmo, SC",44669
55059000500,"Kenosha, WI",44669
34029739100,"Cedar Glen Lakes, Manchester Township, NJ",44669
24021753002,"Thurmont, MD",44669
27013171202,"Mankato, MN",44669
39035141200,"Cleveland Heights, OH",44668
17137952100,"Jacksonville, IL",44668
12103027202,"Crystal Beach, Palm Harbor, FL",44668
19135070300,"Albia, IA",44668
39103403001,"Litchfield, OH",44667
6059088203,"Garden Grove, CA",44666
34031180100,"Paterson, NJ",44666
40109108302,"Northeast Oklahoma City, Oklahoma City, OK",44666
25017342400,"Everett, MA",44666
6001436401,"Hayward, CA",44665
36095740600,"Summit, NY",44665
4013218100,"Old Town Scottsdale, Scottsdale, AZ",44664
6085500300,"Central San Jose, San Jose, CA",44664
8031006901,"Goldsmith, Denver, CO",44664
34029731101,"Bayville, Berkeley Township, NJ",44663
36047016900,"Kings County, NY",44663
4013216820,"Fountain Hills, AZ",44662
39061023702,"Cincinnati, OH",44662
39133600706,"Diamond, OH",44662
49049001202,"Cherry Hill, Orem, UT",44661
19047070300,"Dow City, IA",44661
1081042002,"Phenix City, AL",44660
23031033000,"North Berwick, ME",44659
39113020300,"Dayton, OH",44659
6001437600,"Harder - Tennyson, Hayward, CA",44659
17143002000,"Peoria, IL",44658
27123030702,"Greater East Side, Saint Paul, MN",44658
26093741601,"Brighton, MI",44658
6017030810,"Cameron Park, CA",44657
36007013303,"Endicott, NY",44657
26161446200,"Chelsea, MI",44656
30029000601,"Kalispell, MT",44656
6067005202,"Southeastern Sacramento, Sacramento, CA",44656
20003953700,"Welda, KS",44655
24027601204,"Elkridge, MD",44655
12117021612,"Longwood, FL",44654
8059011729,"Bear Creek, Lakewood, CO",44654
26125180200,"Clawson, MI",44652
36007013304,"Endicott, NY",44652
55025003001,"Madison, WI",44651
39049007494,"Ambassador Commons, Columbus, OH",44651
49007000500,"Helper, UT",44651
19099040100,"Kellogg, IA",44651
39035154502,"Garfield Heights, OH",44651
17105960300,"Cornell, IL",44649
37105030602,"Sanford, NC",44648
28075001102,"Meridian, MS",44648
37169070503,"King, NC",44647
36081028100,"Queens County, NY",44645
6075021200,"Dolores Heights, San Francisco, CA",44645
22093040100,"Gramercy, LA",44644
15003004900,"Liliha - Kapalama, Honolulu, HI",44644
12001001100,"Edgewood Hills, Gainesville, FL",44643
51099040200,"King George, VA",44643
48201452700,"Pheasant Trace Village, Houston, TX",44641
16065950302,"Rexburg, ID",44640
37025042604,"Harrisburg, NC",44640
54033031200,"Mount Clare, WV",44640
53077003400,"Selah, WA",44640
34003023401,"Hackensack, NJ",44639
6037552602,"Norwalk, CA",44638
51013101401,"Bluemont, Arlington, VA",44637
20103071400,"Linwood, KS",44637
36093032300,"Scotia, NY",44636
39049007209,"Preserve North, New Albany, OH",44636
25013813702,"Monson, MA",44636
33013003200,"Pembroke, NH",44636
53065950200,"Colville, WA",44635
39133602000,"Atwater, OH",44635
6059062641,"Aliso Viejo, CA",44635
25015820203,"Belchertown, Belchertown, MA",44634
17031810702,"Elmwood Park, IL",44634
37179020315,"Matthews, NC",44634
48201542301,"Katy, TX",44634
46029954502,"Watertown, SD",44633
6013302005,"Oakley, CA",44632
6065940500,"The Mesa, Palm Springs, CA",44632
39095005600,"Toledo, OH",44632
19091970300,"Humboldt, IA",44632
39109325000,"Covington, OH",44632
17097860104,"Winthrop Harbor, IL",44632
17031823302,"Chicago, IL",44630
22097961100,"Eunice, LA",44630
48245001303,"Beaumont, TX",44630
53001950100,"Ritzville, WA",44629
50011010100,"Highgate Center, Highgate, VT",44628
48113017305,"Pecan Creek, Mesquite, TX",44628
26125144300,"Waterford Township, MI",44628
53035091500,"Bremerton, WA",44627
37081016305,"High Point, NC",44627
42111021300,"Fairhope, PA",44627
26139021303,"West Olive, MI",44627
6089010807,"Columbia, Redding, CA",44627
41061970100,"Elgin, OR",44626
29219820101,"Warrenton, MO",44626
6037570701,"Lakewood Mutual, Lakewood, CA",44626
26163551600,"Harper Woods, MI",44626
22051020513,"Kenner, LA",44625
26163572000,"Dearborn Heights, MI",44625
17117956600,"Brighton, IL",44624
12031016806,"Southside, Jacksonville, FL",44624
36007013202,"Endwell, NY",44624
4013422308,"Oaktree Park, Gilbert, AZ",44624
48085030524,"McKinney, TX",44622
36055013702,"Rochester, NY",44621
45045003801,"Greenville, SC",44621
42055011600,"Mercersburg, PA",44621
24005404102,"Owings Mills, MD",44620
18097340101,"Wayne, Indianapolis, IN",44620
18071967500,"Seymour, IN",44620
48059030200,"Baird, TX",44619
16027022400,"Nampa, ID",44619
6053012402,"Pacific Grove, CA",44619
27115950300,"Finlayson, MN",44619
6037571900,"Bixby Knolls, Long Beach, CA",44619
6111005600,"Camarillo, CA",44617
8041002501,"Colorado Springs, CO",44617
6001435400,"Hayward, CA",44616
6069000100,"Hollister, CA",44615
42013101200,"Altoona, PA",44614
29021000702,"Saint Joseph, MO",44613
25005613100,"Taunton, MA",44613
42069111400,"Olyphant, PA",44612
8059010701,"Barths, Wheat Ridge, CO",44610
17031340400,"Armour Square, Chicago, IL",44609
27021960801,"Pillager, MN",44609
50025968200,"Marlboro, VT",44608
39019720400,"Dellroy, OH",44608
20091052101,"Hocker Grove, Shawnee, KS",44607
4013810700,"Chandler, AZ",44607
29099700502,"Hillsboro, MO",44606
6083000101,"Goleta, CA",44606
17197880203,"Romeoville, IL",44606
36047056500,"Kings County, NY",44606
55035000501,"Eau Claire, WI",44606
6053012200,"Pacific Grove, CA",44605
17113005700,"Chenoa, IL",44605
26081011701,"Standale, Grand Rapids, MI",44604
48029181722,"Far West Side, San Antonio, TX",44604
49017000400,"Escalante, UT",44603
42101020900,"Northwest Philadelphia, Philadelphia, PA",44603
25025170502,"Revere, MA",44602
8069000801,"University Acres, Fort Collins, CO",44602
36055013505,"Rochester, NY",44602
27049080101,"Red Wing, MN",44602
47093005906,"Hardin Valley, Knoxville, TN",44602
4013106702,"Alhambra, Phoenix, AZ",44601
24003701102,"Edgewater, MD",44601
25001013800,"Sagamore Beach, Bourne, MA",44600
55025011506,"Sun Prairie, WI",44599
12115001401,"Sarasota, FL",44599
42019910301,"Slippery Rock, PA",44599
48475950300,"Monahans, TX",44599
22029000500,"Jonesville, LA",44598
21227010702,"Bowling Green, KY",44598
26087338000,"Lapeer, MI",44597
6059087505,"Hermosa Village, Anaheim, CA",44597
40065968100,"Altus, OK",44596
39121968400,"Caldwell, OH",44595
13151070307,"McDonough, GA",44595
39097041300,"London, OH",44594
34009021805,"Cape May, NJ",44594
27021960100,"Remer, MN",44593
51810046216,"Virginia Beach, VA",44593
6065043810,"Beaumont, CA",44593
29183310901,"Saint Charles, MO",44593
48091310606,"Canyon Lake, TX",44593
17161024200,"Rock Island, IL",44592
42069111300,"Jessup, PA",44592
29051020600,"Jefferson City, MO",44592
42039110800,"Guys Mills, PA",44592
12086000123,"Sunny Isles Beach, FL",44591
33013032500,"Concord, NH",44591
29047021001,"Gladstone, MO",44590
4019004634,"Tucson, AZ",44588
39055310100,"Thompson, OH",44588
12103025011,"Largo, FL",44588
48113012900,"Old Lake Highlands, Dallas, TX",44588
29037061002,"Peculiar, MO",44588
6059086303,"Southeast Anaheim, Anaheim, CA",44587
6085502201,"Central San Jose, San Jose, CA",44587
53037975401,"Ellensburg, WA",44586
26125183800,"Royal Oak, MI",44585
12011010102,"Deerfield Beach, FL",44585
48321730301,"Bay City, TX",44584
6073007400,"Point Loma Heights, San Diego, CA",44584
29071800500,"Leslie, MO",44583
19159950100,"Diagonal, IA",44583
4025000402,"Prescott, AZ",44583
6029005203,"Lake Isabella, CA",44583
34041032300,"Phillipsburg, NJ",44583
4021000603,"Tucson, AZ",44583
47157021126,"Cordova, Memphis, TN",44583
16005001101,"Pocatello, ID",44582
12086009019,"Miami, FL",44582
31165950100,"Harrison, NE",44582
8123001417,"Greeley, CO",44582
17093890202,"Montgomery, IL",44582
55027960800,"Beaver Dam, WI",44581
53035092901,"Port Orchard, WA",44581
26021001800,"Saint Joseph, MI",44580
53035092000,"Seabeck, WA",44580
28121020801,"Brandon, MS",44579
28049010305,"Clinton, MS",44579
45045003014,"Simpsonville, SC",44579
24021750701,"Frederick, MD",44579
55141011000,"Wisconsin Rapids, WI",44577
25005650102,"New Bedford, MA",44577
1117030215,"Chelsea, AL",44577
17089854900,"Elgin, IL",44576
41051009302,"Northeast Portland, Portland, OR",44575
18109510100,"Mooresville, IN",44574
25027731101,"Columbus Park, Worcester, MA",44573
39049009800,"Grove City, OH",44573
46009967600,"Tyndall, SD",44573
48201510400,"Greater Heights, Houston, TX",44572
53005011800,"Prosser, WA",44572
17031700200,"South Side, Chicago, IL",44572
8077001900,"Grand Junction, CO",44572
6037502801,"Santa Fe Springs, CA",44571
42029306300,"West Grove, PA",44571
36081035100,"Queens County, NY",44571
55025000503,"Madison, WI",44570
6037432202,"Rosemead, CA",44570
55141011300,"Wisconsin Rapids, WI",44569
39113040204,"Centerville, OH",44569
26163557000,"Livonia, MI",44569
15003006808,"Aliamanu - Salt Lakes - Foster Village, Honolulu, HI",44569
29087960300,"Oregon, MO",44569
40109108704,"Southeast Oklahoma City, Choctaw, OK",44568
48113007810,"Lake Highlands, Dallas, TX",44568
48453001847,"Scofield Farms, Austin, TX",44568
35009000601,"Melrose, NM",44568
39003010800,"Elida, OH",44568
6065941200,"Palm Springs, CA",44568
26163565700,"Westland, MI",44567
19135070100,"Albia, IA",44566
5045031006,"Conway, AR",44565
18097340109,"Summerfield South, Indianapolis, IN",44565
26099251400,"Saint Clair Shores, MI",44565
29107090100,"Wellington, MO",44564
48039664000,"Clute, TX",44563
5053470400,"Sheridan, AR",44562
32003002974,"Sovana, Las Vegas, NV",44562
55035000502,"Eau Claire, WI",44562
9015906100,"Canterbury, CT",44561
39085203200,"Brentwood, Mentor, OH",44561
26163586300,"Romulus, MI",44561
27057070200,"Park Rapids, MN",44560
36081026500,"Queens County, NY",44559
6037482702,"South Montebello, Monterey Park, CA",44559
53053073117,"Eatonville, WA",44559
6083000103,"Santa Barbara, CA",44559
6037216401,"Central LA, Los Angeles, CA",44558
17031161200,"Kilbourn Park, Chicago, IL",44558
48141001302,"The Willows, El Paso, TX",44558
48201452000,"George Bush Park/Eldridge, Houston, TX",44557
55025002900,"Madison, WI",44557
26087334000,"Lapeer, MI",44557
40045952600,"Gage, OK",44556
42107001300,"Tremont, PA",44556
51153900905,"Triangle, VA",44556
25013813801,"Holland, MA",44555
53053072107,"Lakewood, WA",44555
26077002101,"Portage, MI",44555
39049007132,"Blendon Woods, Gahanna, OH",44554
18081610500,"Whiteland, IN",44554
36111954000,"Wallkill, NY",44553
6037543801,"Carson, CA",44553
6037551501,"Downey, CA",44552
31019969300,"Kearney, NE",44552
40027201403,"Norman, OK",44552
6073018801,"Fallbrook, CA",44551
6077005131,"Manteca, CA",44551
4013071514,"Arrowhead Shores, Peoria, AZ",44551
48491021602,"Georgetown, TX",44550
42081010700,"Hughesville, PA",44550
17199020900,"Marion, IL",44549
6061022002,"Colfax, CA",44549
26081011302,"Northview, Grand Rapids, MI",44548
17195000700,"Prophetstown, IL",44548
19061001201,"Dubuque, IA",44548
51065020102,"Palmyra, VA",44548
6037189500,"Central LA, Los Angeles, CA",44547
54073962100,"Saint Marys, WV",44547
54051020601,"McMechen, WV",44546
48439113809,"Watauga, TX",44546
49035113523,"Salt Lake City, UT",44546
55031020900,"East End, Superior, WI",44546
6037187101,"Atwater Village, Los Angeles, CA",44546
21179930200,"Coxs Creek, KY",44545
25003924100,"Stockbridge, MA",44545
36067014900,"Jamesville, NY",44545
48203020606,"Longview, TX",44544
36013035901,"Fredonia, NY",44544
6037408133,"West Covina, CA",44544
55139002500,"Appleton, WI",44543
55059000601,"Kenosha, WI",44540
26093725000,"Howell, MI",44539
4013050610,"Buckeye, AZ",44538
35045943300,"Farmington, NM",44537
42049010303,"Fairview, PA",44537
27137012100,"Hibbing, MN",44537
42017100401,"Levittown, PA",44537
9009348124,"Heritage Village, Southbury, CT",44536
6085508900,"San Miguel, Sunnyvale, CA",44536
42101018400,"North Philadelphia, Philadelphia, PA",44535
29151490200,"Linn, MO",44535
39017010103,"Oxford, OH",44534
49005001500,"Paradise, UT",44533
17177000500,"Freeport, IL",44533
25009221400,"Gloucester, MA",44533
47189030903,"Mount Juliet, TN",44533
51650012100,"Fox Hill - Grandview, Hampton, VA",44532
6073010104,"Egger Highlands, San Diego, CA",44532
48299970300,"Llano, TX",44532
9011660101,"Old Lyme, CT",44532
6097152906,"Santa Rosa, CA",44532
6073017401,"Cardiff, Encinitas, CA",44531
36005015800,"Bronx County, NY",44529
4019004030,"Country Club Estates, Tucson, AZ",44528
13215010107,"Midland, Columbus, GA",44527
32003003219,"Summerlin, Las Vegas, NV",44527
48363000300,"Palo Pinto, TX",44527
19107080100,"Keota, IA",44526
26073940100,"Mount Pleasant, MI",44526
37025042501,"Concord, NC",44525
26091060301,"Tipton, MI",44525
17031640700,"South Side, Chicago, IL",44524
1075030200,"Millport, AL",44523
6097151306,"Rohnert Park, CA",44523
26081010801,"Rockford, MI",44523
47037010301,"Goodlettsville, TN",44522
22077952400,"Livonia, LA",44521
51810045421,"Virginia Beach, VA",44521
6065041809,"Corona, CA",44520
23001042000,"Turner, ME",44520
22017024202,"Keithville, LA",44520
6073016615,"Santee, CA",44520
38017000903,"Westgate, Fargo, ND",44519
24005420200,"Dundalk, MD",44519
31039972800,"West Point, NE",44519
2020002822,"Rabbit Creek, Anchorage, AK",44519
26125133003,"Wixom, MI",44518
55055100500,"Lake Mills, WI",44518
4013422511,"El Dorado Ranchos, Gilbert, AZ",44517
29047021701,"Excelsior Springs, MO",44517
6037310703,"Burbank, CA",44516
12071050314,"Bonita Springs, FL",44516
51107610603,"Leesburg, VA",44515
27053000300,"Victory, Minneapolis, MN",44515
37081012509,"Green Valley, Greensboro, NC",44515
39107967800,"Celina, OH",44515
55019950400,"Greenwood, WI",44515
39109315001,"Piqua, OH",44514
39159050602,"Marysville, OH",44513
5007020501,"Bentonville, AR",44513
17199021400,"Marion, IL",44513
48201254400,"Middletown, Baytown, TX",44511
36081015000,"Queens County, NY",44511
6037482301,"Garvey, San Gabriel, CA",44511
42011013800,"Hamburg, PA",44510
6067008207,"Arden Bluff, Orangevale, CA",44510
19163011900,"Davenport, IA",44510
36081000600,"Queens County, NY",44508
17129010200,"Petersburg, IL",44508
42095018300,"Bangor, PA",44506
6037406412,"Walnut Valley, West Covina, CA",44506
6107001006,"Visalia, CA",44505
55031020800,"South End, Superior, WI",44505
6053010501,"Prunedale, CA",44504
37031970602,"Newport, NC",44504
26049011601,"Davison, MI",44502
8059009832,"Far Horizons, Arvada, CO",44502
42047950100,"Wilcox, PA",44500
36111953500,"New Paltz, NY",44499
12086016000,"Miami, FL",44499
44003022300,"Warwick, RI",44498
41061970800,"La Grande, OR",44496
6039000700,"Madera, CA",44496
26037010105,"DeWitt, MI",44496
34005702101,"McGuire Air Force Base, NJ",44496
41029000601,"Medford, OR",44496
9009125200,"Ansonia, CT",44496
36071011400,"Middletown, NY",44496
13021012101,"Macon, GA",44494
4013061038,"Rancho Gabriela, Surprise, AZ",44494
4013061035,"Litchfield Manor, Surprise, AZ",44494
49045131200,"Tooele, UT",44494
6065040821,"Corona, CA",44494
53053071207,"Puyallup, WA",44493
24003751103,"Glen Burnie, MD",44493
32510001002,"Carson City, NV",44493
29131962500,"Iberia, MO",44493
49011125808,"Layton, UT",44493
30013010600,"Belt, MT",44492
51121020201,"Hethwood - Prices Fork, Blacksburg, VA",44492
24003730100,"Chestnut Hill Cove, Riviera Beach, MD",44492
26093724001,"Fowlerville, MI",44491
48201254700,"Baytown, TX",44491
20009971600,"Great Bend, KS",44491
20103071101,"Lansing, KS",44491
39153530402,"Stow, OH",44490
13089021704,"Decatur, GA",44489
17179021203,"Peoria, IL",44489
6029003400,"Taft, CA",44488
9011693700,"Waterford, CT",44488
4013811400,"Chandler, AZ",44488
12011031204,"Pompano Beach, FL",44488
6085512508,"Gilroy, CA",44487
8005082100,"Centre Pointe, Aurora, CO",44486
25017351500,"Ward Two, Somerville, MA",44485
22005030101,"Prairieville, LA",44484
42101036302,"Northeast Philadelphia, Philadelphia, PA",44484
20155000200,"Hutchinson, KS",44484
48439105502,"Fort Worth, TX",44484
1089001401,"Madison, AL",44483
1125012502,"Tuscaloosa, AL",44483
48029181816,"Northwest Side, San Antonio, TX",44483
6099000911,"Modesto, CA",44482
6037134901,"Reseda, Los Angeles, CA",44482
48365950300,"Carthage, TX",44481
8037000200,"Gypsum, CO",44481
6037463300,"Pasadena, CA",44480
16031950500,"Burley, ID",44480
42049011001,"Erie, PA",44480
27057070400,"Nevis, MN",44480
39147963600,"Tiffin, OH",44479
55025000401,"Westmorland, Madison, WI",44479
48201233400,"Northeast Houston, Houston, TX",44478
47093005708,"Knoxville, TN",44478
42065950500,"Brookville, PA",44477
36119008800,"White Plains, NY",44476
6111006100,"Newbury Park, Thousand Oaks, CA",44476
24033800704,"Upper Marlboro, MD",44475
6061021501,"Auburn, CA",44475
18123952400,"Tell City, IN",44474
18089020200,"Whiting, IN",44474
6067009900,"Walnut Grove, CA",44474
17201000401,"Rockford, IL",44474
12057011413,"Citrus Park Community, Tampa, FL",44474
48031950100,"Johnson City, TX",44474
12086017100,"Miami, FL",44473
18061060200,"New Salisbury, IN",44472
13089022301,"Medlock Park, Decatur, GA",44472
36037950200,"Oakfield, NY",44471
55025000501,"Orchard Ridge, Madison, WI",44470
24043010400,"Hagerstown, MD",44468
1073014001,"Bessemer, AL",44468
29003010400,"Savannah, MO",44467
48221160301,"Granbury, TX",44467
36081006501,"Queens County, NY",44467
20115489600,"Hillsboro, KS",44466
42101013402,"Fairmount, Philadelphia, PA",44465
39075976400,"Holmesville, OH",44464
35001004723,"Albuquerque, NM",44464
27099000200,"Austin, MN",44463
47157009200,"East Memphis, Memphis, TN",44463
17031811302,"Franklin Park, IL",44463
37135011400,"Chapel Hill, NC",44463
34035051800,"North Plainfield, NJ",44462
29207470800,"Dexter, MO",44461
22079010100,"Deville, LA",44459
42075002200,"Jonestown, PA",44459
6073013419,"Rolling Hills Ranch, Chula Vista, CA",44459
48485011800,"Wichita Falls, TX",44458
47157021010,"Shelby County, TN",44457
8041006901,"Colorado Springs, CO",44457
36033950502,"Malone, NY",44456
41067032103,"Sherwood - Tualatin North, Sherwood, OR",44455
39095009700,"Curtice, OH",44454
46107000100,"Gettysburg, SD",44454
24025301702,"Belcamp, MD",44453
37081016204,"High Point, NC",44452
39045030300,"Baltimore, OH",44452
6001428400,"Alameda, CA",44451
9015900200,"North Grosvenor Dale, Thompson, CT",44451
42103950103,"Matamoras, PA",44451
26049011714,"Davison, MI",44450
51810045425,"Virginia Beach, VA",44449
17031600700,"Bridgeport, Chicago, IL",44449
55033970300,"Colfax, WI",44448
18071968100,"Brownstown, IN",44448
6053011604,"Carmel-by-the-Sea, CA",44448
29189216700,"Richmond Heights, MO",44446
12113010707,"Pace, FL",44446
27123032000,"Midway, Saint Paul, MN",44445
48439114007,"Fort Worth, TX",44445
39089752800,"Heath, OH",44444
12071040313,"Eisenhower, Lehigh Acres, FL",44443
37183054211,"Northhampton, Wake Forest, NC",44443
36057072100,"Amsterdam, NY",44443
48201541300,"Stone Creek, Houston, TX",44443
42039111300,"Cochranton, PA",44442
19047070200,"Schleswig, IA",44442
46013951600,"Aberdeen, SD",44442
10003012600,"Wilmington, DE",44441
39041012300,"Sunbury, OH",44440
25025100603,"Dorchester, Boston, MA",44440
37063002100,"Bahama, NC",44440
42133021020,"Manchester, PA",44440
48339692100,"College Park, Conroe, TX",44439
26125173200,"Ferndale, MI",44439
49005001001,"Logan, UT",44439
50011010400,"East Fairfield, Fairfield, VT",44438
13139001608,"Hall County, GA",44438
27037060749,"Eagan, MN",44438
17019001100,"Champaign, IL",44438
9003520302,"Glastonbury Center, Glastonbury, CT",44437
4013103219,"Paradise Valley Village, Scottsdale, AZ",44436
6059032051,"Rancho Santa Margarita, CA",44435
1125010202,"Northport, AL",44434
22055000604,"Lafayette, LA",44434
13247060406,"Conyers, GA",44434
36115080200,"Hudson Falls, NY",44433
42049002100,"Erie, PA",44433
49035103700,"Wasatch Hollow, Salt Lake City, UT",44432
38035010900,"Grand Forks, ND",44431
6073010601,"Coronado, CA",44430
1073011205,"Dixiana, AL",44429
6077004001,"Thornton, CA",44429
54049021600,"Mannington, WV",44428
17167003802,"Riverton, IL",44428
37037020104,"Pittsboro, NC",44427
32003005807,"The Section Seven, Las Vegas, NV",44427
26049013402,"Goodrich, MI",44427
48181001101,"Sherman, TX",44427
42043022601,"Harrisburg, PA",44426
51061930403,"Warrenton, VA",44426
13135050208,"Lawrenceville, GA",44425
51101950300,"West Point, VA",44425
36055013401,"Rochester, NY",44424
39085205400,"Dugan Farms, Perry, OH",44424
17069970900,"Elizabethtown, IL",44424
47093004612,"Cedar Bluff, Knoxville, TN",44423
20173008600,"Northwest Big River, Wichita, KS",44422
53011040805,"Pleasant Valley, Vancouver, WA",44422
53057952700,"Mount Vernon, WA",44421
25025010600,"Prudential / St. Botolph, Boston, MA",44420
6073017404,"Cardiff, Encinitas, CA",44419
6019004213,"Fresno, CA",44418
8107000300,"Oak Creek, CO",44418
12111382200,"Fort Pierce, FL",44418
13117130104,"Gainesville, GA",44417
22055001802,"Lafayette, LA",44417
48491020405,"Acres West, Austin, TX",44417
6073008507,"Clairemont, San Diego, CA",44417
35001003717,"Academy Estates East, Albuquerque, NM",44417
27017070100,"Cloquet, MN",44415
32003003314,"Silverstone Ranch, Las Vegas, NV",44415
25013812403,"West Springfield, MA",44415
39035153104,"Fairview Park, OH",44415
26037010801,"Saint Johns, MI",44415
36029014502,"Depew, NY",44415
29051010900,"Jefferson City, MO",44414
32003005106,"Green Valley North, Henderson, NV",44414
12073002413,"Killearn Lakes, Tallahassee, FL",44413
19113001003,"Cedar Hills, Cedar Rapids, IA",44413
26103002900,"Marquette, MI",44413
51177020111,"Fredericksburg, VA",44413
27053125500,"East Bloomington, Minneapolis, MN",44412
4013815700,"San Tan Ranch, Gilbert, AZ",44412
55017010900,"Boyd, WI",44412
4019004725,"Oracle Foothills Estates, Tucson, AZ",44411
26065005600,"Mason, MI",44411
21149970100,"Calhoun, KY",44411
27123040902,"Mounds View, MN",44411
21215080102,"Taylorsville, KY",44410
37119006302,"Huntersville, NC",44410
12105013500,"Winter Haven, FL",44410
12011110324,"Miramar, FL",44409
6099000402,"Riverbank, CA",44409
53047971000,"Twisp, WA",44408
53053072307,"University Place, WA",44408
12103027204,"Palm Harbor, FL",44408
40149965400,"Corn, OK",44408
42079211400,"Trucksville, PA",44407
9001021600,"Downtown, Stamford, CT",44407
51683910302,"Manassas, VA",44406
6071002010,"Hunter's Ridge, Fontana, CA",44406
6059001401,"La Habra, CA",44406
12057012504,"Plant City, FL",44405
6001405401,"Clinton, Oakland, CA",44405
26125145600,"Waterford Township, MI",44405
55033970200,"Boyceville, WI",44404
24043010900,"Fairplay, MD",44403
6073009802,"San Carlos, San Diego, CA",44403
39061023521,"Blue Ash, OH",44403
39095007700,"Westgate, Toledo, OH",44402
17031812802,"Oak Park, IL",44402
40027201903,"Mayfield, Oklahoma City, OK",44402
49035113505,"West Valley City, UT",44401
33001966500,"Alton Bay, Alton, NH",44401
6095251300,"Vallejo, CA",44401
53073001202,"Bellingham, WA",44401
36055012800,"Rochester, NY",44401
26057000200,"Alma, MI",44399
6073008339,"University City, San Diego, CA",44399
6065031702,"Arlington South, Riverside, CA",44398
42029301100,"Spring City, PA",44398
26147635000,"Port Huron, MI",44396
17031816100,"Forest Park, IL",44395
15003006702,"Moanalua, Honolulu, HI",44394
34021002602,"White Horse, Hamilton Township, NJ",44392
6019005805,"McLane, Fresno, CA",44392
48035950400,"Valley Mills, TX",44392
50021962700,"Rutland, VT",44392
12011060503,"Plantation, FL",44391
34015501403,"Glassboro, NJ",44389
17073031200,"Woodhull, IL",44388
40037020900,"Bristow, OK",44388
40143003200,"Maple Ridge North, Tulsa, OK",44387
39035177104,"Parma, OH",44387
16019970501,"Ammon, ID",44386
45013010200,"Hilton Head Island, SC",44385
12086018000,"Miami, FL",44385
39011040400,"Wapakoneta, OH",44385
23005004002,"Gorham, ME",44384
27111960300,"Pelican Rapids, MN",44384
26099260700,"Warren, MI",44383
6059001504,"Brea, CA",44383
42003470600,"Carnegie, PA",44382
39061021422,"Cincinnati, OH",44382
22103040103,"Covington, LA",44380
42059970800,"Greensboro, PA",44380
17057952800,"Farmington, IL",44380
10003016804,"Townsend, DE",44379
33017083002,"Somersworth, NH",44379
36061007600,"Midtown, New York, NY",44378
13139001302,"Gainesville, GA",44378
24041960201,"Easton, MD",44378
4013040515,"Wickenburg, AZ",44377
26125180000,"Clawson, MI",44377
4013611800,"Deer Valley, Glendale, AZ",44376
36047047700,"Kings County, NY",44376
55097960600,"Amherst Junction, WI",44376
48395960100,"Bremond, TX",44376
6083000102,"Hope, Santa Barbara, CA",44375
6073003204,"National City, CA",44375
9009180300,"The Centre, East Haven, CT",44375
51069050803,"Stephens City, VA",44374
4013420800,"Mesa, AZ",44374
24027606906,"Laurel, MD",44374
12031014413,"Southside, Jacksonville, FL",44373
19153010802,"Bloomfield/Allen, Des Moines, IA",44373
42079215504,"Wapwallopen, PA",44372
12117021403,"Winter Springs, FL",44371
1097006406,"Alderbrook, Mobile, AL",44370
23005004801,"North Windham, Windham, ME",44369
12057014117,"Apollo Beach, FL",44369
39049008900,"Hamilton Garden, Columbus, OH",44368
21107970100,"Hanson, KY",44368
35045000608,"Farmington, NM",44367
48135000300,"Odessa, TX",44367
18113972400,"Albion, IN",44367
36081002200,"Queens County, NY",44367
6037482303,"Garvey, Rosemead, CA",44366
51810046211,"Virginia Beach, VA",44366
42051263300,"Vanderbilt, PA",44366
6059075401,"Park Santiago, Santa Ana, CA",44365
22051024001,"River Ridge, LA",44365
26093724002,"Howell, MI",44363
24021752301,"Frederick, MD",44363
55065970300,"Belmont, WI",44363
42025020700,"Lehighton, PA",44361
12011110339,"Pembroke Pines, FL",44361
10005051102,"Rehoboth Beach, DE",44361
26049011102,"Grand Blanc, MI",44361
40011958600,"Okeene, OK",44360
9011870704,"Niantic, East Lyme, CT",44360
39049007396,"Willow Brook Crossing, Blacklick, OH",44359
49053271500,"St. George, UT",44358
26115830100,"Berlin Charter Township, MI",44358
36047069200,"Kings County, NY",44356
26049010201,"Clio, MI",44355
12099000405,"The Bluffs, Jupiter, FL",44355
49035113526,"Kearns, UT",44354
29073960500,"Owensville, MO",44353
41051004300,"Northwest Portland, Portland, OR",44353
12001001811,"Gainesville, FL",44353
53073000600,"Central Business District, Bellingham, WA",44352
6029003205,"Stonegate, Bakersfield, CA",44352
27053011000,"Northrop, Minneapolis, MN",44352
48091310403,"Mockingbird Heights, New Braunfels, TX",44351
19173180300,"New Market, IA",44351
18039002101,"Elkhart, IN",44351
39035183401,"Shaker Heights, OH",44350
27137013900,"Aurora, MN",44350
29095007300,"Plaza Area, Kansas City, MO",44349
36063024406,"Lewiston, NY",44349
55083100700,"Gillett, WI",44349
55045960400,"Monroe, WI",44349
53033030005,"Federal Way, WA",44348
26139023100,"Holland, MI",44348
48041001701,"College Station, TX",44348
40143009402,"Sand Springs, OK",44347
30005000200,"Chinook, MT",44347
27063480400,"Jackson, MN",44346
17117956700,"Bunker Hill, IL",44346
39039958100,"Defiance, OH",44346
55097961300,"Almond, WI",44346
48113007910,"Dallas, TX",44345
16007950100,"Montpelier, ID",44345
39129021700,"Circleville, OH",44345
36067011242,"Clay, NY",44344
17029000900,"Charleston, IL",44343
17135957700,"Litchfield, IL",44343
36081033900,"Queens County, NY",44342
32031003501,"Reno, NV",44342
26099240800,"Clinton Township, MI",44342
12057011710,"Town N Country Alliance, Town 'n' Country, FL",44342
53053073108,"Puyallup, WA",44340
13013180105,"Auburn, GA",44340
6067007903,"Barrett Meadows, Carmichael, CA",44340
5143010104,"Fayetteville, AR",44340
48453002425,"Crossing At Onion Creek, Austin, TX",44339
39049000420,"Clintonville, Columbus, OH",44339
55077960400,"Endeavor, WI",44338
6001406000,"East Peralta, Oakland, CA",44338
48389950400,"Pecos, TX",44337
6065042007,"Perris, CA",44337
24005441101,"Rosedale, MD",44337
37105030702,"Broadway, NC",44337
36029010500,"Buffalo, NY",44336
37035010502,"Hickory, NC",44336
53067010200,"North East, Olympia, WA",44336
37183053205,"Alston Pond, Fuquay Varina, NC",44336
6037702901,"Marina del Rey, CA",44336
46039953600,"Clear Lake, SD",44335
55035001600,"Eau Claire, WI",44335
53033011002,"Greater Duwamish, Seattle, WA",44334
19127950800,"Marshalltown, IA",44334
19093090200,"Ida Grove, IA",44334
6037481002,"Alhambra, CA",44333
4013061044,"Waddell, AZ",44333
32031002901,"Sparks, NV",44333
18163003000,"Westside, Evansville, IN",44331
36029004900,"North Park, Buffalo, NY",44331
53023970300,"Pomeroy, WA",44331
6001405302,"East Lake, Oakland, CA",44330
19045000700,"Clinton, IA",44330
42015951300,"Granville Summit, PA",44329
39025041303,"Batavia, OH",44328
39133601801,"Ravenna, OH",44327
26163591502,"Brownstown Charter Township, MI",44326
48029181712,"Great Northwest, San Antonio, TX",44326
6055200301,"Napa, CA",44326
32003003204,"Vintage Hills, Las Vegas, NV",44326
29051020400,"Jefferson City, MO",44326
36053940103,"Oneida, NY",44325
31053964000,"Fremont, NE",44325
6001433800,"San Leandro, CA",44324
35001000710,"Four Hills Village, Albuquerque, NM",44324
55029100500,"Sturgeon Bay, WI",44324
37071033304,"Gastonia, NC",44323
20117060510,"Marysville, KS",44323
6037572202,"Wrigley, Long Beach, CA",44323
19039960300,"Murray, IA",44322
31169963200,"Hebron, NE",44321
39135440100,"West Alexandria, OH",44321
48201311300,"Greater East End, Houston, TX",44321
26125122400,"Oxford, Brandon Township, MI",44321
55137960200,"Redgranite, WI",44321
8031007013,"East, Denver, CO",44320
42055011100,"Chambersburg, PA",44318
36029001900,"Kaisertown, Buffalo, NY",44318
48439111505,"West Arlington, Arlington, TX",44317
34041030800,"Phillipsburg, NJ",44316
39049002740,"Eastmoor, Bexley, OH",44316
24033800401,"Bowie, MD",44315
49035113408,"West Valley City, UT",44315
42007603700,"Baden, PA",44314
39109320100,"Bradford, OH",44314
6037408006,"West Covina, CA",44314
40047001402,"Enid, OK",44313
16083001300,"Kimberly, ID",44313
27137000400,"Kenwood, Duluth, MN",44313
42003160800,"South Side Slopes, Pittsburgh, PA",44312
12086012800,"Hialeah, FL",44312
12057013409,"Valrico, FL",44311
17089852001,"St. Charles, IL",44311
6037431400,"Arcadia, CA",44310
12021010417,"Naples, FL",44309
27123042201,"Maplewood, MN",44309
48027023403,"Salado, TX",44308
53053073119,"Graham, WA",44307
51003010300,"Forest Lakes, Charlottesville, VA",44307
12103027210,"Palm Harbor, FL",44307
40027202205,"South Oklahoma City, Oklahoma City, OK",44307
45019004701,"Mount Pleasant, SC",44307
53031950300,"Port Ludlow, WA",44306
6085508602,"Heritage District, Sunnyvale, CA",44305
4019004044,"Houghton, Tucson, AZ",44305
42065950400,"Brookville, PA",44305
42071010802,"Bainbridge, PA",44305
39119911100,"Dresden, OH",44304
6037214800,"Beverly Grove, Los Angeles, CA",44304
48439113924,"Summerfields, Fort Worth, TX",44303
42003430100,"West View, PA",44302
39057210200,"Beavercreek, OH",44301
40151954400,"Alva, OK",44300
48041002013,"College Station, TX",44300
6083002913,"Goleta, CA",44299
26145012100,"Hemlock, MI",44299
39023002404,"Greenlawn Village, Springfield, OH",44299
26091060100,"Britton, MI",44298
31153010108,"Bellevue, NE",44298
48085030801,"McKinney, TX",44298
48473680300,"Prairie View, TX",44298
6037670003,"Lomita, CA",44298
17149952400,"Griggsville, IL",44298
25013813101,"Southwick, MA",44298
18141001200,"South Bend, IN",44298
53063010601,"Northwest Spokane, Spokane, WA",44297
48439113928,"Harvest Ridge, Keller, TX",44296
12099006402,"Delray Beach, FL",44296
51041100816,"Richmond, VA",44296
47065000700,"North Chattanooga, Chattanooga, TN",44296
12117020701,"Sanford, FL",44295
6037103101,"Sunland-Tujunga, Los Angeles, CA",44295
6065051200,"Temecula, CA",44295
24043001002,"Hagerstown, MD",44295
4013061014,"Corte Sierra, Avondale, AZ",44295
30111000702,"Heights, Billings, MT",44295
18005011300,"Columbus, IN",44294
8059010213,"Lamar Heights Area, Arvada, CO",44294
1089002911,"Huntsville, AL",44294
44009051502,"Narragansett, RI",44293
22017023905,"Shreveport, LA",44293
16001010201,"Star, ID",44293
19061000300,"Dubuque, IA",44293
8001008542,"Brighton, CO",44293
29189211102,"Florissant, MO",44292
6029004101,"Shafter, CA",44291
4013092306,"Glendale, AZ",44290
5045030404,"Conway, AR",44290
36029006602,"Elmwood Village, Buffalo, NY",44290
42005950800,"Ford City, PA",44289
29019001602,"Columbia, MO",44289
54039002000,"Charleston, WV",44288
53073010600,"Ferndale, WA",44288
6001437300,"Southgate, Hayward, CA",44288
45045001900,"Greenville, SC",44288
4005000100,"Flagstaff, AZ",44288
6067009106,"Larchmont Riviera, Sacramento, CA",44287
4013060802,"Thompson Ranch, El Mirage, AZ",44286
39005970700,"Ashland, OH",44286
55085971002,"Minocqua, WI",44286
36055013101,"Rochester, NY",44286
1117030332,"Pelham, AL",44285
38103960000,"Fessenden, ND",44284
6001432400,"Mullford Gardens, San Leandro, CA",44284
47157021121,"Shelby County, TN",44284
13121011421,"Roswell, GA",44283
47157007200,"East Buntyn, Memphis, TN",44282
13117130101,"Cumming, GA",44282
6067007431,"Antelope Vista, Antelope, CA",44282
48497150401,"Chico, TX",44282
17115001500,"Decatur, IL",44282
48203020502,"Marshall, TX",44282
19179960700,"Ottumwa, IA",44281
6073020025,"San Marcos, CA",44281
12031014410,"Southside, Jacksonville, FL",44281
26163554600,"Redford Charter Township, MI",44281
53011040411,"Pleasant Valley, Vancouver, WA",44281
40143003300,"Swan Lake, Tulsa, OK",44280
32003003208,"Las Vegas, NV",44280
26081010401,"Sparta, MI",44279
27061480900,"Grand Rapids, MN",44279
27123031100,"Payne - Phalen, Saint Paul, MN",44279
25005655400,"Fairhaven, MA",44277
16051960300,"Rigby, ID",44277
36055015102,"Hamlin, NY",44277
39045032600,"Amanda, OH",44277
6085505100,"North San Jose, San Jose, CA",44277
17091011200,"Saint Anne, IL",44277
20031966100,"Burlington, KS",44276
17031140301,"Albany Park, Chicago, IL",44276
36107020402,"Apalachin, NY",44276
18097390405,"Franklin Township, Indianapolis, IN",44275
26065005900,"Williamston, MI",44274
53053073115,"Graham, WA",44273
36047057100,"Kings County, NY",44273
25025070300,"Boston, MA",44273
36047017600,"Kings County, NY",44273
36047053400,"Kings County, NY",44273
53011040511,"Camas, WA",44273
20209043802,"Morris, Kansas City, KS",44273
6073008357,"Mira Mesa, San Diego, CA",44272
36071011102,"Scotchtown, NY",44272
26081012703,"Ridgebrook, Kentwood, MI",44272
20059954500,"Princeton, KS",44270
6095253101,"Vacaville, CA",44270
48289950300,"Centerville, TX",44270
34001012702,"Somers Point, NJ",44269
39035134205,"Berea, OH",44269
33015107200,"Portsmouth, NH",44268
6019006300,"Reedley, CA",44268
22017022900,"Shreveport, LA",44266
13135050608,"Dacula, GA",44266
6055200504,"Napa, CA",44266
6019005505,"Fresno, CA",44266
6013301000,"Oakley, CA",44265
42049011503,"Erie, PA",44265
22075050600,"Buras, LA",44265
27113090200,"Thief River Falls, MN",44264
6059042201,"Capistrano Beach, Dana Point, CA",44264
51510200201,"Seminary Hill, Alexandria, VA",44262
20155001600,"Nickerson, KS",44262
34039030802,"Elizabeth, NJ",44261
51177020104,"Spotsylvania Courthouse, VA",44260
39129020320,"Circleville, OH",44260
6087122400,"Corralitos, CA",44260
12103027207,"Allen's Ridge, Palm Harbor, FL",44260
6059087103,"Southwest Anaheim, Anaheim, CA",44259
18095011100,"Lapel, IN",44259
12095017016,"Orlando, FL",44258
12115001303,"Sarasota, FL",44258
56001963100,"Laramie, WY",44257
22097961000,"Eunice, LA",44256
6037302104,"Citrus Grove, Glendale, CA",44256
48157674502,"Sienna Village, Missouri City, TX",44256
48233950600,"Borger, TX",44256
49005001401,"Hyrum, UT",44256
48113000300,"Glencoe, Dallas, TX",44255
42079213100,"Kingston, PA",44255
17157950700,"Sparta, IL",44254
17107953000,"Emden, IL",44254
25025040600,"Charlestown, Boston, MA",44254
41051009904,"Holly Brook, Gresham, OR",44253
27065480100,"Brook Park, MN",44253
42047950900,"Weedville, PA",44253
39049009720,"Ziner Farm, Grove City, OH",44253
55077960300,"Montello, WI",44250
42099030201,"Newport, PA",44249
1073011208,"Dixiana, AL",44249
41005024302,"Sandy, OR",44248
50027966100,"Weathersfield, VT",44247
6037920035,"Santa Clarita, CA",44247
48201323802,"Pasadena, TX",44247
26099258100,"Eastpointe, MI",44246
24033800412,"Lanham, MD",44246
41067031804,"Beaverton, OR",44245
48309002000,"Robinson, TX",44245
55033970100,"Wheeler, WI",44244
36081029100,"Queens County, NY",44243
50007003000,"Richmond, VT",44243
12105012408,"Auburndale, FL",44243
6065043811,"Cherry Valley, CA",44242
12086017300,"Miami, FL",44241
13095010401,"Albany, GA",44240
6029001901,"Oleander/Sunset, Bakersfield, CA",44240
42065950900,"Punxsutawney, PA",44240
39103417300,"Wadsworth, OH",44239
49035111905,"Murray, UT",44239
11001008301,"Northeast Washington, Washington, DC",44238
1077011700,"Rogersville, AL",44238
51680000100,"Peakland, Lynchburg, VA",44238
48113013720,"Central Carrollton, Carrollton, TX",44238
44007015800,"Pawtucket, RI",44238
29019001702,"Columbia, MO",44238
6073019701,"Vista, CA",44237
18019050804,"Henryville, IN",44237
42069111800,"Lackawanna County, PA",44236
42089300501,"East Stroudsburg, PA",44236
37167930101,"Richfield, NC",44236
48367140101,"Weatherford, TX",44235
48201410900,"Montrose, Houston, TX",44235
18163010203,"Evansville, IN",44235
10003010400,"Wilmington, DE",44234
36067006103,"Valley, Syracuse, NY",44234
36011041200,"Auburn, NY",44234
33009961601,"Etna, NH",44233
17037001600,"Cortland, IL",44233
20031966200,"Burlington, KS",44232
31109001001,"University Place, Lincoln, NE",44230
36005028900,"Bronx County, NY",44229
22095070700,"Reserve, LA",44228
17115002904,"Decatur, IL",44227
6037115104,"Northridge, Los Angeles, CA",44227
34015501212,"Sewell, Washington Township, NJ",44227
17097865200,"Highwood, IL",44224
53033027000,"Highline, Seattle, WA",44224
26139020600,"Spring Lake, MI",44224
17031060200,"Lake View, Chicago, IL",44224
32003003252,"Summerlin, Las Vegas, NV",44224
8005080700,"Utah Park, Aurora, CO",44223
18145710900,"Flat Rock, IN",44223
42093050400,"Danville, PA",44223
33011014100,"Litchfield, NH",44222
48491020808,"Taylor, TX",44221
51165011200,"Dayton, VA",44221
18057110509,"Noblesville, IN",44221
4013617600,"Peacock Village, Peoria, AZ",44221
17031060400,"Lake View, Chicago, IL",44220
34015501102,"Woodbury, NJ",44220
4013420212,"Villa Royale III, Mesa, AZ",44220
50013020200,"Grand Isle, VT",44220
36081054200,"Queens County, NY",44220
12101032112,"Meadow Pointe, Wesley Chapel, FL",44220
53073001100,"Bellingham, WA",44220
42045406802,"Boothwyn, PA",44219
45063021023,"Lexington, SC",44218
39055312100,"Middlefield, OH",44217
39017013300,"Middletown, OH",44217
34029722001,"Toms River, NJ",44217
48113019018,"Lake Highlands, Dallas, TX",44216
20041084100,"Abilene, KS",44215
37109070202,"Lincolnton, NC",44215
48439113213,"North Richland Hills, TX",44213
36061006700,"Lower Manhattan, New York, NY",44213
49049002207,"Lakewood, Provo, UT",44213
26161403500,"Eberwhite, Ann Arbor, MI",44212
6059076202,"Orange, CA",44212
8119010104,"Woodland Park, CO",44211
36071001300,"Middletown, NY",44211
32003005713,"Henderson, NV",44211
25017339300,"West Medford, Medford, MA",44211
26045021002,"Charlotte, MI",44210
13215010205,"Columbus, GA",44210
36067013300,"Liverpool, NY",44209
24031703902,"Silver Spring, MD",44209
48187210804,"Seguin, TX",44208
26087339000,"Imlay City, MI",44207
34021003100,"Lawrenceville, Lawrence Township, NJ",44207
6037109604,"Mission Hills, Los Angeles, CA",44206
42131400400,"Tunkhannock, PA",44206
36055015303,"Brockport, NY",44205
25013813304,"Longmeadow, MA",44205
37179020311,"Indian Trail, NC",44204
17041952400,"Arcola, IL",44204
22051021300,"Metairie, LA",44204
24043011202,"Hagerstown, MD",44204
36027120000,"Pine Plains, NY",44204
55035000302,"Eau Claire, WI",44203
22113950400,"Kaplan, LA",44202
36027070101,"Staatsburg, NY",44202
19087970200,"Mount Pleasant, IA",44201
17181950500,"Dongola, IL",44201
42079215503,"Mountain Top, PA",44200
6037621001,"Hermosa Beach, CA",44199
6085512023,"Edenvale, San Jose, CA",44199
40109108216,"Edmond, OK",44199
34015501302,"Pitman, NJ",44199
53033029204,"Kent, WA",44199
27027030102,"Dilworth, MN",44199
6037462202,"Pasadena, CA",44198
17011965200,"Spring Valley, IL",44198
8123001406,"Greeley, CO",44198
37081016205,"High Point, NC",44195
36071012100,"Goshen, NY",44195
6037117101,"North Hills, Los Angeles, CA",44195
21185030200,"La Grange, KY",44195
48291701200,"Liberty, TX",44194
36083041300,"Troy, NY",44193
42051261800,"Uniontown, PA",44193
18097361000,"Irvington, Indianapolis, IN",44193
30031000300,"Three Forks, MT",44192
6065043256,"Temecula, CA",44191
25001010400,"Orleans, MA",44191
39161020300,"Ohio City, OH",44191
17011965600,"Neponset, IL",44190
6065043812,"Banning, CA",44190
25021417802,"Quincy, MA",44189
40143009009,"Broken Arrow, OK",44189
1079979800,"Moulton, AL",44189
53067010920,"Tumwater, WA",44188
6095253403,"Dixon, CA",44188
30057000300,"Sheridan, MT",44188
24027606606,"Long Reach, Columbia, MD",44188
48119950100,"Cooper, TX",44187
55017010300,"Chippewa Falls, WI",44186
6037621324,"South Redondo, Redondo Beach, CA",44186
22019003600,"Vinton, LA",44186
48187210710,"Northeast Side, Schertz, TX",44186
12119911701,"The Villages, FL",44185
51550020804,"Greenbrier East, Chesapeake, VA",44184
56029965500,"Cody, WY",44182
45045001804,"Taylors, SC",44182
17031830001,"Matteson, IL",44182
6073019803,"Carlsbad, CA",44181
48245007002,"Port Arthur, TX",44181
6037482800,"South Montebello, Monterey Park, CA",44180
36055013206,"West Henrietta, NY",44179
12103027326,"Oldsmar, FL",44179
53033029700,"Scenic Hill, Kent, WA",44179
49035113528,"West Jordan, UT",44179
1081040500,"Auburn, AL",44178
6077003203,"Stockton, CA",44178
55079000501,"Timmerman West, Milwaukee, WI",44178
21111009700,"Hawthorne, Louisville, KY",44177
26121002700,"Muskegon, MI",44177
6059099214,"Huntington Beach, CA",44177
6065042732,"Menifee, CA",44176
18173030600,"Boonville, IN",44176
42073011300,"Enon Valley, PA",44176
39151712201,"North Canton, OH",44176
39043040400,"Huron, OH",44175
36081045400,"Queens County, NY",44174
45045001600,"Taylors, SC",44174
6067009615,"Elk Grove, CA",44174
8123002019,"Firestone, CO",44174
24043011500,"Keedysville, MD",44174
17099963800,"Streator, IL",44174
6059075805,"Orange, CA",44174
13067030223,"Kennesaw, GA",44173
47037019106,"Nashville, TN",44172
9009350900,"Waterbury, CT",44171
34017004000,"West Side, Jersey City, NJ",44171
6071007904,"Highland, CA",44171
54097966900,"Buckhannon, WV",44171
39049007205,"Central College, New Albany, OH",44170
12099007610,"Boca Raton, FL",44170
53025010400,"Ephrata, WA",44169
41005024303,"Welches, Mount Hood Village, OR",44169
38035011400,"Mekinock, ND",44168
37119006106,"Wedgewood, Charlotte, NC",44167
40093955300,"Fairview, OK",44165
6071001808,"Ontario, CA",44165
42021011000,"Johnstown, PA",44164
36047100800,"Kings County, NY",44164
51127700100,"Quinton, VA",44164
6083002012,"Santa Maria, CA",44164
13067030101,"Acworth, GA",44163
36055007802,"Cobbs Hill, Rochester, NY",44163
1073011703,"Gardendale, AL",44163
4019004619,"Oro Valley Heights, Tucson, AZ",44162
17031816800,"Berkeley, IL",44162
15003008411,"Ewa, Ewa Beach, HI",44160
37119006212,"Huntersville, NC",44160
35043010714,"Rio Rancho, NM",44159
25027704200,"Phillipston, MA",44159
26025001800,"Battle Creek, MI",44158
26139021201,"Grand Haven, MI",44157
21111011907,"Louisville, KY",44157
12071001915,"Fort Myers, FL",44156
17193958400,"Norris City, IL",44156
6099003100,"Modesto, CA",44156
41005023403,"Sandy, OR",44155
29037061400,"Harrisonville, MO",44155
6037183702,"Northeast Los Angeles, Los Angeles, CA",44154
8031003300,"Central, Denver, CO",44154
23001020800,"Lewiston, ME",44154
12099007751,"Wellington, FL",44153
54069001500,"Woodsdale, Wheeling, WV",44152
26049013113,"Linden, MI",44152
39123050202,"Port Clinton, OH",44152
6037430002,"Duarte, CA",44152
39051040300,"Swanton, OH",44151
53011040407,"Battle Ground, WA",44151
17161023200,"Rock Island, IL",44150
17097864204,"Wauconda, IL",44150
12086010198,"Miami, FL",44150
42045407700,"Morton, PA",44150
46093020301,"Black Hawk, SD",44150
13245010201,"Waverly, Augusta, GA",44149
42035030400,"Lock Haven, PA",44149
6073009306,"Serra Mesa, San Diego, CA",44149
18003010100,"Harlan, IN",44148
42077001402,"Allentown, PA",44148
36081006300,"Queens County, NY",44148
55027961800,"Reeseville, WI",44147
22109000101,"Schriever, LA",44147
21015070502,"Burlington, KY",44147
6087120400,"Boulder Creek, CA",44147
55087012200,"Kaukauna, WI",44146
12095015902,"Winter Park, FL",44145
36119006200,"New Rochelle, NY",44145
39095004503,"Beverly, Toledo, OH",44143
12099007757,"Lake Worth, FL",44143
48201241103,"Timber Lane, Spring, TX",44143
6037185204,"Northeast Los Angeles, Los Angeles, CA",44142
51069050802,"Stephens City, VA",44142
6067008111,"Peterson, Citrus Heights, CA",44142
8005005800,"Englewood, CO",44141
19153000803,"Merle Hay, Des Moines, IA",44140
40109108706,"Midwest City, OK",44140
6085502102,"Willow Glen, San Jose, CA",44140
26067031200,"Lake Odessa, MI",44140
53077000901,"Yakima, WA",44139
47157021113,"Wolfchase, Memphis, TN",44139
26139025700,"Holland, MI",44139
12031010103,"Northside, Jacksonville, FL",44136
20091051906,"Highpointe Village, Overland Park, KS",44135
39055312300,"Middlefield, OH",44135
12095016507,"Regency Park, Orlando, FL",44135
36047012100,"Kings County, NY",44135
6099000403,"Modesto, CA",44135
26163554300,"Redford Charter Township, MI",44134
6077004106,"Lodi, CA",44134
53011041317,"Fircrest, Vancouver, WA",44133
42051261401,"New Salem, PA",44133
42027010800,"Aaronsburg, PA",44132
36111953600,"Highland, NY",44132
48057000100,"Port Lavaca, TX",44132
37081016406,"Greensboro, NC",44131
6085504504,"Milpitas, CA",44130
27005450300,"Frazee, MN",44130
53033030314,"Federal Way, WA",44129
48355005404,"South Side, Corpus Christi, TX",44129
45019003000,"West Ashley, Charleston, SC",44128
34013017800,"West Orange, NJ",44128
18035002402,"Muncie, IN",44127
6037143100,"Toluca Lake, Los Angeles, CA",44127
37081015901,"Stokesdale, NC",44126
6081600800,"Westlake, Daly City, CA",44126
6059011712,"Placentia, CA",44125
19045000800,"Camanche, IA",44125
21117065800,"Covington, KY",44125
21019031001,"Ashland, KY",44125
19049050300,"Perry, IA",44124
54061011803,"Morgantown, WV",44124
51073100203,"Gloucester, VA",44122
48339694201,"Willis, TX",44121
8041003902,"Peyton, CO",44121
39109365000,"Troy, OH",44120
12057011515,"Country Place, Tampa, FL",44119
55079018400,"Bay View, Milwaukee, WI",44119
6073016610,"Santee, CA",44119
25003900500,"Pittsfield, MA",44118
55057100200,"New Lisbon, WI",44118
36047041600,"Kings County, NY",44118
22115950800,"Pitkin, LA",44118
26125128500,"Orion charter Township, MI",44117
12011110331,"Pembroke Pines, FL",44117
42079216600,"Drums, PA",44117
22045031300,"New Iberia, LA",44116
6029000907,"Bakersfield, CA",44115
28033070630,"Southaven, MS",44115
37101040800,"Smithfield, NC",44114
6001403800,"Lakeshore, Oakland, CA",44113
39035187106,"University Heights, OH",44113
5007020402,"Rogers, AR",44112
54077964200,"Terra Alta, WV",44112
48201554901,"Spring, TX",44111
18125954100,"Petersburg, IN",44110
33015055002,"Raymond, NH",44109
12086000126,"Sunny Isles Beach, FL",44109
37057060301,"Lexington, NC",44109
33015053000,"Danville, NH",44109
40125500700,"Shawnee, OK",44108
36115089000,"Greenwich, NY",44108
6089012604,"Shingletown, CA",44108
29031880400,"Jackson, MO",44108
4019004054,"Tucson, AZ",44108
6037550902,"Downey, CA",44107
18069961400,"Huntington, IN",44107
17031050300,"North Center, Chicago, IL",44107
36081018102,"Queens County, NY",44106
1043965700,"Bremen, AL",44106
6075016200,"Hayes Valley, San Francisco, CA",44106
39085205900,"Madison, OH",44106
51059461801,"Oakton, VA",44106
51041100403,"Chester, VA",44106
32019960800,"Yerington, NV",44105
36063023404,"Lockport, NY",44105
6037463602,"Pasadena, CA",44105
27003051206,"Fridley, MN",44105
6059087701,"Southwest Anaheim, Anaheim, CA",44104
6089010601,"Ridgeview, Redding, CA",44104
27115950800,"Grasston, MN",44101
39061024303,"West Loveland North, Loveland, OH",44101
27005450700,"Detroit Lakes, MN",44100
41051002801,"Northeast Portland, Portland, OR",44098
26139020501,"Spring Lake, MI",44098
17097861402,"Round Lake, IL",44097
1073012305,"Pleasant Grove, AL",44096
51510200600,"Seminary Hill, Alexandria, VA",44095
36103159508,"Mastic Beach, NY",44095
8045952100,"Parachute, CO",44095
29099700209,"Imperial, MO",44095
36059407302,"Uniondale, NY",44094
49049010304,"Spanish Fork, UT",44094
25013813601,"Wilbraham, Wilbraham, MA",44094
27169670200,"Goodview, MN",44094
42029303402,"Kennett Square, PA",44092
32003003215,"Summerlin, Las Vegas, NV",44092
25025040300,"Charlestown, Boston, MA",44091
16019970401,"Idaho Falls, ID",44091
36029009302,"Buffalo, NY",44090
36119005702,"New Rochelle, NY",44089
13135050547,"Lawrenceville, GA",44087
6037901008,"Lancaster, CA",44087
20015020700,"Augusta, KS",44087
40131050303,"Claremore, OK",44086
8069001307,"Fort Collins, CO",44086
12087972000,"Key West, FL",44086
42101001202,"Center City, Philadelphia, PA",44086
6037121210,"Sun Valley, Los Angeles, CA",44086
6007001400,"Chico, CA",44085
24005408506,"Cockeysville, MD",44085
12099005938,"Delray Beach, FL",44083
48041002008,"College Station, TX",44082
8041000101,"East Colorado Springs, Colorado Springs, CO",44081
18091042500,"La Porte, IN",44081
39169003100,"Orrville, OH",44080
48309003708,"Hewitt, TX",44080
51041100907,"Bon Air, VA",44080
21209040601,"Georgetown, KY",44078
45091061008,"Fort Mill, SC",44078
37179021007,"Waxhaw, NC",44078
36065024102,"Remsen, NY",44078
31117957900,"Tryon, NE",44077
36047095600,"Kings County, NY",44077
29111970200,"Lewistown, MO",44077
32005002200,"Minden, NV",44077
12011070317,"Weston, FL",44077
51145500102,"Powhatan, VA",44077
39017014900,"Hamilton, OH",44077
13117130203,"Cumming, GA",44076
48077030301,"Wichita Falls, TX",44075
27137010100,"Proctor, MN",44075
40087400300,"Purcell, OK",44074
27015960101,"New Ulm, MN",44074
34013015700,"Bloomfield, NJ",44074
53041972000,"Randle, WA",44074
17031070600,"Lincoln Park, Chicago, IL",44074
26049012907,"Swartz Creek, MI",44074
48201341600,"Seabrook, TX",44074
6067009329,"Kingsbridge, Sacramento, CA",44073
24003740102,"Hanover, MD",44073
22097960200,"Washington, LA",44073
6073016617,"Santee, CA",44073
48453001200,"Clarksville, Austin, TX",44072
42077005704,"Fullerton, PA",44072
42007602900,"Hookstown, PA",44072
34005700702,"Riverside, NJ",44071
42091202500,"Montgomery County, PA",44070
49005000800,"Logan, UT",44070
19043070100,"McGregor, IA",44068
19021960500,"Storm Lake, IA",44067
39035174205,"North Olmsted, OH",44066
8059010603,"Barths, Wheat Ridge, CO",44066
55027960500,"Fox Lake, WI",44066
6037482402,"Garvey, Rosemead, CA",44065
30007000200,"Townsend, MT",44065
51179010406,"Fredericksburg, VA",44065
13013180206,"Winder, GA",44065
56045951300,"Newcastle, WY",44064
27109001301,"Rochester, MN",44064
6041114100,"Fairfax, CA",44064
8013012608,"East Boulder, Boulder, CO",44064
51027010700,"Vansant, VA",44064
13057091005,"Towne Lake Hills South, Woodstock, GA",44063
48113019027,"Garland, TX",44063
34009021701,"Cape May, NJ",44063
40143007630,"Tulsa, OK",44061
53053073116,"Graham, WA",44061
19013002200,"Cedar Falls, IA",44061
53037975100,"Roslyn, WA",44060
49021110600,"Cedar City, UT",44059
40017301009,"Southwest Oklahoma City, Yukon, OK",44059
6029003206,"Stone Creek, Bakersfield, CA",44059
53033027500,"Burien, WA",44059
26151970900,"Sandusky, MI",44058
51177020309,"Fredericksburg, VA",44058
48423002102,"Tyler, TX",44058
27053025201,"East Bloomington, Bloomington, MN",44058
17019010800,"Homer, IL",44057
21059001800,"Owensboro, KY",44057
42011012001,"Birdsboro, PA",44057
47125101803,"Clarksville, TN",44056
39151713000,"East Canton, OH",44056
40131050201,"Claremore, OK",44056
48201341000,"Clear Lake, Webster, TX",44056
4025001300,"Bagdad, AZ",44056
6037650605,"Delthorne, Torrance, CA",44056
36111951600,"Kingston, NY",44055
39095009101,"Holland, OH",44055
36081021400,"Queens County, NY",44054
37151030502,"Asheboro, NC",44054
26087341500,"Metamora, MI",44054
26163567201,"Westland, MI",44054
32003005313,"Green Valley North, Henderson, NV",44054
17031151001,"Cragin, Chicago, IL",44053
44003020604,"Coventry, RI",44052
17031161100,"Irving Park, Chicago, IL",44052
13097080603,"Douglasville, GA",44052
33011002300,"Manchester, NH",44052
6059110201,"Buena Park, CA",44051
42091208905,"Pottstown, PA",44051
47065010201,"Soddy-Daisy, TN",44049
18097341902,"Wayne, Indianapolis, IN",44049
17031190701,"Belmont Cragin, Chicago, IL",44049
42055010300,"Shippensburg, PA",44048
6075012201,"Tenderloin, San Francisco, CA",44047
22087030602,"Chalmette, LA",44047
36081047100,"Queens County, NY",44046
53011040610,"Camas, WA",44046
39065000100,"Forest, OH",44046
6071004504,"Verdemont, San Bernardino, CA",44045
6111008004,"Simi Valley, CA",44044
30015010300,"Loma, MT",44044
42095017200,"Easton, PA",44044
42079214400,"Nanticoke, PA",44043
37035011701,"Newton, NC",44043
47103975000,"Fayetteville, TN",44043
38041964800,"New England, ND",44043
12086002703,"Edgewater, Miami, FL",44042
40003955700,"Cherokee, OK",44042
6083003102,"Lompoc, CA",44041
26093732100,"Gregory, MI",44041
6075031301,"Oceanview, San Francisco, CA",44041
6079010204,"Paso Robles, CA",44040
31155968500,"Ashland, NE",44040
29095010600,"East Side, Kansas City, MO",44040
19113003002,"Cedar Rapids, IA",44040
39085200100,"Larimar Lakefront Neighborhood, Willowick, OH",44039
6037463500,"Pasadena, CA",44039
26077001200,"Oakland/Winchell, Kalamazoo, MI",44038
5025970200,"Rison, AR",44037
18097380501,"Perry Township, Indianapolis, IN",44037
48167725500,"Galveston, TX",44037
17005951400,"Greenville, IL",44035
28039950101,"Lucedale, MS",44035
36085010500,"Richmond County, NY",44034
12083002401,"Ocala, FL",44034
51153900501,"Woodbridge, VA",44033
53057952200,"Mount Vernon, WA",44033
48029121810,"Uptown, San Antonio, TX",44033
42037051400,"Nescopeck, PA",44033
17047956900,"West Salem, IL",44032
39025040800,"Batavia, OH",44032
51041100410,"Chester, VA",44032
36081033700,"Queens County, NY",44031
42003564000,"Oakdale, PA",44031
41051002802,"Northeast Portland, Portland, OR",44031
26005031300,"Martin, MI",44030
26161414700,"Bryant Pattengill West, Ann Arbor, MI",44030
17031190300,"Belmont Cragin, Chicago, IL",44030
4013422302,"Mesa, AZ",44029
41051006502,"Southwest Portland, Portland, OR",44029
39129021402,"Orient, OH",44029
17099963700,"Marseilles, IL",44028
18061060300,"Corydon, IN",44028
8005083100,"Sterling Hills, Aurora, CO",44028
36047030800,"Kings County, NY",44028
19163012501,"Davenport, IA",44025
55087011200,"Appleton, WI",44025
6073011000,"Coronado, CA",44025
48375015100,"Amarillo, TX",44023
36055011100,"Rochester, NY",44023
33003955500,"Madison, NH",44023
6037123601,"Valley Glen, Los Angeles, CA",44022
42025020600,"Lehighton, PA",44022
18027954300,"Odon, IN",44021
40051000902,"Tuttle, OK",44020
48497150300,"Alvord, TX",44020
48359950100,"Vega, TX",44019
12071010409,"Trafalgar, Cape Coral, FL",44019
48167720900,"Dickinson, TX",44019
6073020106,"North Broadway, Escondido, CA",44019
37119005618,"Charlotte, NC",44019
42117950600,"Mansfield, PA",44019
54061011700,"Morgantown, WV",44019
26121001600,"Muskegon, MI",44018
26161421100,"Milan, MI",44017
36069051900,"Geneva, NY",44016
24033801005,"Cheltenham, MD",44015
35045000607,"Farmington, NM",44015
16055000800,"Coeur d'Alene, ID",44014
12086006714,"Brickell, Miami, FL",44014
19069360100,"Hampton, IA",44014
41071030101,"Newberg, OR",44014
20169001100,"Salina, KS",44014
36081028300,"Queens County, NY",44014
29075960200,"Stanberry, MO",44014
24005452400,"Dundalk, MD",44013
6029000101,"North Country Meadows, Bakersfield, CA",44013
24033801313,"Fort Washington, MD",44011
53067011410,"Lacey, WA",44011
26147652600,"Goodells, MI",44010
48039663700,"Richwood, TX",44010
12071050311,"Estero, FL",44010
55025012201,"Stoughton, WI",44010
24047951200,"Snow Hill, MD",44010
41003010900,"Philomath, OR",44009
41053005202,"West Salem, Salem, OR",44008
37021003201,"Asheville, NC",44008
19029190200,"Griswold, IA",44008
36081010500,"Queens County, NY",44008
45035010816,"Summerville, SC",44007
12086019200,"Miami, FL",44007
12103027703,"Indian Shores, FL",44006
48201431102,"Westside, Houston, TX",44006
41003010400,"Monroe, OR",44006
36063024502,"Youngstown, NY",44004
55133203000,"Waukesha, WI",44003
42017100307,"Croydon, PA",44003
42031160900,"Fairmount City, PA",44003
29095018000,"Lee's Summit, MO",44003
25005655200,"Fairhaven, MA",44003
36081026700,"Queens County, NY",44002
12086016600,"Miami, FL",44002
21089040501,"Greenup, KY",44001
20177002602,"Southwest Topeka, Topeka, KS",44001
4025001101,"Prescott, AZ",44001
6037125502,"North Hollywood, Los Angeles, CA",44001
40079040601,"Heavener, OK",44000
55035000200,"Fall Creek, WI",44000
42095015600,"Pen Argyl, PA",43998
26115832300,"West Monroe, Monroe, MI",43998
39159050200,"Richwood, OH",43998
55097961200,"Plover, WI",43998
8101002808,"El Camino - Las Vistas, Pueblo, CO",43997
13139001301,"Gainesville, GA",43996
12053041303,"Spring Hill, FL",43996
36081086500,"Queens County, NY",43995
6085509304,"Mountain View, CA",43995
44007013400,"Edgewood, Cranston, RI",43994
50003970600,"Woodford, VT",43994
54069000300,"Wheeling, WV",43994
6001427700,"West Alameda, Alameda, CA",43993
48491020900,"Taylor, TX",43992
18067010300,"Kokomo, IN",43992
34013019100,"South Orange, NJ",43992
36081042700,"Queens County, NY",43990
17031580400,"Brighton Park, Chicago, IL",43989
36121971100,"Bliss, NY",43988
6037543701,"Carson, CA",43988
48439123000,"Ridgmar, Fort Worth, TX",43987
41005022605,"Gaffney Lane, Oregon City, OR",43987
34017018900,"Hoboken, NJ",43987
15003008406,"Ewa, Ewa Beach, HI",43984
5119002407,"John Barrow, Little Rock, AR",43984
25025000802,"Allston, Boston, MA",43984
48453001748,"Bauerle Ranch, Austin, TX",43983
16069961000,"Lewiston, ID",43982
17049950400,"Mason, IL",43982
40119011000,"Stillwater, OK",43981
17173959200,"Shelbyville, IL",43981
19183960200,"West Chester, IA",43980
6061021401,"Downtown Lincoln, Lincoln, CA",43980
42133020320,"Wellsville, PA",43980
49041975400,"Richfield, UT",43979
48367140300,"Weatherford, TX",43979
42073010202,"New Castle, PA",43978
39099811200,"Poland, OH",43978
42079215501,"Mountain Top, PA",43977
34029715401,"Lakewood, Lakewood Township, NJ",43977
40083600800,"Edmond, OK",43976
41051005700,"Downtown, Portland, OR",43976
36081014300,"Queens County, NY",43976
44007014000,"Cranston, RI",43976
6037403802,"Charter Oak, Covina, CA",43976
32510000701,"Carson City, NV",43976
26103002100,"Ishpeming, MI",43975
6007001500,"Durham, CA",43975
17051950600,"Brownstown, IL",43975
4019004643,"Rancho Vistoso, Oro Valley, AZ",43974
29077004001,"Springfield, MO",43973
39113090700,"Dayton, OH",43972
42059970400,"Holbrook, PA",43972
19029190300,"Cumberland, IA",43971
18019050605,"Jeffersonville, IN",43971
17167003801,"Springfield, IL",43971
12103026908,"Dunedin, FL",43970
20149000100,"Saint George, KS",43969
55101001702,"Sturtevant, WI",43969
48439113113,"Grand Prairie, TX",43969
39113050401,"Miamisburg, OH",43969
48439105203,"Western Hills, Fort Worth, TX",43969
48157675500,"Rosenberg, TX",43969
17099961900,"Mendota, IL",43968
26161404500,"Ann Arbor, MI",43968
41051002903,"Northeast Portland, Portland, OR",43967
17119401901,"Wood River, IL",43967
6029000908,"Bakersfield, CA",43967
6073015404,"El Cajon, CA",43967
27099001000,"Austin, MN",43966
9015800500,"Windham, CT",43965
6059075302,"Riverview, Santa Ana, CA",43964
34035053102,"Somerset, Franklin Township, NJ",43963
42059970600,"Waynesburg, PA",43963
45013001000,"Beaufort, SC",43963
48491020327,"North Buttercup Creek, Cedar Park, TX",43962
51740213001,"Portsmouth, VA",43962
4013422644,"Mesa, AZ",43960
6059021913,"Orange, CA",43958
36085022300,"Richmond County, NY",43957
5119002209,"Walnut Valley, Little Rock, AR",43956
12009069400,"The New Geogiana Settlement, Merritt Island, FL",43956
37125950100,"Carthage, NC",43956
6037135113,"Woodland Hills, Los Angeles, CA",43955
18113971700,"Kendallville, IN",43955
18141000800,"Northshore Triangle, South Bend, IN",43954
32003003410,"Las Vegas, NV",43953
55033970700,"Menomonie, WI",43952
25017351204,"Ward Two, Somerville, MA",43952
29031880500,"Jackson, MO",43952
17031832000,"Lake View, Chicago, IL",43951
45063021109,"Columbia, SC",43950
13247060102,"Conyers, GA",43950
45083021401,"Spartanburg, SC",43950
6001407900,"Redwood Heights, Oakland, CA",43949
32003005354,"McCullough Hills, Henderson, NV",43948
26099250300,"Saint Clair Shores, MI",43948
48201233500,"Northeast Houston, Houston, TX",43946
48015760200,"Sealy, TX",43946
6037181400,"Northeast Los Angeles, Los Angeles, CA",43945
15003008609,"Kapolei, HI",43945
37081017100,"Forest Oaks, Greensboro, NC",43945
26103001500,"Negaunee, MI",43944
6029006007,"Tehachapi, CA",43943
17031620400,"South Side, Chicago, IL",43942
9001021801,"Stamford, CT",43942
50027965400,"South Royalton, Barnard, VT",43941
36063024001,"Gasport, NY",43941
32003003222,"Summerlin, Las Vegas, NV",43940
21055930100,"Marion, KY",43939
36119002401,"Lawrence Park, Yonkers, NY",43939
25025170701,"Revere, MA",43939
48491021506,"Estates At Settlers Park, Round Rock, TX",43938
24023000300,"Lonaconing, MD",43938
1073010002,"Bessemer, AL",43938
36047048200,"Kings County, NY",43937
29019000300,"Columbia, MO",43937
37119003500,"Dilworth, Charlotte, NC",43937
19139050500,"Muscatine, IA",43937
15003008407,"Ewa, Ewa Beach, HI",43937
10003011203,"Wilmington, DE",43935
34017015100,"Guttenberg, NJ",43935
6013370000,"East Richmond, Richmond, CA",43935
26125126300,"Oakland County, MI",43935
21067003913,"Lexington, KY",43934
51775010501,"Salem, VA",43934
8069001112,"Silver Oaks, Fort Collins, CO",43934
6037125200,"North Hollywood, Los Angeles, CA",43933
24025301704,"Belcamp, MD",43932
48491020314,"Leander, TX",43932
6037408005,"Walnut Valley, West Covina, CA",43932
21111010319,"Louisville, KY",43931
6037401701,"Claremont, CA",43931
55133203103,"Bel Ayr Residential Park, Waukesha, WI",43931
36081049200,"Queens County, NY",43930
42081011602,"South Williamsport, PA",43930
6071008704,"Yucaipa, CA",43930
15003009904,"North Shore, Waialua, HI",43929
12086018100,"Miami, FL",43929
42069112100,"Dunmore, PA",43928
12109021406,"St. Augustine, FL",43928
48201343600,"Bay Front To La Porte, La Porte, TX",43926
42017100404,"Levittown, PA",43925
36103201004,"Montauk, NY",43925
42095016100,"Walnutport, PA",43925
28033070610,"Stone Creek, Southaven, MS",43925
41003010300,"Philomath, OR",43925
37141920102,"Surf City, NC",43924
34025810900,"Freehold, NJ",43924
19041080300,"Spencer, IA",43924
13227050100,"Jasper, GA",43923
36047016400,"Kings County, NY",43923
21067003704,"Lexington, KY",43923
6019005515,"Clovis, CA",43922
26077003400,"Scotts, MI",43922
42119090600,"Lewisburg, PA",43922
39003010100,"Bluffton, OH",43921
13223120203,"Dallas, GA",43921
12085001700,"Palm City, FL",43921
39093080600,"North Ridgeville, OH",43921
24041960900,"Trappe, MD",43921
47035970602,"Crossville, TN",43920
49035101900,"Central City, Salt Lake City, UT",43920
34021002500,"Hamilton Township, NJ",43920
39113010200,"Dayton, OH",43920
42027010600,"Bellefonte, PA",43920
46013951700,"Aberdeen, SD",43919
48491020204,"Georgetown, TX",43919
29087960100,"Mound City, MO",43919
55123960700,"Genoa, WI",43919
42103950102,"Shohola, PA",43918
35045000609,"Aztec, NM",43918
6001420300,"Albany, CA",43917
6085503402,"East San Jose, San Jose, CA",43916
26163592000,"Brownstown Charter Township, MI",43916
39049009752,"Westland, Grove City, OH",43916
17115001400,"Decatur, IL",43914
6059063302,"East Side Costa Mesa, Costa Mesa, CA",43914
53071920200,"College Place, WA",43914
48259970500,"Boerne, TX",43914
6019008402,"Dos Palos, CA",43914
42077009300,"West Side, Bethlehem, PA",43913
17201003710,"Rockford, IL",43913
53033030700,"Auburn, WA",43913
13117130201,"Cumming, GA",43912
42039110700,"Saegertown, PA",43910
20209044702,"Edwardsville, KS",43910
41051009605,"Wilkes East, Portland, OR",43910
18097360601,"Warren, Indianapolis, IN",43910
55025010400,"Monona, WI",43908
27057070100,"Laporte, MN",43908
24031700815,"Germantown, MD",43908
6065050700,"Murrieta, CA",43908
12015010403,"Punta Gorda, FL",43906
24003740304,"Odenton, MD",43906
6013320001,"Martinez, CA",43905
21117063701,"Walton, KY",43905
26125128100,"Lake Orion, Orion charter Township, MI",43904
6037405500,"West Covina, CA",43904
46111962100,"Artesian, SD",43904
47147080606,"Ridgetop, TN",43903
31153010302,"Offutt Air Force Base, NE",43901
30111001200,"Billings, MT",43901
18057110905,"Carmel Arts & Design District, Carmel, IN",43901
48161000400,"Wortham, TX",43900
39003011300,"Lima, OH",43900
26093731100,"Fowlerville, MI",43900
12011110326,"SilverLakes, Pembroke Pines, FL",43899
9001210600,"Danbury, CT",43899
11001005500,"Northwest Washington, Washington, DC",43898
53075000900,"Thornton, WA",43898
17031809800,"Evanston, IL",43897
44003020701,"Coventry, RI",43897
30067000500,"Gardiner, MT",43895
25013811102,"Chicopee, MA",43894
42091208704,"Sanatoga, PA",43894
26163563700,"Canton, MI",43893
4013420504,"Mesa, AZ",43893
40027202301,"Southeast Oklahoma City, Oklahoma City, OK",43893
39017012600,"Middletown, OH",43893
40109108101,"Northeast Oklahoma City, Edmond, OK",43892
6073015601,"El Cajon, CA",43892
36043011002,"Dolgeville, NY",43892
36081001900,"Queens County, NY",43891
32003002942,"Las Vegas, NV",43891
18063210900,"Plainfield, IN",43890
42133020521,"Spring Grove, PA",43889
39161020200,"Convoy, OH",43889
1069040201,"Dothan, AL",43889
17163503332,"Belleville, IL",43889
25003900800,"Pittsfield, MA",43889
25017354700,"North Cambridge, Cambridge, MA",43889
18047969800,"Brookville, IN",43888
12103025113,"Seminole, FL",43888
18151971100,"Angola, IN",43888
40125501004,"Shawnee, OK",43886
17063000103,"Channahon, IL",43885
24005491600,"Parkville, MD",43885
28083950600,"Greenwood, MS",43884
1117030317,"Helena, AL",43884
1055010501,"Southside, AL",43884
31153010104,"Bellevue, NE",43883
18055954900,"Linton, IN",43883
6001422800,"Southside, Berkeley, CA",43883
6059110014,"Los Alamitos, CA",43880
12086017000,"Miami, FL",43879
32003005836,"Las Vegas, NV",43879
6001436800,"Santa Clara, Hayward, CA",43878
39003012100,"Cridersville, OH",43878
6075017102,"Ashbury Heights, San Francisco, CA",43878
8059010901,"Applewood West, Golden, CO",43878
48121020401,"Denton, TX",43877
12081002015,"Bradenton, FL",43877
55059001400,"Kenosha, WI",43877
12083002202,"Fort King District, Ocala, FL",43875
31157952900,"Minatare, NE",43875
40109106903,"Central Oklahoma City, Bethany, OK",43874
40037021600,"Sapulpa, OK",43874
53011040904,"Starcrest, Vancouver, WA",43873
55057100600,"Juneau County, WI",43872
51107610900,"Middleburg, VA",43872
42079210500,"Duryea, PA",43871
17007010602,"Poplar Grove, IL",43871
49021110500,"Cedar City, UT",43870
16083000500,"Filer, ID",43870
22063040804,"Denham Springs, LA",43870
6071009202,"Lytle Creek, CA",43868
20035493200,"Udall, KS",43867
16057005600,"Troy, ID",43867
42091201606,"Roslyn, Abington, PA",43866
42015950700,"Troy, PA",43866
39093050400,"Amherst, OH",43866
12031016603,"Brierwood, Jacksonville, FL",43866
32031003204,"New Washoe City, NV",43866
38093967800,"Jamestown, ND",43865
26151971200,"Melvin, MI",43864
10005050103,"Milford, DE",43863
42051261402,"Grindstone, PA",43863
55005000500,"Rice Lake, WI",43862
39013010700,"Belmont, OH",43861
42005951800,"Leechburg, PA",43861
12011080200,"Melaleuca Gardens, Dania Beach, FL",43861
26099262700,"Warren Woods, Warren, MI",43860
39035130105,"Bay Village, OH",43860
36113070300,"Glens Falls, NY",43858
19047070400,"Denison, IA",43858
42101026900,"North Philadelphia, Philadelphia, PA",43857
26163583800,"Taylor, MI",43857
42027011901,"Port Matilda, PA",43857
35009000304,"Clovis, NM",43857
27061480300,"Grand Rapids, MN",43857
53033008300,"Downtown, Seattle, WA",43856
34029713402,"Brick, NJ",43856
36103159000,"Patchogue, NY",43855
55117000300,"Sheboygan, WI",43854
42017100208,"Bensalem, PA",43854
40143009007,"Tulsa, OK",43853
48201321800,"Meadowbrook/ Allendale, Houston, TX",43853
42055010800,"Chambersburg, PA",43852
55075961200,"Marinette, WI",43852
46083010103,"Sioux Falls, SD",43852
42045404102,"Woodlyn, PA",43851
17043846310,"Woodridge, IL",43851
19123950300,"Oskaloosa, IA",43851
55035000802,"Eau Claire, WI",43850
48041001801,"Southwood Valley, College Station, TX",43849
12057011507,"Citrus Park Community, Westchase, FL",43848
48019000200,"Medina, TX",43848
21101020702,"Henderson, KY",43848
36007012800,"Binghamton, NY",43846
34025802000,"Keyport, NJ",43846
48029181731,"Northwest Crossing, San Antonio, TX",43846
21179930100,"Bloomfield, KY",43846
6087122202,"Aptos, CA",43845
20167973800,"Russell, KS",43845
6097152203,"Junior College Neighborhood Association, Santa Rosa, CA",43844
26139022107,"Holland, MI",43844
9015907100,"Plainfield, CT",43843
48335950200,"Colorado City, TX",43840
39109365101,"Troy, OH",43840
25025170800,"Revere, MA",43839
55083100600,"Suring, WI",43839
6005000301,"Ione, CA",43839
36085006400,"Richmond County, NY",43839
26043950200,"Norway, MI",43839
6061022013,"Gold Run, CA",43838
30035976000,"Cut Bank, MT",43837
39085201800,"Eastlake, OH",43837
37183052407,"Deboy Land, Raleigh, NC",43837
12099005922,"Boynton Beach, FL",43837
6077004102,"Lodi, CA",43837
39091004700,"Zanesfield, OH",43836
51167030500,"Honaker, VA",43836
49035112916,"West Jordan, UT",43836
22051022102,"Metairie, LA",43836
6097151203,"Cotati, CA",43836
19065080500,"Oelwein, IA",43835
42017100402,"Levittown, PA",43835
1103005302,"Hartselle, AL",43835
48015760502,"Bellville, TX",43834
51165010600,"Linville, VA",43834
6073014700,"La Mesa, CA",43834
9009175200,"Wallingford Center, Wallingford, CT",43834
56001962700,"Laramie, WY",43833
55005000900,"Hillsdale, WI",43833
48201453401,"Alief, Houston, TX",43833
55107960300,"Bruce, WI",43833
30023000400,"Anaconda, MT",43832
29037060700,"Garden City, MO",43831
55135100200,"Marion, WI",43831
20045001202,"Eudora, KS",43831
42099030301,"Duncannon, PA",43831
6037482503,"Garvey, Rosemead, CA",43830
25005614102,"East Taunton, Taunton, MA",43830
6067008117,"Merrihill, Carmichael, CA",43830
6065040813,"Norco, CA",43830
17031842600,"South Side, Chicago, IL",43829
36027060100,"Dutchess County, NY",43829
55079101600,"West Allis, WI",43828
25001012002,"South Yarmouth, Yarmouth, MA",43828
26087338500,"Attica, MI",43828
25013802500,"East Forest Park, Springfield, MA",43828
53033030504,"Auburn, WA",43827
23031032000,"Berwick, ME",43827
50025967200,"Townshend, VT",43826
53063011300,"Spokane, WA",43826
12086000113,"Aventura, FL",43826
37135011204,"Durham, NC",43826
8013013307,"Longmont, CO",43826
47039955102,"Decaturville, TN",43825
28041950100,"Leakesville, MS",43825
6065043813,"Cabazon, CA",43824
25005646104,"Westport, MA",43824
12071040116,"Fort Myers, FL",43823
42029300900,"Phoenixville, PA",43823
17183011100,"Ridge Farm, IL",43823
1115040501,"Springville, AL",43823
23019012000,"Newburgh, ME",43822
17033880200,"Oblong, IL",43822
6019005911,"Clovis, CA",43822
36067011300,"Pennellville, NY",43822
6085509303,"Mountain View, CA",43822
6071011500,"Forest Falls, CA",43821
49027974300,"Fillmore, UT",43821
39099812602,"Youngstown, OH",43820
40117957400,"Pawnee, OK",43820
26099240900,"Clinton Township, MI",43819
6037113422,"Canoga Park, Los Angeles, CA",43819
37119005520,"Mallard Creek - Withrow Downs, Charlotte, NC",43819
12011110330,"Pembroke Pines, FL",43818
29043020306,"Ozark, MO",43818
15003002500,"McCully - Moiliili, Honolulu, HI",43817
48069950100,"Dimmitt, TX",43817
17075950600,"Gilman, IL",43817
6097150601,"Petaluma, CA",43817
6087120600,"Felton, CA",43816
6037117404,"North Hills, Los Angeles, CA",43816
17031160100,"Irving Park, Chicago, IL",43815
26041970500,"Escanaba, MI",43814
24041960502,"Easton, MD",43814
5007021001,"Gravette, AR",43814
39035177303,"Parma, OH",43814
21015070504,"Burlington, KY",43814
19109950400,"Algona, IA",43813
34017013700,"East Newark, NJ",43812
30041040500,"Havre, MT",43812
5109953400,"Kirby, AR",43812
19145490400,"Clarinda, IA",43811
34015500205,"Thorofare, West Deptford, NJ",43811
39023003302,"South Charleston, OH",43811
34005702300,"Pemberton, NJ",43811
24043010500,"Hagerstown, MD",43811
19045000900,"DeWitt, IA",43810
48201252301,"Sterling Green South, Channelview, TX",43809
12011040601,"Coral Ridge, Fort Lauderdale, FL",43809
51015070200,"Mount Solon, VA",43809
12081001202,"Bradenton, FL",43809
6013372000,"North & East, Richmond, CA",43808
10005051101,"Rehoboth Beach, DE",43808
15009031103,"Kahului, HI",43807
48059030102,"Clyde, TX",43807
36039080202,"East Durham, NY",43806
34029715500,"Lakewood, Lakewood Township, NJ",43806
48113004400,"Oak Cliff, Dallas, TX",43806
17031063100,"Lake View East, Chicago, IL",43806
25009206400,"Lynn, MA",43805
22051023300,"Metairie, LA",43805
35028000200,"Los Alamos, NM",43805
6111003609,"Channel Islands, Oxnard, CA",43805
36081013800,"Queens County, NY",43804
48029121110,"Uptown, San Antonio, TX",43804
12103024512,"Clearwater, FL",43803
41005021700,"Milwaukie, OR",43803
36117020102,"Ontario, NY",43803
39017010904,"Fairfield, OH",43802
8051963600,"Gunnison, CO",43801
22039950300,"Basile, LA",43801
36085001700,"Richmond County, NY",43801
36047058900,"Kings County, NY",43801
39061020762,"Cincinnati, OH",43800
55073000400,"Wausau, WI",43800
37183053519,"Cardinal Woods Apartments, Cary, NC",43800
36063023001,"North Tonawanda, NY",43799
37119006213,"Huntersville, NC",43798
26065005800,"Williamston, MI",43798
25027732203,"Franklin Plantation, Worcester, MA",43798
8087000300,"Fort Morgan, CO",43798
36059304202,"Westbury, NY",43797
8031004301,"East, Denver, CO",43797
18127050202,"Chesterton, IN",43795
42089301101,"Stroudsburg, PA",43793
27111960900,"Fergus Falls, MN",43793
6097150100,"Sonoma, CA",43792
32003005811,"Las Vegas, NV",43792
25017352600,"Wellington-Harrington, Cambridge, MA",43792
39111966900,"Woodsfield, OH",43792
6059099202,"Riverview West, Santa Ana, CA",43792
42021010200,"Johnstown, PA",43791
36119006000,"New Rochelle, NY",43791
36081015900,"Queens County, NY",43791
25005642500,"Fall River, MA",43790
31101000200,"Ogallala, NE",43790
9015830100,"Ashford, CT",43790
54003971201,"Martinsburg, WV",43790
22051028000,"Marrero, LA",43789
6083002007,"Santa Maria, CA",43789
6037910401,"Palmdale, CA",43789
6059032047,"Mission Viejo, CA",43788
16001000701,"East End, Boise, ID",43788
35045000613,"Aztec, NM",43788
55001950100,"Nekoosa, WI",43787
6085509500,"Shoreline West, Mountain View, CA",43787
12099005936,"Delray Beach, FL",43786
54061010400,"Morgantown, WV",43786
6065042411,"Moreno Valley, CA",43785
40109109001,"Luther, OK",43784
42129806200,"Smithton, PA",43784
20201978600,"Washington, KS",43784
51023040402,"Cloverdale, VA",43784
6037603500,"Gardena, CA",43784
6097153403,"Sebastopol, CA",43784
6087100600,"Santa Cruz, CA",43783
39013010900,"Barnesville, OH",43783
6073012303,"Chula Vista, CA",43782
53063011202,"Spokane, WA",43781
6099003606,"Turlock, CA",43781
6073008340,"University City, San Diego, CA",43780
42129802500,"Jeannette, PA",43780
6037275101,"Culver City, CA",43779
26087333000,"Attica, MI",43779
20139010500,"Vassar, KS",43779
25025140107,"Stony Brook / Cleary Square, Boston, MA",43779
26125126500,"Oakland County, MI",43778
48113017702,"Mesquite, TX",43778
17165956000,"Harrisburg, IL",43777
37139960702,"Elizabeth City, NC",43777
48339693800,"Conroe, TX",43776
42003472300,"Pittsburgh, PA",43776
27137013300,"Eveleth, MN",43776
20177003607,"Southwest Topeka, Topeka, KS",43776
42105950300,"Coudersport, PA",43775
24023000500,"Oakland, MD",43774
26111291000,"Midland, MI",43773
1101005301,"Montgomery, AL",43773
12115002511,"Venice, FL",43772
6065042716,"Canyon Lake, CA",43772
22103040201,"Folsom, LA",43772
47093004611,"Cedar Bluff, Knoxville, TN",43772
6059088602,"Garden Grove, CA",43771
54061010201,"Morgantown, WV",43770
6037212702,"Central LA, Los Angeles, CA",43769
51019030401,"Bedford, VA",43769
6059088801,"Garden Grove, CA",43768
6087121300,"Santa Cruz, CA",43768
22011960200,"DeRidder, LA",43768
55059001900,"Kenosha, WI",43767
24005492402,"Owings Mills, MD",43767
4013616500,"Deer Valley, Phoenix, AZ",43767
55021970200,"Pardeeville, WI",43767
36113070601,"Queensbury, NY",43767
42133024002,"Fawn Grove, PA",43767
6061021003,"Diamond Oaks, Roseville, CA",43766
53073010702,"Everson, WA",43766
42079215900,"Shickshinny, PA",43764
53011042900,"Evergreen Highlands, Vancouver, WA",43763
49049000703,"Windsor South, Orem, UT",43763
41059950400,"Pendleton, OR",43762
18089043101,"Crown Point, IN",43762
48201453502,"Westside, Houston, TX",43762
6037186201,"Northeast Los Angeles, Los Angeles, CA",43762
42107000700,"Shenandoah, PA",43762
12117020812,"Lake Mary, FL",43762
39165030600,"Franklin, OH",43762
32003003235,"Las Vegas, NV",43761
20051072900,"Hays, KS",43760
20067963600,"Ulysses, KS",43760
6065042403,"Moreno Valley, CA",43759
45041000102,"Florence, SC",43759
32003002814,"Silverado Ranch, Las Vegas, NV",43759
48113009607,"Northwest Dallas, Dallas, TX",43758
4013082020,"Horizons West, Avondale, AZ",43758
34007608404,"Sicklerville, NJ",43757
48113013624,"Far North Dallas, Dallas, TX",43757
20191962100,"Belle Plaine, KS",43756
42071013202,"Lancaster, PA",43756
48233950900,"Borger, TX",43756
6037554203,"Bellflower, CA",43756
36081004500,"Queens County, NY",43755
37135011800,"Chapel Hill, NC",43754
6067008127,"Summerplace, Citrus Heights, CA",43753
25005631100,"Attleboro, MA",43753
6037530004,"South Montebello, Montebello, CA",43753
25013810200,"Palmer, MA",43752
19183960300,"Washington, IA",43752
18011810500,"Lebanon, IN",43752
22051026500,"Marrero, LA",43751
44003021002,"Warwick, RI",43751
21157950200,"Calvert City, KY",43751
48201451800,"Westside, Houston, TX",43749
41029000403,"Medford, OR",43748
8013013702,"Nederland, CO",43747
55021970300,"Wisconsin Dells, WI",43747
9005320200,"Winsted, Winchester, CT",43746
6095253500,"Rio Vista, CA",43746
37057061802,"Lexington, NC",43746
48439113512,"Bedford, TX",43745
49049002902,"Springville, UT",43744
24003750202,"Brooklyn Park, MD",43744
36119004300,"North Side, Mount Vernon, NY",43744
6013307201,"Antioch, CA",43743
22125951800,"Saint Francisville, LA",43743
42003290200,"Carrick, Pittsburgh, PA",43741
17031831700,"Old Irving Park, Chicago, IL",43741
24033800604,"Greater Upper Marlboro, Upper Marlboro, MD",43741
26021001500,"Stevensville, MI",43741
6079010016,"Paso Robles, CA",43741
48039661400,"Alvin, TX",43740
39089755300,"Johnstown, OH",43739
54109003000,"Hanover, WV",43739
13057090904,"Woodstock, GA",43739
17135957900,"Hillsboro, IL",43738
17031840100,"Bridgeport, Chicago, IL",43738
53049950400,"Naselle, WA",43738
44007003602,"College Hill, Providence, RI",43738
9001080600,"Stratford, CT",43737
18167010201,"Terre Haute, IN",43737
36051030700,"Livonia, NY",43737
42009960100,"Saxton, PA",43737
53011041009,"Starcrest, Vancouver, WA",43737
48337950500,"Bowie, TX",43736
45007011002,"Anderson, SC",43736
17031081402,"Streeterville, Chicago, IL",43735
53067012310,"Olympia, WA",43734
51059415401,"Alexandria, VA",43732
39029951600,"East Liverpool, OH",43731
39049009711,"Jackson Homes, Grove City, OH",43731
1003010703,"Daphne, AL",43731
55027960600,"Beaver Dam, WI",43731
26147657100,"Capac, MI",43731
29101960100,"Centerview, MO",43730
21111009106,"Louisville, KY",43730
6077004201,"Lodi, CA",43728
38101010100,"Minot, ND",43728
34039032001,"Elizabeth, NJ",43728
12086006002,"Miami, FL",43727
36029011400,"Buffalo, NY",43726
48201254100,"Baytown, TX",43726
48141010211,"North Hills West, El Paso, TX",43725
53015000800,"Glenwood, Longview, WA",43725
22007050300,"Napoleonville, LA",43724
39139002000,"Lucas, OH",43724
17031550100,"South Side, Chicago, IL",43724
39049007043,"Slate Hill, Columbus, OH",43723
48141010219,"Valley Creek North, El Paso, TX",43723
6067008138,"Larchmont Northridge, Citrus Heights, CA",43722
39045030200,"Fairfield County, OH",43722
36111951000,"West Shokan, NY",43722
37087921100,"Waynesville, NC",43721
55019950300,"Thorp, WI",43721
26163569400,"Garden City, MI",43721
42021012000,"Patton, PA",43720
18031969400,"Greensburg, IN",43719
8101003104,"Pueblo, CO",43718
6085503117,"South San Jose, San Jose, CA",43718
23031025100,"Biddeford, ME",43718
31055005500,"Central Omaha, Omaha, NE",43718
19087970100,"Mount Pleasant, IA",43717
42073000100,"New Castle, PA",43717
6013306003,"Antioch, CA",43717
39085201500,"Willoughby, OH",43717
26099252000,"Saint Clair Shores, MI",43716
25005630102,"North Attleborough Center, North Attleborough, MA",43716
19113000300,"Marion, IA",43716
22015010806,"Bossier City, LA",43714
21107971000,"Dawson Springs, KY",43714
34017013600,"Harrison, NJ",43713
42003191900,"Brookline, Pittsburgh, PA",43713
8069001804,"Loveland, CO",43713
6073007905,"Pacific Beach, San Diego, CA",43713
29051020500,"Russellville, MO",43712
12117021319,"Oviedo, FL",43711
18051050402,"Princeton, IN",43711
39113130101,"Brookville, OH",43710
24033800509,"Upper Marlboro, MD",43710
6059087703,"West Anaheim, Anaheim, CA",43709
26163556200,"Livonia, MI",43708
26037010901,"Saint Johns, MI",43707
49049010104,"Eagle Mountain, UT",43707
6083001601,"Carpinteria, CA",43706
17181950100,"Cobden, IL",43705
48423001908,"Bullard, TX",43705
40085094300,"Burneyville, OK",43705
41051009905,"Southwest, Gresham, OR",43705
48339692802,"New Caney, TX",43705
48439114203,"Azle, TX",43704
48121020113,"Little Elm, TX",43704
8001008534,"Grange Creek, Thornton, CO",43703
37119005713,"Mint Hill, NC",43703
17031190602,"Belmont Central, Chicago, IL",43702
48215023902,"Edinburg, TX",43701
48073950300,"Jacksonville, TX",43701
42015951200,"Wyalusing, PA",43701
42101037200,"South Philadelphia, Philadelphia, PA",43700
47119011101,"Columbia, TN",43700
51550021102,"Pleasant Grove East, Chesapeake, VA",43700
31109003607,"Lincoln, NE",43698
6037301802,"Vineyard, Glendale, CA",43698
4013092402,"Glendale, AZ",43697
18097321900,"Indianapolis, IN",43697
12011040502,"Central Beach Alliance, Fort Lauderdale, FL",43696
41061970600,"La Grande, OR",43696
6037125501,"North Hollywood, Los Angeles, CA",43696
6065041404,"La Sierra South, Riverside, CA",43696
42049012202,"Edinboro, PA",43695
6073008504,"Clairemont, San Diego, CA",43695
6037431501,"El Monte City, Temple City, CA",43695
37183052903,"Rolling Hills Estates, Raleigh, NC",43695
48491021507,"Eagle Ridge, Round Rock, TX",43693
6059063201,"East Side Costa Mesa, Costa Mesa, CA",43692
53033009400,"Greater Duwamish, Seattle, WA",43692
36081006502,"Queens County, NY",43692
19137960400,"Stanton, IA",43692
6037405302,"Walnut Valley, West Covina, CA",43689
50007003503,"Huntington, VT",43688
12105011909,"Lakeland, FL",43688
45035010606,"Summerville, SC",43688
36095740100,"Schoharie, NY",43687
36077591200,"Oneonta, NY",43687
19071970200,"Sidney, IA",43687
21111010103,"Lyndon, KY",43686
48439113221,"North Richland Hills, TX",43686
42133020800,"York, PA",43686
55035001500,"Eau Claire, WI",43686
22075050300,"Belle Chasse, LA",43685
6081610601,"Fair Oaks, Redwood City, CA",43685
17099963200,"Peru, IL",43684
36071013700,"Highland Falls, NY",43683
18047969700,"Brookville, IN",43683
47037015300,"Donelson, Nashville, TN",43683
6059099904,"Westminster, CA",43683
48361020800,"Orange, TX",43682
27115950700,"Pine City, MN",43682
36029011500,"Buffalo, NY",43681
17031841300,"Heart of Chicago, Chicago, IL",43680
16065950400,"Rexburg, ID",43679
36081032700,"Queens County, NY",43679
6097152905,"Santa Rosa, CA",43678
6065040816,"Corona, CA",43678
31147968500,"Humboldt, NE",43678
4013071903,"Peoria, AZ",43678
51019030101,"Lynchburg, VA",43678
24043011201,"Hagerstown, MD",43677
41005024100,"Colton, OR",43676
51153900409,"Dale City, VA",43676
4013816800,"Emperor Estates, Queen Creek, AZ",43676
12101032005,"Wesley Chapel, FL",43675
4019004723,"Bonita Ridge, Tucson, AZ",43675
18097310105,"Indianapolis, IN",43674
6037550601,"Downey, CA",43674
6071007800,"West Redlands, Redlands, CA",43674
6059062626,"University Town Center, Irvine, CA",43672
9009180100,"Momauguin, East Haven, CT",43670
41005022904,"Canby, OR",43670
17171970700,"Winchester, IL",43670
8041005800,"Colorado Springs, CO",43669
47037018401,"Bellevue, Nashville, TN",43669
49035111903,"Millcreek, UT",43669
36047049200,"Kings County, NY",43669
32003005813,"Las Vegas, NV",43669
4013815900,"Vista Del Oro North, Gilbert, AZ",43669
53033000300,"Haller Lake, Seattle, WA",43668
55071005300,"Two Rivers, WI",43668
22051022200,"Bonnabel Place, Metairie, LA",43668
51009010402,"Madison Heights, VA",43667
6059011714,"Northeast Anaheim, Anaheim, CA",43667
42133010210,"East York, PA",43667
27037060102,"Saint Paul, MN",43666
26103002800,"Marquette, MI",43666
42021012600,"Ebensburg, PA",43665
6059099905,"Westminster, CA",43665
42111020800,"Somerset, PA",43664
26163572700,"Dearborn Heights, MI",43664
18183050600,"Columbia City, IN",43664
22017021600,"Caddo Heights, South Highlands, Shreveport, LA",43663
17143004500,"Peoria, IL",43663
42029304900,"Honey Brook, PA",43662
48141010330,"Eastview, El Paso, TX",43662
6037197200,"Echo Park, Los Angeles, CA",43662
13135050540,"Lawrenceville, GA",43661
42017103101,"Quakertown, PA",43661
32003005808,"West Sahara, Las Vegas, NV",43660
48201252200,"Houston Farms, Houston, TX",43660
49045131001,"Tooele, UT",43660
20057961700,"Ford, KS",43659
55059002903,"Silver Lake, WI",43659
18075962800,"Portland, IN",43659
26081012701,"East Kentwood, Kentwood, MI",43659
39035174207,"North Olmsted, OH",43659
38097970400,"Hillsboro, ND",43659
22087030209,"Meraux, LA",43658
48085031660,"Plano, TX",43658
26125130100,"White Lake, White Lake charter Township, MI",43658
12101031504,"Oak Ridge, New Port Richey, FL",43658
42051260600,"Connellsville, PA",43657
26163569500,"Garden City, MI",43656
42045403502,"Glenolden, PA",43656
24033800706,"Upper Marlboro, MD",43656
25011040702,"Montague, MA",43655
42133023500,"York, PA",43655
27115950400,"Sandstone, MN",43655
39037550100,"Greenville, OH",43654
12086009010,"Doral, FL",43654
34039035500,"Rahway, NJ",43653
6085503710,"Alum Rock, San Jose, CA",43652
5131001301,"Fort Smith, AR",43651
25005646101,"Westport, MA",43651
6079012304,"Arroyo Grande, CA",43651
6037620201,"Manhattan Beach, CA",43651
6037405600,"West Covina, CA",43650
26163555300,"Redford Charter Township, MI",43650
13051011106,"Savannah, GA",43650
39061024200,"Cincinnati, OH",43649
18107957500,"Ladoga, IN",43649
17043844306,"Villa Park, IL",43649
36021001000,"Hudson, NY",43649
48121021733,"Lewisville, TX",43648
13121010123,"Sandy Springs, GA",43648
13051011107,"Savannah, GA",43646
53033030901,"Algona, WA",43645
6085503902,"Alum Rock, San Jose, CA",43645
32003005319,"Henderson, NV",43645
5031000802,"Jonesboro, AR",43645
42003521200,"Monroeville, PA",43645
29089960100,"Armstrong, MO",43645
6037408212,"Rowland Heights, CA",43644
6073008511,"Kearny Mesa, San Diego, CA",43644
31109001200,"Meadowlane, Lincoln, NE",43644
51069050200,"Winchester, VA",43643
17031570500,"South Side, Chicago, IL",43643
6059086301,"Southeast Anaheim, Anaheim, CA",43642
45091060802,"Rock Hill, SC",43642
27069090100,"Halma, MN",43641
55071005100,"Two Rivers, WI",43641
48297950100,"Three Rivers, TX",43640
36047024000,"Kings County, NY",43640
41051010305,"Troutdale, OR",43639
6067007801,"Carmichael, CA",43639
6085503601,"Alum Rock, San Jose, CA",43638
1103005105,"Decatur, AL",43637
39035174104,"North Olmsted, OH",43637
34031124900,"Clifton, NJ",43637
36103145804,"Islandia, NY",43637
36029008800,"Buffalo, NY",43636
6073019203,"Vista, CA",43636
42007601600,"New Brighton, PA",43635
6071010802,"Crestline, CA",43634
42133022100,"Hanover, PA",43633
20173008400,"Benjamin Hills, Wichita, KS",43633
4013320100,"Tempe, AZ",43632
17135957300,"Nokomis, IL",43632
26125183900,"Royal Oak, MI",43632
6053010305,"Salinas, CA",43632
6013360200,"May Valley, Richmond, CA",43631
42079210400,"Hughestown, PA",43631
21005950202,"Lawrenceburg, KY",43630
53033010800,"Delridge, Seattle, WA",43630
12031016725,"Craven, Jacksonville, FL",43630
25023500103,"Hull, MA",43630
42131400100,"Meshoppen, PA",43629
36005004001,"Bronx County, NY",43629
39151711211,"Canal Fulton, OH",43629
8101003105,"Pueblo, CO",43629
47099960700,"Loretto, TN",43627
6037408401,"La Puente, CA",43626
42133020922,"York Haven, PA",43626
6037554201,"Bellflower, CA",43626
32003004919,"Las Vegas, NV",43626
47149042200,"Smyrna, TN",43626
29189218102,"Valley Park, MO",43625
42027011501,"State College, PA",43625
17201000501,"Rockford, IL",43625
17197881800,"Cunningham, Joliet, IL",43625
40031002003,"Lawton, OK",43624
19175190400,"Creston, IA",43624
5007020902,"Gravette, AR",43624
17031812700,"Oak Park, IL",43623
27015960102,"New Ulm, MN",43623
51680001800,"Mayfield, Lynchburg, VA",43623
48113016802,"Lancaster, TX",43622
55025011505,"Sun Prairie, WI",43622
13067030226,"Acworth, GA",43622
24021753001,"Thurmont, MD",43622
4013619000,"Deer Valley, Phoenix, AZ",43621
6037650902,"Old Town Torrance, Torrance, CA",43621
22063040202,"Walker, LA",43621
37057060304,"Lexington, NC",43620
21239050105,"Versailles, KY",43619
42063961200,"Indiana, PA",43618
29071801000,"Franklin County, MO",43618
36067012500,"Syracuse, NY",43616
42037050300,"Bloomsburg, PA",43616
36047013300,"Kings County, NY",43616
42007602702,"Industry, PA",43615
13211010500,"Madison, GA",43614
39057280200,"Yellow Springs, OH",43614
37119005845,"Providence Crossing, Charlotte, NC",43614
35015000100,"Carlsbad, NM",43613
55139002700,"Menasha, WI",43613
16055000401,"Post Falls, ID",43613
32003002952,"Las Vegas, NV",43613
17129010100,"Athens, IL",43613
6037109200,"Granada Hills, Los Angeles, CA",43613
9009165600,"Hamden, CT",43612
45091060905,"Rock Hill, SC",43611
45015020904,"Hanahan, SC",43611
6037555104,"Lakewood, CA",43611
48309004201,"West, TX",43611
6059063603,"Newport Beach, CA",43611
5007020803,"Bella Vista, AR",43610
48201334003,"Southbelt/ Ellington, Houston, TX",43610
20155000100,"Hutchinson, KS",43609
42043024200,"Hershey, PA",43608
6065044928,"Palm Desert, CA",43608
55075960900,"Marinette, WI",43608
51013102702,"Douglas Park, Arlington, VA",43608
24033800411,"Glenn Dale, MD",43607
12011050205,"Pompano Beach, FL",43607
42027010500,"Julian, PA",43606
39035137102,"Brooklyn, OH",43606
49003960500,"Brigham City, UT",43605
42121201200,"Seneca, PA",43603
48121020503,"Denton, TX",43602
6037212102,"Central LA, Los Angeles, CA",43601
6095252705,"Suisun City, CA",43601
48479001712,"Crown Ridge, Laredo, TX",43601
6099000201,"Oakdale, CA",43600
25017354300,"Strawberry Hill, Cambridge, MA",43600
41009970300,"Rainier, OR",43600
4003000302,"Saint David, AZ",43600
29189210803,"Florissant, MO",43600
53027000800,"Aberdeen, WA",43598
36065024000,"Holland Patent, NY",43598
40101000801,"Muskogee, OK",43597
46067968800,"Tripp, SD",43597
30029000401,"Whitefish, MT",43597
6037407400,"Walnut Valley, West Covina, CA",43597
34021000600,"Villa Park, Trenton, NJ",43597
26059050100,"Somerset Center, MI",43596
6095252102,"Benicia, CA",43596
17031130200,"North Park, Chicago, IL",43596
36081085500,"Queens County, NY",43596
34007607506,"Echelon, Voorhees Township, NJ",43596
22015011103,"Haughton, LA",43595
42063961800,"Clarksburg, PA",43595
47187050602,"Franklin, TN",43593
8001009204,"Thornton, CO",43593
12031000700,"Southside, Jacksonville, FL",43592
53061052904,"Marysville, WA",43591
47149040501,"Murfreesboro, TN",43590
6111001001,"Oak View, CA",43590
6059089107,"Santa Ana, CA",43588
46135966301,"Yankton, SD",43588
12105011908,"Lakeland, FL",43588
6065042005,"Riverside, CA",43587
19133960200,"Onawa, IA",43586
26021001700,"Stevensville, MI",43586
6085503306,"Alum Rock, San Jose, CA",43585
26087330000,"Brown City, MI",43585
48041002010,"College Station, TX",43585
30063001200,"Lewis And Clark, Missoula, MT",43585
6085505202,"Santa Clara, CA",43585
26125160500,"Southfield, MI",43585
44007015900,"Pawtucket, RI",43584
55005001001,"Chetek, WI",43584
38103959800,"Harvey, ND",43584
26049010202,"Clio, MI",43583
36091061903,"Ballston Spa, NY",43583
21093001200,"Elizabethtown, KY",43583
21111011514,"Highview, Louisville, KY",43583
33015106200,"Exeter, Exeter, NH",43582
6097153801,"Windsor, CA",43582
24031700832,"Germantown, MD",43582
50021962300,"Benson, VT",43582
6037554103,"Bellflower, CA",43581
12101032008,"Land O Lakes, Land O' Lakes, FL",43581
39095006200,"DeVeaux, Toledo, OH",43580
42101030502,"Lawncrest, Philadelphia, PA",43579
29095012600,"Raytown, MO",43579
26081014000,"Clyde Park, Wyoming, MI",43579
19013001502,"Waterloo, IA",43578
29079960100,"Trenton, MO",43577
51101950101,"Aylett, VA",43577
36081065400,"Queens County, NY",43577
18109510201,"Mooresville, IN",43577
22051023500,"Metairie, LA",43576
13113140408,"Fayetteville, GA",43574
6059075507,"Tustin, CA",43573
39075976500,"Big Prairie, OH",43573
54077964500,"Tunnelton, WV",43573
53061053301,"Stanwood, WA",43573
48167721100,"Dickinson, TX",43572
8031002601,"Central, Denver, CO",43571
5045031003,"Conway, AR",43571
4013061045,"Waddell, AZ",43570
6085509107,"Sunnyvale West, Sunnyvale, CA",43570
18019050703,"Sellersburg, IN",43570
48291700900,"Dayton, TX",43569
27067770900,"Willmar, MN",43569
6059099508,"Huntington Beach, CA",43569
12011090101,"Hollywood Beach, Hollywood, FL",43569
5045030103,"Greenbrier, AR",43568
25009260900,"Haverhill, MA",43568
6037901010,"Lancaster, CA",43568
42101023600,"Mount Airy, Philadelphia, PA",43567
45071950100,"Pomaria, SC",43566
12103026809,"Clearwater, FL",43565
53005010814,"Kennewick, WA",43565
12086015100,"Miami, FL",43565
55027961000,"Beaver Dam, WI",43565
8031004405,"East, Denver, CO",43565
36047006900,"Kings County, NY",43565
24015030506,"Elkton, MD",43565
6073008503,"Bay Ho, San Diego, CA",43564
17059972800,"Junction, IL",43564
51087200105,"Pinedale Farms, Richmond, VA",43564
36011041500,"Auburn, NY",43563
6097150609,"Petaluma, CA",43563
27053100500,"Northeast Minneapolis, Minneapolis, MN",43563
36105952400,"Eldred, NY",43562
48029181822,"Alamo Farmsteads, San Antonio, TX",43562
30081000401,"Pinesdale, MT",43561
15003002300,"McCully - Moiliili, Honolulu, HI",43561
22099020301,"Breaux Bridge, LA",43561
36029007700,"Tonawanda, NY",43560
6059088501,"Garden Grove, CA",43560
24015031302,"Rising Sun, MD",43560
42013100200,"Altoona, PA",43558
6065040814,"Corona, CA",43557
22057021500,"Larose, LA",43557
51043010100,"Berryville, VA",43557
48121021716,"Lewisville, TX",43557
27073180100,"Madison, MN",43557
36081017900,"Queens County, NY",43556
6031000500,"Armona, CA",43556
8089968400,"Rocky Ford, CO",43556
17049950700,"Effingham, IL",43556
6073020809,"Ramona, Ramona, CA",43556
19013001301,"Waterloo, IA",43555
47065011323,"Chattanooga, TN",43555
6071012700,"Ontario, CA",43555
35025000100,"Hobbs, NM",43554
54081000803,"Shady Spring, WV",43553
47157001600,"Midtown, Memphis, TN",43553
36047014900,"Kings County, NY",43553
37063001900,"Durham, NC",43553
42081000200,"Williamsport, PA",43553
37171931002,"Dobson, NC",43552
45063020604,"Cayce, SC",43552
42017100600,"Bristol, PA",43552
36085023900,"Richmond County, NY",43552
42063962100,"Blairsville, PA",43551
36021000700,"Ghent, NY",43551
20079030600,"Halstead, KS",43551
6017031405,"Pollock Pines, CA",43551
41067031006,"Greenway, Beaverton, OR",43550
26099245300,"Olson-Southriver, Mount Clemens, MI",43550
26163565600,"Westland, MI",43550
12031014002,"Beaches, Neptune Beach, FL",43550
26155031700,"Corunna, MI",43549
53041970800,"Chehalis, WA",43549
36111951200,"Hurley, NY",43549
42063960900,"Indiana, PA",43549
1073011302,"Morris, AL",43548
42051260500,"Normalville, PA",43548
42133023400,"York, PA",43548
24033801302,"Accokeek, MD",43547
42107000400,"Schuylkill County, PA",43547
36099950500,"Waterloo, NY",43545
6059063101,"Newport Beach, CA",43545
48085030408,"Frisco, TX",43545
6045011700,"Ukiah, CA",43545
12011110334,"Pembroke Pines, FL",43544
27113090400,"Thief River Falls, MN",43543
48085031202,"Royse City, TX",43543
39085201900,"Eastlake, OH",43543
28035000800,"Hattiesburg, MS",43543
26099241900,"Clinton Township, MI",43542
27137013600,"Gilbert, MN",43541
36115082002,"Whitehall, NY",43541
32003002915,"Canyon Gate, Las Vegas, NV",43540
39173021000,"Luckey, OH",43539
45019004607,"Mount Pleasant, SC",43538
48113007902,"Northeast Dallas, Dallas, TX",43538
6073014001,"Lemon Grove, CA",43538
17039971400,"Farmer City, IL",43537
42133022300,"Hanover, PA",43535
21111011003,"Louisville, KY",43534
12115002401,"Venice, FL",43534
32033970300,"Ely, NV",43534
34025811502,"Howell, NJ",43534
48167722900,"La Marque, TX",43534
24033801311,"Clinton, MD",43533
26049010503,"Flint, MI",43532
33017084200,"Rochester, NH",43532
27137010400,"Duluth, MN",43532
47037018410,"Bellevue, Nashville, TN",43532
34011040902,"Vineland, NJ",43531
34023003600,"Carteret, NJ",43530
24047951700,"Berlin, MD",43530
4013817200,"Queen Creek, AZ",43530
6037181500,"Northeast Los Angeles, Los Angeles, CA",43530
48135000700,"Odessa, TX",43530
36103201003,"East Hampton, NY",43529
6037408211,"Rowland Heights, CA",43529
53025011000,"Moses Lake, WA",43529
36043010300,"Ilion, NY",43529
6085512314,"Morgan Hill, CA",43528
17037002100,"Sandwich, IL",43528
13073030105,"Martinez, GA",43528
13223120604,"Hiram, GA",43528
42047951000,"Kersey, PA",43528
51087200407,"Richmond, VA",43527
51061930203,"Markham, VA",43527
4013422215,"Mesa, AZ",43527
27055020300,"Houston, MN",43526
8069001707,"Loveland, CO",43525
6073008006,"Bird Rock, San Diego, CA",43525
6059088106,"Stanton, CA",43525
39151713202,"Canton, OH",43524
9001044200,"Norwalk, CT",43523
40143008400,"Tulsa, OK",43522
42061950200,"Tyrone, PA",43522
36081077908,"Queens County, NY",43522
39113003201,"Shroyer Park, Dayton, OH",43520
48201553200,"Houston, TX",43519
39035177501,"Parma, OH",43519
20179952600,"Hoxie, KS",43518
22105954700,"Ponchatoula, LA",43517
6071011101,"Big Bear, CA",43517
4013319500,"Rural-Geneva, Tempe, AZ",43517
13121011611,"Roswell, GA",43517
6065043216,"Temecula, CA",43517
6065040404,"Pedley, Riverside, CA",43516
33005971000,"Keene, NH",43516
51153901008,"Dumfries, VA",43516
24005492102,"Parkville, MD",43516
4019004418,"Desert Senna Estates, Tucson, AZ",43514
17031020902,"West Ridge, Chicago, IL",43512
22057021700,"Lockport, LA",43512
48019000101,"Bandera, TX",43512
18105001002,"Bloomington, IN",43510
48439111506,"Pantego, TX",43510
19061000600,"Dubuque, IA",43510
17091012000,"Bourbonnais, IL",43509
26099255500,"Roseville, MI",43508
53063012702,"Veradale, Spokane Valley, WA",43507
37045951300,"Shelby, NC",43506
27047180900,"Albert Lea, MN",43506
12103028003,"Saint Pete Beach, FL",43506
37119003400,"Dilworth, Charlotte, NC",43505
55079170300,"South Milwaukee, WI",43505
18043071006,"New Albany, IN",43505
50007000800,"South End, Burlington, VT",43505
6059099601,"Westminster, CA",43505
1097006104,"Chunchula, AL",43504
39035107701,"Downtown, Cleveland, OH",43504
31055003800,"Field Club, Omaha, NE",43504
12057006300,"South Tampa, Tampa, FL",43504
39043040100,"Vermilion, OH",43504
42095015700,"Wind Gap, PA",43504
37075920100,"Robbinsville, NC",43504
26045020404,"Grand Ledge, MI",43504
6059062627,"University Town Center, Irvine, CA",43502
26121001000,"Beachwood-Bluffton, Muskegon, MI",43502
37167930200,"Albemarle, NC",43502
36081028900,"Queens County, NY",43501
36061027300,"Upper Manhattan, New York, NY",43501
36101962300,"Painted Post, NY",43501
6037141201,"Sherman Oaks, Los Angeles, CA",43500
31083964200,"Orleans, NE",43500
6059088902,"Garden Grove, CA",43500
6037139502,"Encino, Los Angeles, CA",43500
41009970500,"Saint Helens, OR",43499
6077003602,"Stockton, CA",43498
26047970400,"Harbor Springs, MI",43498
41043030500,"Brownsville, OR",43497
6001435602,"Hayward, CA",43497
50001960400,"Vergennes, VT",43496
4027011108,"Yuma East, Yuma, AZ",43495
55101001502,"Racine, WI",43494
42009960800,"Bedford, PA",43494
6037302504,"Mariposa, Glendale, CA",43494
22055001409,"Broussard, LA",43493
17031819500,"La Grange, IL",43492
4013422636,"Mesa, AZ",43491
37081016702,"Greensboro, NC",43491
51069051101,"Winchester, VA",43491
39101000600,"Marion, OH",43490
5007020404,"Rogers, AR",43490
12099007821,"West Palm Beach, FL",43489
26115832400,"Monroe, MI",43489
6059099903,"Westminster, CA",43489
44005040101,"Portsmouth, RI",43487
17097861901,"Waukegan, IL",43486
16027022100,"Parma, ID",43485
40133583300,"Seminole, OK",43484
8041004902,"Colorado Springs, CO",43484
37081016407,"Jamestown, NC",43484
36047010400,"Kings County, NY",43483
55079020200,"Southpoint, Milwaukee, WI",43483
16001000804,"Southeast Boise, Boise, ID",43483
55075961100,"Peshtigo, WI",43482
28059040102,"Moss Point, MS",43482
6001428000,"Alameda, CA",43482
47149040808,"Murfreesboro, TN",43482
48167723900,"Crystal Beach, Bolivar Peninsula, TX",43481
19163012802,"Davenport, IA",43481
6113010513,"Davis, CA",43481
39095005901,"Whitmer-Trilby, Toledo, OH",43481
51005080201,"Covington, VA",43481
12011020415,"Tamarac, FL",43480
48209010600,"San Marcos, TX",43479
18029080600,"Aurora, IN",43479
22101040800,"Patterson, LA",43478
48439113803,"Watauga, TX",43478
53033029407,"Kent, WA",43477
27033270400,"Bingham Lake, MN",43477
51570830200,"Dunlop Farms, Colonial Heights, VA",43476
8005087200,"Denver, CO",43476
29099701000,"Festus, MO",43476
41039002202,"Eugene, OR",43475
42067070400,"Millerstown, PA",43475
4013061030,"Sierra Montana, Surprise, AZ",43475
39109380100,"Tipp City, OH",43474
42125744100,"Canonsburg, PA",43473
48367140501,"Weatherford, TX",43473
54069001600,"Wheeling, WV",43473
48077030200,"Henrietta, TX",43473
39049007048,"Westworth Village, Worthington, OH",43473
42123970200,"Russell, PA",43472
45007011202,"Anderson, SC",43471
1103005106,"Decatur, AL",43471
41067030502,"Portland, OR",43471
6001436602,"Jackson Triangle, Hayward, CA",43470
15003006802,"Aliamanu - Salt Lakes - Foster Village, Honolulu, HI",43469
53001950400,"Othello, WA",43469
4021002300,"Kearny, AZ",43469
24009861003,"Lusby, MD",43469
6037553100,"Bellflower, CA",43468
20163974600,"Stockton, KS",43468
6065040613,"Eastvale, CA",43467
6065050400,"Murrieta, CA",43467
40017300202,"El Reno, OK",43466
36055014602,"Churchville, NY",43465
39165031000,"Waynesville, OH",43465
55025000901,"Regent, Madison, WI",43464
25025070402,"South End, Boston, MA",43464
26157000200,"Unionville, MI",43464
32031002618,"Reno, NV",43464
15003006500,"Kalihi Valley, Honolulu, HI",43463
6073013415,"Chula Vista, CA",43463
42009960200,"Imler, PA",43463
26007000600,"Alpena, MI",43462
6067009614,"Elk Grove, CA",43462
55021970400,"Portage, WI",43462
42007604600,"Aliquippa, PA",43462
36111952400,"Kingston, NY",43461
6101050800,"Sutter, CA",43461
4013422639,"Leisure World, Mesa, AZ",43461
21145031400,"Paducah, KY",43461
18071967700,"Seymour, IN",43460
42101012500,"North Philadelphia, Philadelphia, PA",43459
6037134201,"Canoga Park, Los Angeles, CA",43458
25005652400,"New Bedford, MA",43458
42105950100,"Ulysses, PA",43457
51810046206,"Virginia Beach, VA",43457
24021751302,"Frederick, MD",43457
42003060500,"Polish Hill, Pittsburgh, PA",43457
17197880505,"Romeoville, IL",43456
48113013610,"Far North Dallas, Dallas, TX",43456
39133600500,"Ravenna, OH",43456
8041005107,"Colorado Springs, CO",43456
37119005917,"Yorkshire, Charlotte, NC",43456
6013303103,"Yamanaka, Brentwood, CA",43455
17197881401,"Garnsey, Joliet, IL",43454
6085503305,"East San Jose, San Jose, CA",43453
42003191100,"Duquesne Heights, Pittsburgh, PA",43452
24031701215,"North Bethesda, MD",43452
42133024001,"Delta, PA",43451
17031030300,"Edgewater, Chicago, IL",43451
31023967600,"David City, NE",43451
48221160302,"Granbury, TX",43450
40131050602,"Claremore, OK",43450
35045000706,"Blanco, NM",43449
6085512310,"Morgan Hill, CA",43449
55097960800,"Stevens Point, WI",43449
10003014706,"Newark, DE",43449
35001000117,"Loma Del Rey, Albuquerque, NM",43449
37057060302,"Clemmons, NC",43449
29510101100,"Boulevard Heights, St. Louis, MO",43448
8069000901,"Mission Hills, Fort Collins, CO",43446
15003006809,"Aliamanu - Salt Lakes - Foster Village, Honolulu, HI",43445
29095012804,"Raytown, MO",43445
6059001901,"Fullerton, CA",43445
53033030202,"Federal Way, WA",43444
31109002900,"Lincoln, NE",43444
40037020706,"Sand Springs, OK",43444
33013040500,"Newbury, NH",43444
9005349200,"Thomaston, CT",43444
20015020300,"El Dorado, KS",43444
37195001400,"The Village - Country Club West, Wilson, NC",43443
26099247602,"Harrison charter Township, MI",43442
36081001400,"Queens County, NY",43442
37059080400,"Advance, NC",43442
40083600400,"Guthrie, OK",43442
16001000201,"Boise Heights, Boise, ID",43442
6067009611,"Elk Grove, CA",43441
12086000602,"Hialeah, FL",43441
48439105701,"Wedgwood East, Fort Worth, TX",43441
36051030800,"Mount Morris, NY",43440
48113019029,"Brentwood Place, Garland, TX",43440
42003141300,"Squirrel Hill South, Pittsburgh, PA",43438
31145963200,"McCook, NE",43437
40027200800,"Norman, OK",43436
12115002010,"Sarasota, FL",43436
25027709701,"Leominster, MA",43436
12113010814,"Gulf Breeze, FL",43435
6059088903,"Garden Grove, CA",43435
30049000300,"Helena, MT",43435
42057960100,"McConnellsburg, PA",43434
36045062200,"Watertown, NY",43433
6053011400,"Bradley, CA",43432
26087332500,"North Branch, MI",43432
12103024411,"Riviera Bay, Saint Petersburg, FL",43432
42079211500,"Wyoming, PA",43432
26147646000,"Clay Township, MI",43432
12081000407,"Bradenton, FL",43431
39143960900,"Fremont, OH",43430
24031700721,"Montgomery Village, MD",43429
48199030400,"Kountze, TX",43429
37119005521,"Mallard Creek - Withrow Downs, Charlotte, NC",43429
6019004601,"Fresno, CA",43429
16001000303,"Boise, ID",43429
12021010209,"Naples, FL",43428
39099813600,"New Springfield, OH",43428
22011960100,"DeRidder, LA",43428
25009210700,"Peabody, MA",43427
42079215800,"Hunlock Creek, PA",43427
36093020600,"Schenectady, NY",43426
16069960800,"Lewiston, ID",43426
24043010700,"Hancock, MD",43426
36027090000,"Red Hook, NY",43425
6111007100,"Thousand Oaks, CA",43425
5131001305,"Fort Smith, AR",43425
48201254000,"Plumwood, Baytown, TX",43424
19061010101,"Dubuque, IA",43424
19163013500,"Bettendorf, IA",43424
27115950100,"Sturgeon Lake, MN",43424
44003020602,"Coventry, RI",43423
48029121809,"Uptown, San Antonio, TX",43423
53005011001,"Kennewick, WA",43423
26125140800,"Auburn Hills, MI",43423
36091062800,"Waterford, NY",43423
31071973200,"Burwell, NE",43422
42003402000,"Brackenridge, PA",43422
26081000300,"Creston, Grand Rapids, MI",43421
4013816200,"Power Ranch, Gilbert, AZ",43421
17089854002,"Montgomery, IL",43421
21103090301,"Smithfield, KY",43421
1117030607,"Alabaster, AL",43421
53033027900,"Burien, WA",43420
20091052102,"Shawnee, KS",43420
53033025804,"Renton, WA",43420
30041040200,"Havre, MT",43420
39089755000,"Johnstown, OH",43419
42027011702,"State College, PA",43419
12057011417,"Tampa, FL",43419
42041011400,"Mechanicsburg, PA",43418
6059042310,"San Juan Capistrano, CA",43418
39099811600,"Youngstown, OH",43418
29051010702,"Jefferson City, MO",43417
42055011301,"Chambersburg, PA",43416
39115968900,"McConnelsville, OH",43416
55107960200,"Weyerhaeuser, WI",43416
41051004500,"Northwest District, Portland, OR",43416
34005704700,"Burlington County, NJ",43415
22101040500,"Berwick, LA",43414
31153010614,"La Vista, NE",43413
4019004429,"Continental Reserve, Tucson, AZ",43412
34021003601,"Ewing Township, NJ",43412
17031841100,"Armour Square, Chicago, IL",43412
55097961100,"Stevens Point, WI",43411
26145012001,"Shields, Saginaw, MI",43411
34017018100,"Weehawken, NJ",43410
6067005904,"Parkland Estates, Sacramento, CA",43410
42047951100,"Saint Marys, PA",43410
1073010706,"Birmingham, AL",43410
55135100700,"Weyauwega, WI",43409
6073019702,"Vista, CA",43409
19027960400,"Carroll, IA",43409
12071001801,"Fort Myers, FL",43409
39151714600,"Navarre, OH",43408
6037543703,"Carson, CA",43408
26161404100,"Eberwhite, Ann Arbor, MI",43407
42113960100,"Dushore, PA",43407
16055001900,"Cataldo, ID",43407
25001010304,"Eastham, MA",43407
8125963200,"Yuma, CO",43407
33015055001,"Raymond, NH",43407
33009960700,"Orford, NH",43407
51790000500,"Staunton, VA",43406
49035111801,"Millcreek, UT",43406
6061021108,"Rocklin, CA",43406
32031003309,"Incline Village, NV",43404
25013810403,"Ludlow, MA",43404
6065041405,"La Sierra South, Riverside, CA",43403
42081010600,"Hughesville, PA",43402
6059001802,"Fullerton, CA",43400
27053107600,"Cooper, Minneapolis, MN",43400
6059001801,"Fullerton, CA",43400
12086014400,"Miami, FL",43400
4025000500,"Prescott, AZ",43399
33013042500,"Andover, NH",43399
40109106802,"Central Oklahoma City, Bethany, OK",43398
42089300308,"Tobyhanna, PA",43398
29101960300,"Warrensburg, MO",43397
35045000610,"Aztec, NM",43396
9011714101,"Colchester Center, Colchester, CT",43395
18153050200,"Sullivan, IN",43395
17031051300,"North Center, Chicago, IL",43395
26021020600,"Niles, MI",43395
36119001302,"Park Hill, Yonkers, NY",43394
53051970200,"Cusick, WA",43394
42013011500,"East Freedom, PA",43394
12103027327,"Oldsmar, FL",43393
16055001700,"Coeur d'Alene, ID",43393
10003013800,"Newark, DE",43393
39049006372,"Northwest Columbus, Dublin, OH",43392
32510000100,"Carson City, NV",43392
36081086900,"Queens County, NY",43391
42087960300,"Belleville, PA",43391
18097370301,"Camby, Indianapolis, IN",43391
6067007701,"Carmichael, CA",43391
27043460500,"Bricelyn, MN",43389
22109000201,"Houma, LA",43389
12117022106,"Casselberry, FL",43389
48291701000,"Dayton, TX",43389
21021930500,"Danville, KY",43388
50027965100,"South Royalton, Royalton, VT",43388
48339690100,"Magnolia, TX",43388
54037972800,"Charles Town, WV",43388
31109001400,"Witherbee, Lincoln, NE",43387
39097040500,"West Jefferson, OH",43387
39049009440,"South Columbus, Groveport, OH",43386
48085031315,"Wylie, TX",43386
26009960600,"Elk Rapids, MI",43385
42075000200,"Lebanon, PA",43385
6099003400,"Crows Landing, CA",43384
17117956400,"Carlinville, IL",43383
55039041300,"North Fond du Lac, WI",43383
45007000300,"Anderson, SC",43383
39145003300,"Portsmouth, OH",43383
29003010200,"Savannah, MO",43382
17055041200,"Thompsonville, IL",43381
22045031200,"New Iberia, LA",43381
39011041202,"Saint Marys, OH",43381
42093050100,"Danville, PA",43381
6073009102,"Bay Park, San Diego, CA",43380
4003001800,"Sierra Vista, AZ",43379
27137012500,"Hibbing, MN",43378
6037406000,"Covina, CA",43378
31067965200,"Wymore, NE",43377
31129960100,"Superior, NE",43377
36091061800,"Ballston Spa, NY",43377
45051080101,"Galivants Ferry, SC",43377
45079011413,"Columbia, SC",43376
53053071306,"Tacoma, WA",43376
42035030300,"Lock Haven, PA",43375
25025120400,"Jamaica Plain, Boston, MA",43375
36081027100,"Queens County, NY",43374
39147962600,"Green Springs, OH",43374
55059002601,"Kenosha, WI",43374
39093097100,"Wellington, OH",43372
12086014600,"Miami, FL",43372
8031003002,"Rosedale, Denver, CO",43372
42017100103,"Bensalem, PA",43372
6077003208,"Spanos Park, Stockton, CA",43371
53061053509,"Arlington, WA",43371
56025000300,"Casper, WY",43370
5143010105,"Fayetteville, AR",43370
42071010702,"Elizabethtown, PA",43370
17099963400,"Oglesby, IL",43369
47157021510,"Lakes of Forest Hill, Memphis, TN",43369
48453001769,"Oak Hill, Austin, TX",43368
37183053513,"Parkview Townhomes, Cary, NC",43368
26109960500,"Menominee, MI",43366
24031700718,"Rockville, MD",43366
6037405702,"Covina, CA",43365
36091060101,"Fort Edward, NY",43365
48029181711,"Far West Side, San Antonio, TX",43365
51013102003,"Buckingham, Arlington, VA",43365
1089000901,"Huntsville, AL",43365
8041004702,"Colorado Springs, CO",43365
29021002900,"Saint Joseph, MO",43364
49035113412,"West Valley City, UT",43363
53033012000,"Arbor Heights, Seattle, WA",43362
12086004702,"Miami Springs, FL",43362
6095252908,"Vacaville, CA",43362
45051050303,"Myrtle Beach, SC",43361
41047002304,"South Gateway, Salem, OR",43361
12057010209,"New Tampa, Tampa, FL",43360
36047021600,"Kings County, NY",43360
18123952500,"Tell City, IN",43360
27083360400,"Marshall, MN",43360
34029736101,"Little Egg Harbor Township, NJ",43358
42021012900,"Portage, PA",43357
55139000400,"Oshkosh, WI",43357
42027010900,"Centre Hall, PA",43356
36103159404,"Mastic, NY",43355
21111012407,"Louisville, KY",43353
15003010904,"Kailua, HI",43353
42129800300,"New Kensington, PA",43353
35005001002,"Roswell, NM",43353
31051977800,"Wakefield, NE",43352
19089960200,"Cresco, IA",43352
37063001601,"Durham, NC",43351
6089011801,"Redding, CA",43351
48355003306,"South Side, Corpus Christi, TX",43351
53053073001,"Roy, WA",43351
12011110301,"Pembroke Pines, FL",43350
31157953900,"Gering, NE",43349
6037189904,"Central LA, Los Angeles, CA",43348
53033000402,"Bitter Lake, Seattle, WA",43348
36047010800,"Kings County, NY",43348
26099221500,"New Baltimore, MI",43348
36067014700,"Jamesville, NY",43348
25009205200,"Lynn, MA",43347
25025110502,"Roslindale, Boston, MA",43347
17031020802,"West Ridge, Chicago, IL",43346
36091060602,"Greenfield Center, NY",43346
5045030402,"Conway, AR",43346
42029304101,"Downingtown, PA",43346
42101025700,"Chestnut Hill, Philadelphia, PA",43345
48201340900,"Clear Lake, Webster, TX",43345
55105002602,"Beloit, WI",43344
17141961700,"Byron, IL",43344
6077003112,"Stockton, CA",43343
34009022000,"Cape May, NJ",43341
48361021502,"Vidor, TX",43341
6067007906,"Barrett Hills, Carmichael, CA",43341
40027201700,"Southwest Oklahoma City, Oklahoma City, OK",43341
6019004216,"Fresno, CA",43341
36005028100,"Bronx County, NY",43340
6087100200,"Santa Cruz, CA",43340
53031950202,"Quilcene, WA",43340
26163568000,"Westland, MI",43340
48491020114,"Georgetown, TX",43340
17163503800,"Scott Air Force Base, IL",43339
5007021408,"Lowell, AR",43339
29107090200,"Lexington, MO",43339
48029181200,"Dreamland Oaks, San Antonio, TX",43339
8059010305,"Alta Vista Area, Arvada, CO",43338
47157002600,"Midtown, Memphis, TN",43338
48201233703,"Northeast Houston, Houston, TX",43338
42013010500,"Altoona, PA",43338
48401950600,"Henderson, TX",43338
20009971200,"Olmitz, KS",43336
5119003710,"North Little Rock, AR",43336
21225950300,"Sturgis, KY",43336
55105003100,"Milton, WI",43336
40039960600,"Weatherford, OK",43335
34007607300,"Magnolia, NJ",43335
47009011002,"Maryville, TN",43335
10003014200,"Newark, DE",43334
27159480200,"Verndale, MN",43334
36083052102,"Petersburg, NY",43333
17031030200,"Edgewater, Chicago, IL",43333
13139000305,"Murrayville, GA",43333
37097061402,"Mooresville, NC",43333
34041032000,"Washington, NJ",43332
53061052402,"Snohomish, WA",43332
18099020102,"Bremen, IN",43332
32031001005,"Reno, NV",43331
4013319902,"South Tempe, Tempe, AZ",43331
6037186404,"Glassell Park, Los Angeles, CA",43331
5143011001,"Farmington, AR",43330
6037403801,"Charter Oak, Covina, CA",43330
39035178206,"Parma Heights, OH",43329
39089754101,"Newark, OH",43328
6037543501,"Carson, CA",43328
48113013104,"North Dallas, Dallas, TX",43328
13217100202,"Covington, GA",43328
42131400700,"Monroe, PA",43327
6059062605,"Laguna Beach, CA",43327
18003010821,"Glenwood Park, Fort Wayne, IN",43327
40027200900,"Norman, OK",43327
13097080508,"Douglasville, GA",43326
48439113217,"North Richland Hills, TX",43326
17033880100,"Hutsonville, IL",43326
17057953000,"Avon, IL",43324
20209043803,"Turner, Kansas City, KS",43324
40131050301,"Claremore, OK",43324
39035138107,"Brook Park, OH",43324
6099003605,"Turlock, CA",43324
33013038000,"Boscawen, NH",43324
39099812001,"Boardman, OH",43324
12099001102,"North Palm Beach, FL",43324
53005011501,"Kennewick, WA",43323
47147080200,"Cedar Hill, TN",43323
10001040700,"Dover, DE",43323
36043011301,"Herkimer, NY",43323
42081011100,"Williamsport, PA",43323
6067008137,"Skycrest Terrace, Citrus Heights, CA",43323
1013952800,"Greenville, AL",43322
36063023401,"Lockport, NY",43322
31109003003,"Belmont, Lincoln, NE",43322
30063001304,"Miller Creek, Missoula, MT",43321
5055480300,"Greene County, AR",43320
1117030701,"Columbiana, AL",43320
40143007506,"Broken Arrow, OK",43320
20125950300,"Independence, KS",43320
42013010600,"Altoona, PA",43320
36103145602,"Brentwood, NY",43320
17031815200,"Berwyn, IL",43320
48439113510,"Euless, TX",43319
40143007522,"Broken Arrow, OK",43319
48453001901,"Barton Hills, Austin, TX",43319
29077005200,"Fair Grove, MO",43319
6071008601,"Mentone, CA",43319
41051010405,"North Central, Gresham, OR",43318
26075006402,"Hanover, MI",43318
53067012212,"Olympia, WA",43317
23031027000,"Kennebunkport, ME",43317
20173007203,"Wichita, KS",43316
48201433202,"Southwest Houston, Houston, TX",43315
18003011502,"Fort Wayne, IN",43315
36081004002,"Queens County, NY",43314
32031980000,"Reno, NV",43313
12057013919,"Boyette, Riverview, FL",43313
12071001911,"Fort Myers Beach, FL",43313
48029190400,"Midtown, San Antonio, TX",43311
17113001800,"Bloomington, IL",43311
55085970601,"Rhinelander, WI",43311
42095015201,"Bangor, PA",43311
51199050305,"Yorktown, VA",43310
42011011101,"Wyomissing, PA",43310
34027043800,"Morristown, NJ",43309
53045961200,"Shelton, WA",43309
36081018300,"Queens County, NY",43308
51053840200,"Sutherland, VA",43307
36055011208,"Webster, NY",43306
4019004639,"Tucson, AZ",43305
42051260300,"Scottdale, PA",43304
33011021500,"Francestown, NH",43304
10003016100,"New Castle, DE",43303
27035950204,"Crosslake, MN",43303
50009950100,"Lemington, VT",43302
6001427900,"West Alameda, Alameda, CA",43302
34001013302,"Ventnor City, NJ",43302
39119912800,"New Concord, OH",43302
9001072500,"North End, Bridgeport, CT",43302
41053020204,"Dallas, OR",43302
6053010804,"Gonzales, CA",43301
53053073006,"Roy, WA",43301
6037293201,"Harbor, Torrance, CA",43301
42069111700,"Scranton, PA",43300
15009031402,"Lahaina, HI",43298
55127000502,"Whitewater, WI",43298
6019001414,"Roosevelt, Fresno, CA",43298
29147470300,"Maryville, MO",43297
6073019902,"Vista, CA",43296
9003514300,"Bowers, Manchester, CT",43296
47159975400,"Brush Creek, TN",43296
6037273100,"Venice, Los Angeles, CA",43296
17135957400,"Witt, IL",43296
6075017601,"South of Market, San Francisco, CA",43295
18121030400,"Rockville, IN",43295
39093091100,"Grafton, OH",43293
34031175701,"Passaic, NJ",43293
42079212100,"Forty Fort, PA",43293
48201253600,"Baytown, TX",43292
45007010102,"Piedmont, SC",43292
20173007204,"Wichita, KS",43291
1125012503,"Tuscaloosa, AL",43291
6001430500,"San Leandro, CA",43291
6037543702,"Carson, CA",43291
6059076000,"Orange, CA",43290
24025302200,"Aberdeen, MD",43290
25011040200,"Bernardston, MA",43289
36059404902,"Elmont, NY",43289
36081066000,"Queens County, NY",43289
36103159512,"Mastic Beach, NY",43288
12113010812,"Gulf Breeze, FL",43288
13021012102,"Macon, GA",43287
1097003405,"Overlook, Mobile, AL",43287
1073010803,"Irondale, AL",43286
26017286000,"Bay City, MI",43286
24015031202,"Perryville, MD",43285
34005700703,"Riverside, NJ",43285
12103022401,"Saint Petersburg, FL",43284
24001001401,"La Vale, MD",43284
39093050300,"Amherst, OH",43283
48085030605,"McKinney, TX",43282
25007200100,"Vineyard Haven, Tisbury, MA",43282
13095000502,"Albany, GA",43282
51149850400,"Prince George, VA",43281
6073016000,"El Cajon, CA",43281
41067032408,"Hillsboro, OR",43281
51820003500,"Waynesboro, VA",43280
17089851600,"Elgin, IL",43280
42107000100,"Zion Grove, PA",43279
6053011202,"Greenfield, CA",43279
20151968700,"Pratt, KS",43278
36081000400,"Queens County, NY",43278
6073002903,"Mid-City, San Diego, CA",43277
42045401301,"Drexel Hill, Upper Darby, PA",43277
48085030301,"McKinney, TX",43276
36071010901,"Pine Bush, NY",43276
48113014310,"Las Colinas, Irving, TX",43275
37101041201,"Smithfield, NC",43275
34003023602,"Hackensack, NJ",43275
6113011500,"Esparto, CA",43275
36061011202,"Midtown, New York, NY",43274
26115832600,"La Salle, MI",43272
27123034702,"Conway, Saint Paul, MN",43272
40109106907,"Central Oklahoma City, Oklahoma City, OK",43272
27053110500,"Hiawatha, Minneapolis, MN",43272
6073009506,"Tierrasanta, San Diego, CA",43271
22017022800,"Broadmoor, Anderson Island, Shreve Isle, Shreveport, LA",43271
36047096400,"Kings County, NY",43270
17031250500,"Austin, Chicago, IL",43270
17119403401,"Collinsville, IL",43270
22055000602,"Lafayette, LA",43270
36103111100,"Huntington Station, NY",43269
6061023800,"Lincoln, CA",43269
36117020600,"Palmyra, NY",43268
23001020700,"Lewiston, ME",43268
51510200802,"Taylor Run, Alexandria, VA",43268
4013092305,"Glendale, AZ",43268
49011126001,"Layton, UT",43268
39133600200,"Mantua, OH",43267
6059110202,"Southwest Anaheim, Buena Park, CA",43267
10003014502,"Newark, DE",43267
19173180200,"Bedford, IA",43267
39151714701,"Massillon, OH",43267
48121021637,"Far North Dallas, Dallas, TX",43266
17031081100,"Near North, Chicago, IL",43266
48029181718,"Far West Side, San Antonio, TX",43266
17163501502,"Belleville, IL",43265
8005081300,"Willow Park, Aurora, CO",43265
26033970700,"Eckerman, MI",43265
32003002834,"Silverado Ranch, Las Vegas, NV",43264
6115041000,"Marysville, CA",43264
36001014802,"Medusa, NY",43264
34001011202,"Buena, NJ",43263
46093020302,"Piedmont, SD",43262
6029002806,"Bakersfield, CA",43261
36045061900,"Watertown, NY",43261
36047011800,"Kings County, NY",43260
6071011401,"Big Bear, CA",43260
36065024303,"Ava, NY",43260
26111291300,"Freeland, MI",43259
47147080700,"Cedar Hill, TN",43259
6013307205,"Antioch, CA",43259
18003010803,"Royal Oaks, Fort Wayne, IN",43259
4013422304,"Chandler, AZ",43259
39035123602,"Kamm's Corners, Cleveland, OH",43258
19049050400,"Perry, IA",43258
12099005926,"Boynton Beach, FL",43257
18157005400,"West Lafayette, IN",43257
48251130409,"Alvarado, TX",43256
39171950200,"Edon, OH",43255
41047002501,"Keizer, OR",43255
23001041500,"Minot, ME",43255
12033003611,"Cantonment, FL",43255
6019001412,"Roosevelt, Fresno, CA",43255
8069000100,"Old Town, Fort Collins, CO",43254
48039661601,"Alvin, TX",43254
6073013410,"San Miguel Ranch, Chula Vista, CA",43254
17137951500,"Jacksonville, IL",43254
27151960400,"Appleton, MN",43254
39103408001,"Medina, OH",43253
37147001303,"Winterville, NC",43253
39151713501,"Massillon, OH",43253
9001072200,"Brooklawn - St. Vincent, Bridgeport, CT",43253
36083051702,"Hoosick Falls, NY",43253
19107080200,"Keswick, IA",43253
8001009304,"Northglenn, CO",43252
26049011610,"Davison, MI",43252
6083002802,"Lompoc, CA",43251
36039080700,"Coxsackie, NY",43251
41005024000,"Molalla, OR",43250
6037503302,"East Whitter, Whittier, CA",43250
18061060100,"Palmyra, IN",43249
24035811000,"Chester, MD",43249
48085031100,"Farmersville, TX",43249
19061000701,"Dubuque, IA",43248
23031030203,"Sanford, Sanford, ME",43248
36015010700,"Horseheads, NY",43248
6029006003,"Golden Hills, CA",43247
47165020502,"Gallatin, TN",43247
6037571503,"Bixby North, Long Beach, CA",43247
30063001302,"Missoula, MT",43247
51061930704,"Midland, VA",43246
53005011700,"Prosser, WA",43246
49049000204,"American Fork, UT",43246
48029171917,"Far West Side, San Antonio, TX",43245
19153000103,"Des Moines, IA",43245
39139002700,"Shelby, OH",43245
39113050105,"Dayton, OH",43245
20087020300,"Oskaloosa, KS",43244
6037530006,"South Montebello, Montebello, CA",43244
48479001710,"Laredo, TX",43243
42015950600,"Gillett, PA",43243
55085971001,"Harshaw, WI",43242
17083010100,"Jerseyville, IL",43242
42003488100,"West Mifflin, PA",43241
26163580600,"Wyandotte, MI",43241
6037183222,"Northeast Los Angeles, Los Angeles, CA",43241
51179010404,"Falmouth, VA",43240
53033029408,"Kent, WA",43240
6037432602,"El Monte City, El Monte, CA",43239
53005010901,"Kennewick, WA",43239
6075012501,"Tenderloin, San Francisco, CA",43238
37067003103,"Kernersville, NC",43238
6095251902,"Vallejo, CA",43238
13067031117,"Smyrna, GA",43238
22107000100,"Newellton, LA",43237
42101031900,"Northeast Philadelphia, Philadelphia, PA",43237
45063021206,"Chapin, SC",43237
18067010100,"Greentown, IN",43237
1073012304,"Pleasant Grove, AL",43237
27005450600,"Detroit Lakes, MN",43235
25025100601,"Dorchester, Boston, MA",43235
40109108402,"Central Oklahoma City, The Village, OK",43235
36047096200,"Kings County, NY",43235
48135001500,"Odessa, TX",43234
13139000303,"Gainesville, GA",43233
8123001100,"Greeley, CO",43232
9003510500,"East Hartford, CT",43232
47165021103,"Hendersonville, TN",43232
48201440100,"Southwest Houston, Houston, TX",43232
15003009902,"North Shore, Haleiwa, HI",43231
37081012510,"Friendly Acres, Greensboro, NC",43231
38099958300,"Adams, ND",43231
6059086407,"Northeast Anaheim, Anaheim, CA",43230
36085021300,"Richmond County, NY",43230
25021422502,"Weymouth, MA",43230
48183010600,"Kilgore, TX",43230
42003471000,"Heidelberg, PA",43228
32003002982,"Las Vegas, NV",43228
48287000400,"Giddings, TX",43227
42071013701,"Lancaster, PA",43227
26161410900,"Depot Town, Ypsilanti, MI",43227
8041004706,"Colorado Springs, CO",43227
17091010900,"Momence, IL",43226
17201003500,"Edgewater, Rockford, IL",43226
51059451502,"Bailey's Crossroads, VA",43226
50025968000,"Wilmington, VT",43226
51740212802,"Portsmouth, VA",43226
34033020100,"Pedricktown, NJ",43225
27001790501,"Aitkin, MN",43224
39135470101,"Eaton, OH",43224
53053071208,"Puyallup, WA",43224
6037407702,"La Puente, CA",43224
6037311300,"Burbank, CA",43223
4013610800,"Sonoran Mountain Ranch, Peoria, AZ",43222
51810042400,"North Central, Virginia Beach, VA",43220
42055010200,"Orrstown, PA",43220
12057011411,"Citrus Park Community, Tampa, FL",43220
4013422209,"Chandler, AZ",43218
50023954300,"Washington County, VT",43217
20093959100,"Lakin, KS",43216
18097310104,"Indianapolis, IN",43215
47179060400,"Johnson City, TN",43215
9003514500,"Central Manchester, Manchester, CT",43215
12095014806,"Orlando, FL",43215
53057951200,"Mount Vernon, WA",43215
13089021502,"Lavista Park, Atlanta, GA",43214
9003473700,"Windsor, CT",43213
16011950200,"Firth, ID",43213
6085503506,"Alum Rock, San Jose, CA",43213
36069051500,"Geneva, NY",43212
41051008201,"Southeast Portland, Portland, OR",43211
36111953000,"Accord, NY",43211
12011020315,"Forest Glen, Coral Springs, FL",43211
51800075302,"Suffolk, VA",43211
6059062625,"Laguna Hills, CA",43210
47187050601,"Franklin, TN",43210
26161412700,"Ypsilanti, MI",43210
4013104221,"Glendale, AZ",43209
51810045422,"Virginia Beach, VA",43209
12117021901,"Altamonte Springs, FL",43209
25023510200,"Brockton, MA",43208
26163558300,"Livonia, MI",43208
26025002300,"Battle Creek, MI",43207
36055010902,"East Irondequoit, Irondequoit, NY",43207
42101020700,"East Falls, Philadelphia, PA",43206
17031650302,"South Side, Chicago, IL",43206
55115100200,"Shawano, WI",43206
39169001000,"Orrville, OH",43206
31055003402,"Southeast Omaha, Omaha, NE",43205
39011040200,"Wapakoneta, OH",43205
12031015600,"Arlington, Jacksonville, FL",43205
22095070600,"Garyville, LA",43204
39097040102,"Plain City, OH",43204
37119005834,"Matthews, NC",43204
6055200203,"Napa, CA",43203
55103970200,"Richland Center, WI",43203
51171040202,"Maurertown, VA",43203
36103122405,"Wheatley Heights, NY",43203
26099256500,"Roseville, MI",43203
36059414301,"Freeport, NY",43201
1097006302,"Blackstone, Semmes, AL",43201
53041971300,"Winlock, WA",43201
48453001857,"Springbrook, Pflugerville, TX",43201
48439113703,"Grapevine, TX",43200
6037199120,"Montecito Heights, Los Angeles, CA",43200
6037408302,"Whittier, CA",43199
24045010102,"Salisbury, MD",43199
21067004007,"Lexington, KY",43197
48029121605,"Northeast Side, Live Oak, TX",43197
54045956101,"Chapmanville, WV",43196
39157021000,"New Philadelphia, OH",43196
39061004604,"Mount Washington, Cincinnati, OH",43196
47003950800,"Shelbyville, TN",43196
12099005946,"Lake Worth, FL",43196
4013616100,"Deer Valley, Glendale, AZ",43196
17123961200,"Henry, IL",43195
51179010106,"Stafford, VA",43193
42041012701,"Carlisle, PA",43192
36029014400,"Lancaster, NY",43192
39025040102,"Goshen, OH",43192
6087110700,"Freedom, CA",43191
6087100900,"Seabright, Santa Cruz, CA",43190
26049012703,"Lennon, MI",43190
47001020600,"Oak Ridge, TN",43190
10005051103,"Rehoboth Beach, DE",43189
6001441921,"Central District, Fremont, CA",43189
48453001729,"South Austin, Austin, TX",43188
12011060119,"Sunrise, FL",43188
25025000703,"Brighton, Boston, MA",43188
12099007765,"West Palm Beach, FL",43187
6029000102,"Bakersfield, CA",43187
18127051006,"Valparaiso, IN",43186
6069000702,"Hollister, CA",43186
39061020901,"Cincinnati, OH",43186
37089930702,"Mills River, NC",43185
4013103501,"Paradise Valley Village, Phoenix, AZ",43185
12103026002,"Clearwater Beach, Clearwater, FL",43185
22071001734,"Lake Catherine, New Orleans, LA",43184
31175971400,"Ord, NE",43184
15003008402,"Ewa, Ewa Beach, HI",43183
8093000500,"Guffey, CO",43182
42055011700,"Greencastle, PA",43182
48039660602,"Pearland, TX",43181
6073016503,"El Cajon, CA",43181
36065940200,"Vernon, NY",43181
37183054402,"Wendell, NC",43180
26081011500,"Alpine Center, Grand Rapids, MI",43180
37159051002,"Salisbury, NC",43178
39081012000,"Dillonvale, OH",43178
36069050302,"Shortsville, NY",43177
6029004401,"Wasco, CA",43177
4013104227,"Peoria Ave Citizen's Group, Glendale, AZ",43176
17031806104,"Des Plaines, IL",43176
36061014700,"Lincoln Square, New York, NY",43176
6065040402,"Pedley, Riverside, CA",43175
29031881500,"Cape Girardeau, MO",43175
12071050203,"Estero, FL",43174
32007951500,"West Wendover, NV",43174
49035113407,"West Valley City, UT",43174
23009966100,"Southwest Harbor, ME",43174
12103024002,"North East Park, Saint Petersburg, FL",43174
24031703207,"Silver Spring, MD",43172
6037106111,"Sylmar, Los Angeles, CA",43171
42007605001,"Aliquippa, PA",43171
17201003706,"Rockford, IL",43171
17195000100,"Sterling, IL",43171
48113014501,"Plymoth Park, Irving, TX",43171
12086006203,"Crafts, Coral Gables, FL",43171
48491020704,"Greenslopes At Lake Creek, Round Rock, TX",43169
18003010819,"Fort Wayne, IN",43169
6071007106,"Grand Terrace, CA",43169
44007013701,"Cranston, RI",43168
6037133000,"Reseda, Los Angeles, CA",43168
32003003246,"Las Vegas, NV",43168
6073008359,"Mira Mesa, San Diego, CA",43168
32003005107,"Green Valley North, Henderson, NV",43168
42129808500,"Ligonier, PA",43167
6085506501,"Cadillac East, San Jose, CA",43166
39083006802,"Butler, OH",43166
48113018137,"Garland, TX",43166
6037131200,"Northridge, Los Angeles, CA",43166
32003005435,"River Mountain, Henderson, NV",43165
12001002207,"Gainesville, FL",43162
51013102302,"Barcroft, Arlington, VA",43162
5125010404,"Bryant, AR",43162
48121021613,"North Central Carrollton, Carrollton, TX",43162
6037408704,"Rowland Heights, CA",43161
15003008614,"Kapolei, HI",43161
25001011500,"South Dennis, Dennis, MA",43160
18039000502,"Goshen, IN",43160
12086009311,"Hialeah, FL",43159
4013421102,"Mesa, AZ",43159
17031281900,"Near West Side, Chicago, IL",43159
36081086300,"Queens County, NY",43159
20159967300,"Sterling, KS",43158
46103011200,"Rapid City, SD",43158
18163000201,"Timber Park, Evansville, IN",43158
48227950801,"Big Spring, TX",43158
4013061023,"Sarival Gardens, Goodyear, AZ",43158
48157674604,"Richmond, TX",43158
12031016729,"Southside, Jacksonville, FL",43157
42005951400,"Vandergrift, PA",43157
40051000600,"Chickasha, OK",43156
48157672900,"Grand Mission, Richmond, TX",43156
22097960300,"Port Barre, LA",43156
17031827805,"South Holland, IL",43154
6111005502,"Camarillo, CA",43153
6067009321,"Sacramento, CA",43153
50023954600,"Montpelier, VT",43153
27053108900,"Howe, Minneapolis, MN",43152
41043030300,"Lebanon, OR",43152
6037123420,"North Hollywood, Los Angeles, CA",43152
29157470200,"Perryville, MO",43152
27111961500,"Parkers Prairie, MN",43151
22047953000,"White Castle, LA",43150
27113090500,"Thief River Falls, MN",43149
13297110602,"Covington, GA",43149
6053010202,"Watsonville, CA",43148
6073019303,"Vista, CA",43148
12031016728,"Southside, Jacksonville, FL",43147
39171950100,"Pioneer, OH",43147
13129970400,"Calhoun, GA",43146
6073006100,"MIddletown, San Diego, CA",43146
46079960200,"Madison, SD",43146
31125966100,"Fullerton, NE",43145
44007010400,"East Providence, RI",43145
47065011203,"Ooltewah, TN",43144
40143005300,"Tulsa, OK",43142
6025011801,"El Centro, CA",43142
36029009301,"Buffalo, NY",43142
40013796100,"Durant, OK",43141
51800075202,"Suffolk, VA",43141
48491020803,"Georgetown, TX",43140
13157010703,"Jefferson, GA",43140
39093094100,"LaGrange, OH",43139
6083002009,"Santa Maria, CA",43139
17009970400,"Mount Sterling, IL",43139
24005400800,"Catonsville, MD",43138
42127960300,"Waymart, PA",43138
51041100505,"Chester, VA",43137
25011041502,"Shelburne Falls, MA",43137
6059088001,"Garden Grove, CA",43136
48355003304,"South Side, Corpus Christi, TX",43136
22009030200,"Deville, LA",43135
19133960100,"Mapleton, IA",43135
12057011603,"Town N Country Alliance, Tampa, FL",43135
6085502001,"Burbank, San Jose, CA",43134
40009966500,"Erick, OK",43134
15003008915,"Mililani, HI",43134
15003008617,"Ewa, Ewa Beach, HI",43133
36087010701,"Haverstraw, NY",43133
41029002500,"Ashland, OR",43133
53063012801,"Spokane Valley, WA",43132
42035030900,"Loganton, PA",43132
36027150005,"Red Hook, NY",43132
36111950300,"Saugerties, NY",43131
36055015200,"Brockport, NY",43131
24033801209,"Clinton, MD",43130
36063024101,"Gasport, NY",43130
16049960200,"Grangeville, ID",43130
24031700830,"Germantown, MD",43129
28059040101,"Moss Point, MS",43128
42003488200,"West Mifflin, PA",43128
53005011504,"Kennewick, WA",43128
46019967700,"Belle Fourche, SD",43127
36047073800,"Kings County, NY",43126
26049010111,"Clio, MI",43126
27145000301,"St. Cloud, MN",43125
17177001100,"Freeport, IL",43124
51145500200,"Powhatan, VA",43124
6095251400,"Vallejo, CA",43124
6087122003,"Aptos, CA",43123
53003960200,"Clarkston, WA",43123
36111951300,"Lake Katrine, NY",43123
48453001834,"Pioneer Hill, Austin, TX",43122
41067031704,"Cooper Mountain - Aloha North, Beaverton, OR",43122
21117063604,"Independence, KY",43122
41047002800,"Salem, OR",43121
6071000812,"Rancho Cucamonga, CA",43121
48113013715,"Original Town, Carrollton, TX",43120
42001030300,"Aspers, PA",43119
6081610400,"Friendly Acres, Redwood City, CA",43118
47157020102,"Millington, TN",43117
26127010800,"Pentwater, MI",43117
27035950501,"Nisswa, MN",43117
36111952500,"Kingston, NY",43116
18109510701,"Martinsville, IN",43116
30093000400,"Butte, MT",43115
42037050200,"Millville, PA",43114
40109109003,"Harrah, OK",43114
42081011301,"Linden, PA",43114
12091020900,"Niceville, FL",43113
39143961300,"Fremont, OH",43113
48391950400,"Refugio, TX",43112
36081084000,"Queens County, NY",43112
12086008418,"Miami, FL",43111
12111382108,"Saint Lucie West, Port St. Lucie, FL",43111
36005027900,"Bronx County, NY",43111
34005701103,"Burlington, NJ",43111
36115082001,"Whitehall, NY",43111
26099258700,"Eastpointe, MI",43111
42085033000,"Grove City, PA",43111
9007542100,"Middletown, CT",43111
6037132502,"Reseda, Los Angeles, CA",43110
51177020105,"Fredericksburg, VA",43110
36103158704,"Coram, NY",43110
6037137502,"Woodland Hills, Los Angeles, CA",43110
48303001702,"Bowie, Lubbock, TX",43110
42081010900,"Montoursville, PA",43109
36081026300,"Queens County, NY",43109
34015501609,"Williamstown, Monroe Township, NJ",43108
42085031200,"Hermitage, PA",43107
26087330500,"Silverwood, MI",43106
25017350300,"Magoun Square, Somerville, MA",43106
37063002019,"Falconbridge, Chapel Hill, NC",43103
6067007415,"Sacramento, CA",43103
1101002600,"Montgomery, AL",43103
26163583500,"Taylor, MI",43103
17163503413,"Fairview Heights, IL",43102
17185957400,"Mount Carmel, IL",43102
49011125502,"Clearfield, UT",43102
6085504002,"East San Jose, San Jose, CA",43102
40143003900,"Mayo Meadow, Tulsa, OK",43101
41043020200,"Albany, OR",43101
53041971800,"Cinebar, WA",43101
53041970100,"Chehalis, WA",43101
53053072603,"Longbranch, WA",43101
6009000210,"Valley Springs, CA",43101
13139001002,"Gainesville, GA",43101
45035010807,"Summerville, SC",43100
4013617300,"Paradise Valley Village, Phoenix, AZ",43099
42117951000,"Liberty, PA",43098
26025002700,"Battle Creek, MI",43098
27035950400,"Breezy Point, MN",43097
48113017804,"Eastridge Park, Mesquite, TX",43097
4013216902,"South Scottsdale, Scottsdale, AZ",43097
6073017702,"Encinitas, CA",43096
42129804300,"Greensburg, PA",43096
36081012200,"Queens County, NY",43095
41009970800,"Saint Helens, OR",43095
55079009400,"Washington Heights, Milwaukee, WI",43093
53061041100,"View Ridge Madison, Everett, WA",43092
13057090601,"Canton, GA",43091
17149952700,"Pittsfield, IL",43091
6029000903,"Bakersfield, CA",43091
53033000200,"Lake City, Seattle, WA",43091
46099001101,"Sioux Falls, SD",43090
48329001400,"Belmont, Midland, TX",43090
34029736102,"West Tuckerton, Little Egg Harbor Township, NJ",43090
39021010200,"Saint Paris, OH",43090
48201454200,"Houston, TX",43089
23031034001,"Wells, ME",43089
31097967600,"Tecumseh, NE",43089
12011070322,"Weston, FL",43089
21179930400,"Bardstown, KY",43088
40109107500,"Southeast Oklahoma City, Oklahoma City, OK",43088
26125130300,"White Lake, White Lake charter Township, MI",43088
26155031301,"Byron, MI",43087
18145710400,"Shelbyville, IN",43087
30031000800,"Bozeman, MT",43086
41043030600,"Harrisburg, OR",43086
17031020500,"West Ridge, Chicago, IL",43086
6027000500,"Big Pine, CA",43085
6037575001,"Circle Area, Long Beach, CA",43085
42103950606,"Milford, PA",43085
51153900702,"Woodbridge, VA",43085
36055015101,"Hilton, NY",43085
53033011300,"Delridge, Seattle, WA",43084
26125144500,"Waterford Township, MI",43084
48201252302,"Sterling Green, Channelview, TX",43084
28033070811,"Olive Branch, MS",43083
51153901211,"Woodbridge, VA",43083
53067011622,"Lacey, WA",43082
16083000300,"Buhl, ID",43081
12057013205,"East County Civic Group, Valrico, FL",43081
36091060503,"Middle Grove, NY",43081
49035113803,"Kearns, UT",43081
51059451601,"Bailey's Crossroads, VA",43080
20177001604,"South/Southeast 1, Topeka, KS",43080
55127001502,"Lake Geneva, WI",43079
51013101603,"North Rosslyn, Arlington, VA",43079
53033005400,"Wallingford, Seattle, WA",43079
12009065236,"Florida Indian River, Grant-Valkaria, FL",43079
47037018901,"Caldwall, Nashville, TN",43078
26155031401,"Laingsburg, MI",43078
6037187300,"Silver Lake, Los Angeles, CA",43077
24005420303,"Dundalk, MD",43076
22053000200,"Iowa, LA",43076
8039961100,"Simla, CO",43076
26161404600,"Bryant Pattengill East, Ann Arbor, MI",43076
53033031100,"Auburn, WA",43075
53053072311,"University Place, WA",43075
6065031703,"Arlington South, Riverside, CA",43074
24510220100,"Baltimore, MD",43074
48367140200,"Weatherford, TX",43074
55017010100,"Eau Claire, WI",43074
51187020300,"Front Royal, VA",43072
6081610900,"Roosevelt, Redwood City, CA",43071
6073008360,"Mira Mesa, San Diego, CA",43071
39103403002,"Medina, OH",43071
44009051400,"Kingston, South Kingstown, RI",43070
45045002702,"Taylors, SC",43070
17017960300,"Beardstown, IL",43069
26099225701,"Shelby charter Township, MI",43069
42081011400,"Williamsport, PA",43069
34025811301,"Howell, NJ",43068
36055014505,"North Chili, NY",43068
53057940600,"Anacortes, WA",43068
29095013405,"Blue Ridge Farms, Kansas City, MO",43068
42077005902,"Allentown, PA",43068
22079013200,"Deville, LA",43067
42063960300,"Hillsdale, PA",43067
55105002700,"Beloit, WI",43067
6037183401,"Northeast Los Angeles, Los Angeles, CA",43067
49035113903,"Magna, UT",43066
51093280106,"Smithfield, VA",43066
19033951400,"Mason City, IA",43066
53073000902,"Samish Hill, Bellingham, WA",43065
6071002028,"Rancho Cucamonga, CA",43064
26017285400,"Bay City, MI",43063
26065005002,"Okemos, Meridian charter Township, MI",43062
13057090602,"Canton, GA",43062
12099004810,"Lake Worth, FL",43062
6073016616,"Santee, CA",43062
55025010100,"Madison, WI",43062
2020002823,"Rabbit Creek, Anchorage, AK",43061
20187964100,"Johnson City, KS",43061
21067002303,"Lexington, KY",43061
22061960100,"Dubach, LA",43060
55005000400,"Barron, WI",43060
24510120100,"Tuscany - Canterbury, Baltimore, MD",43060
55079090200,"Wauwatosa, WI",43059
6037702102,"Ocean Park, Santa Monica, CA",43058
55079000304,"Menomonee River Hills, Milwaukee, WI",43058
6067007904,"Fair Oaks, CA",43058
29095014004,"Oak Grove, MO",43058
22103040710,"Slidell, LA",43058
42027012400,"State College, PA",43057
18043071200,"Lanesville, IN",43056
6037551800,"Downey, CA",43056
46081966100,"Whitewood, SD",43055
9009125400,"Ansonia, CT",43054
53011041007,"West Hazel Dell, Vancouver, WA",43054
10003016301,"Bear, DE",43054
20169000800,"Salina, KS",43053
32003005504,"Boulder City, NV",43053
48249950200,"Alice, TX",43053
46053971100,"Gregory, SD",43053
48209010807,"Dripping Springs, TX",43052
22051020506,"Kenner, LA",43051
17067953900,"Dallas City, IL",43051
15003007100,"Hickam Field, Honolulu, HI",43050
16001000304,"Collister, Boise, ID",43050
4019004635,"Golf Villas Condominium, Tucson, AZ",43049
12099007838,"Royal Palm Beach, FL",43049
17125956400,"Topeka, IL",43048
29095012501,"Raytown, MO",43048
9001010600,"Greenwich, CT",43048
34021004501,"Princeton, NJ",43048
19153004001,"Des Moines, IA",43048
6067007432,"Antelope Oaks, Antelope, CA",43047
48439111513,"Arlington, TX",43047
39089754700,"Utica, OH",43047
48113018130,"Mesquite, TX",43047
25009260700,"Haverhill, MA",43046
48077030302,"Henrietta, TX",43046
32031001101,"Reno, NV",43045
41051002901,"Northeast Portland, Portland, OR",43045
48467950300,"Edgewood, TX",43045
6047000503,"Winton, CA",43044
6037480803,"Alhambra, CA",43044
42081011000,"Montoursville, PA",43044
17031200100,"Belmont Gardens, Chicago, IL",43042
22019001700,"Lake Charles, LA",43042
6107001800,"Visalia, CA",43042
41017001902,"Larkspur, Bend, OR",43042
47011011201,"Cleveland, TN",43042
15003003604,"Ala Moana, Honolulu, HI",43042
4013420202,"Mesa, AZ",43041
48113017807,"Casa Ridge Heights, Mesquite, TX",43040
26063950400,"Huron County, MI",43040
17031051200,"North Center, Chicago, IL",43040
33005970200,"Walpole, NH",43040
27173970400,"Wood Lake, MN",43039
6075022702,"Potrero Hill, San Francisco, CA",43039
50021962800,"Mendon, VT",43039
34005701201,"Burlington, NJ",43039
6037432300,"El Monte City, El Monte, CA",43039
12117021506,"Longwood, FL",43038
48491020508,"Austin, TX",43038
6107001901,"Visalia, CA",43037
17123961100,"Varna, IL",43036
39091003900,"Huntsville, OH",43035
51740213002,"Portsmouth, VA",43035
17031020601,"West Ridge, Chicago, IL",43035
47157009500,"Sea Isle Park, Memphis, TN",43035
51023040100,"Eagle Rock, VA",43034
4013619700,"Paradise Valley Village, Phoenix, AZ",43034
26015011400,"Hastings, MI",43034
26005030600,"Hopkins, MI",43034
4009961600,"Safford, AZ",43033
21067004105,"Lexington, KY",43033
37183050300,"Glenwood, Raleigh, NC",43033
34013014400,"Belleville, NJ",43033
6037403902,"Glendora, CA",43032
4013422631,"Mesa, AZ",43032
55127001602,"Lake Geneva, WI",43032
34017000300,"The Heights, Jersey City, NJ",43031
4013420206,"Mesa, AZ",43031
50021964000,"East Wallingford, Wallingford, VT",43030
36011041100,"Auburn, NY",43030
48027023201,"Fort Hood, TX",43029
26087342100,"Lapeer, MI",43029
16083000600,"Twin Falls, ID",43029
12105016001,"Fort Meade, FL",43028
27005450800,"Audubon, MN",43028
40027200100,"Larsh / Miller, Norman, OK",43027
48439113811,"Fort Worth, TX",43027
12001002205,"Haile Plantation, Gainesville, FL",43027
53053072312,"University Place, WA",43027
42021010100,"Johnstown, PA",43026
6037572700,"Lower Westside, Long Beach, CA",43026
21201970100,"Mount Olivet, KY",43025
41039004404,"Western, Eugene, OR",43024
17159978300,"Olney, IL",43024
53033004900,"Fremont, Seattle, WA",43024
42115032700,"Meshoppen, PA",43023
6075025402,"Bernal Heights, San Francisco, CA",43023
6075031302,"Ingleside Heights, San Francisco, CA",43023
53035090501,"Poulsbo, WA",43023
47103975400,"Fayetteville, TN",43023
39035174107,"North Olmsted, OH",43022
19153011111,"West Des Moines, IA",43022
19145490100,"Essex, IA",43022
17031832500,"Lincoln Park, Chicago, IL",43020
53073000805,"Bellingham, WA",43020
55141011100,"Wisconsin Rapids, WI",43017
33017080204,"Durham, NH",43017
42015951400,"Canton, PA",43016
6073017018,"Rancho Peñasquitos, San Diego, CA",43016
35013001205,"Las Cruces, NM",43015
39169002000,"Wooster, OH",43015
48439111301,"Mansfield, TX",43015
34005700103,"Palmyra, NJ",43015
20133952000,"Thayer, KS",43014
37067004103,"Winston-Salem, NC",43014
42103950701,"Dingmans Ferry, PA",43014
53077003001,"Tieton, WA",43013
29077001000,"Springfield, MO",43013
37081015902,"Oak Ridge, NC",43013
45003021203,"Aiken, SC",43013
36061003602,"Bowery, New York, NY",43012
18039002000,"Elkhart, IN",43012
44005040304,"Newport East, Middletown, RI",43012
36119006500,"New Rochelle, NY",43011
48439111404,"Southwest Arlington, Kennedale, TX",43010
39093013200,"Avon, OH",43010
29099701401,"De Soto, MO",43010
6111001002,"Ojai, CA",43009
42003432300,"Avalon, PA",43008
22057020100,"Thibodaux, LA",43007
6037501300,"Whittier, CA",43007
48177000600,"Smiley, TX",43006
39113090900,"Riverside, OH",43006
53067010910,"Tumwater, WA",43006
40123089598,"Ada, OK",43004
42129804801,"Greensburg, PA",43004
42013010900,"Hollidaysburg, PA",43004
39169001800,"Wooster, OH",43003
19163011100,"Davenport, IA",43002
39147963300,"Tiffin, OH",43002
42079212900,"Kingston, PA",43002
8059011723,"Foothills, Lakewood, CO",43001
12081002012,"Bradenton, FL",43001
25027716200,"Clinton, MA",43000
48201413202,"Braeswood Place, Houston, TX",43000
26055550101,"Holiday Hills, Traverse City, MI",43000
6065044104,"Banning, CA",43000
8005006200,"Englewood, CO",42999
36009960300,"West Valley, NY",42999
12057013917,"Riverview, FL",42999
36031961000,"Port Henry, NY",42998
29183311602,"O'Fallon, MO",42997
48039663900,"Clute, TX",42997
12073002206,"Duck Lake Point, Tallahassee, FL",42997
26003000300,"Munising, MI",42996
9001210702,"Danbury, CT",42996
55079180200,"Cudahy, WI",42995
48121021520,"The Colony, TX",42995
37135011202,"Chapel Hill, NC",42994
12086018600,"Miami, FL",42994
4013092307,"Glendale, AZ",42994
36007014301,"Vestal, NY",42993
30031000400,"Manhattan, MT",42993
6085503713,"Alexander, San Jose, CA",42993
42107001500,"Minersville, PA",42992
53033001702,"Greenwood, Seattle, WA",42992
6001433700,"San Lorenzo, CA",42992
15009030710,"Kihei, HI",42991
39149972100,"Sidney, OH",42991
48201540800,"Chimney Hill, Houston, TX",42991
42133023721,"Brogue, PA",42990
22105954200,"Hammond, LA",42990
26145012600,"Saint Charles, MI",42990
6065040809,"Corona, CA",42989
51013103300,"Arlington Views, Arlington, VA",42989
36047056300,"Kings County, NY",42989
48381020300,"Amarillo, TX",42988
17031560400,"South Side, Chicago, IL",42988
47037015617,"Priest Lake Park, Nashville, TN",42988
48299970400,"Horseshoe Bay, TX",42987
33013044100,"Concord, NH",42987
26155031402,"Laingsburg, MI",42987
6037135201,"West Hills, Los Angeles, CA",42986
10003013100,"Wilmington, DE",42986
21029021102,"Shepherdsville, KY",42986
13103030204,"Guyton, GA",42986
36111954200,"New Paltz, NY",42985
24033800507,"Bowie, MD",42985
12087971402,"Big Pine Key, FL",42985
37119005621,"Bradfield Farms, Charlotte, NC",42985
22037951502,"Ethel, LA",42985
6037211703,"Central LA, Los Angeles, CA",42983
24033800213,"Laurel, MD",42983
13067030313,"Marietta, GA",42982
6053013400,"Del Rey Oaks, CA",42981
6065044927,"Palm Desert, CA",42981
36091060902,"Schuylerville, NY",42981
6037115401,"Northridge, Los Angeles, CA",42981
22001961100,"Morse, LA",42980
17015960400,"Mount Carroll, IL",42980
18055955400,"Bloomfield, IN",42980
42003432400,"Pittsburgh, PA",42980
20173009603,"Wichita, KS",42979
26005030500,"Wayland, MI",42979
34017017400,"Union City, NJ",42978
37063002021,"Durham, NC",42978
36075021603,"Oswego, NY",42977
4013092309,"Glendale, AZ",42976
42079211201,"Dallas, PA",42976
18045957900,"Veedersburg, IN",42976
44007010501,"East Providence, RI",42976
48251130601,"Cleburne, TX",42975
4013320001,"South Tempe, Tempe, AZ",42975
26075005200,"Jackson, MI",42974
37183053716,"North Raleigh, Raleigh, NC",42974
51710003600,"Ghent, Norfolk, VA",42973
6097151201,"Cotati, CA",42973
48157675200,"Cambridge Village, Rosenberg, TX",42973
42127960900,"Waymart, PA",42973
6073019808,"Ocean Hills, Oceanside, CA",42973
36043011001,"Dolgeville, NY",42973
6083001402,"Montecito, CA",42972
18043070301,"New Albany, IN",42972
13153021103,"Stratford Hills, Bonaire, GA",42971
39007001102,"Jefferson, OH",42971
48135000600,"Odessa, TX",42970
6037139401,"Tarzana, Los Angeles, CA",42970
53007960500,"Cashmere, WA",42969
6059087002,"Southwest Anaheim, Anaheim, CA",42969
51043010300,"Bluemont, VA",42968
41067032604,"Hillsboro, OR",42968
34011010800,"Bridgeton, NJ",42967
12086019500,"Miami, FL",42967
9003514200,"Robertson, Manchester, CT",42966
36071010400,"Newburgh, NY",42966
36091061000,"Saratoga Springs, NY",42964
44007010300,"East Providence, RI",42964
9009170700,"Meriden, CT",42964
42025020900,"Palmerton, PA",42964
13067030103,"Kennesaw, GA",42964
6029006004,"Kern County, CA",42962
22105954102,"Hammond, LA",42962
6099003604,"Denair, CA",42962
53033031704,"Kent, WA",42962
53015001502,"Woodland, WA",42962
12086006702,"Brickell, Miami, FL",42961
1081041200,"Opelika, AL",42961
27153790700,"Osakis, MN",42960
18097330103,"Indianapolis, IN",42960
51059421701,"Alexandria, VA",42960
36075020302,"Pulaski, NY",42959
47119010100,"Santa Fe, TN",42959
25005641400,"Fall River, MA",42958
42003449000,"Crescent Township, PA",42958
18137968800,"Osgood, IN",42958
27129790100,"Buffalo Lake, MN",42958
6073002804,"College West, San Diego, CA",42957
42003521302,"Monroeville, PA",42957
6073021400,"Midway District, San Diego, CA",42956
4003001703,"Sierra Vista, AZ",42956
37001021801,"Burlington, NC",42956
6037910603,"Palmdale, CA",42955
12103024001,"Snell Isle, Saint Petersburg, FL",42955
48055960600,"Luling, TX",42955
6037408631,"La Puente, CA",42955
39037560100,"New Madison, OH",42953
41017001100,"Boyd Acres, Bend, OR",42953
6073014805,"La Mesa, CA",42953
6029005700,"Edwards, Edwards Air Force Base, CA",42953
12071050308,"Bonita Springs, FL",42953
55123960200,"La Farge, WI",42952
2122000400,"Sterling, AK",42952
6071002034,"Rancho Cucamonga, CA",42951
19111490600,"Keokuk, IA",42951
48145000700,"Lott, TX",42951
48201232401,"Houston, TX",42951
24013512000,"Union Bridge, MD",42951
1097006404,"Mobile, AL",42951
36081046100,"Queens County, NY",42950
18099020701,"Plymouth, IN",42950
39155931602,"Hubbard, OH",42949
24005420701,"Dundalk, MD",42948
45045003009,"Simpsonville, SC",42948
27137001000,"Chester Park, Duluth, MN",42948
42015950900,"Wysox, PA",42947
36103110902,"Huntington, NY",42947
15001020702,"Hilo, HI",42946
48201420200,"Southwest Houston, Houston, TX",42946
12021010905,"City of Marco, Marco Island, FL",42946
17159977900,"Olney, IL",42946
12095017012,"Orlando, FL",42945
6073008512,"Clairemont, San Diego, CA",42945
45003020601,"North Augusta, SC",42945
39035174206,"North Olmsted, OH",42945
6059099801,"Westminster, CA",42945
48277000200,"Paris, TX",42944
6067008912,"Rancho Cordova, CA",42944
42003270800,"Brighton Heights, Pittsburgh, PA",42944
41047002202,"Salem, OR",42944
32019960103,"Fernley, NV",42943
26055551000,"Traverse City, MI",42942
18109510300,"Mooresville, IN",42942
26155031900,"Durand, MI",42941
6085501102,"Central San Jose, San Jose, CA",42940
36029004601,"University, Buffalo, NY",42940
25027703200,"Athol, MA",42940
48113018600,"Garland, TX",42939
48121020403,"Denton, TX",42938
6107002100,"Tulare, CA",42938
5045030104,"Greenbrier, AR",42937
55105000700,"Janesville, WI",42937
21067003906,"Andover Forest, Lexington, KY",42936
8041005501,"Colorado Springs, CO",42936
24017850902,"Waldorf, MD",42936
19163011700,"Davenport, IA",42935
12099003600,"Southside, West Palm Beach, FL",42933
4027011112,"Foothills, Yuma, AZ",42933
31153010305,"Bellevue, NE",42933
6083003004,"Goleta, CA",42933
48491020328,"Cedar Park, TX",42933
49035114500,"West Valley City, UT",42932
47165021009,"Hendersonville, TN",42931
37067003905,"Winston-Salem, NC",42931
31053963900,"Fremont, NE",42931
6059075806,"Orange, CA",42931
36081009400,"Queens County, NY",42931
36067010600,"Syracuse, NY",42930
13135050609,"Buford, GA",42928
17097864002,"Mundelein, IL",42928
36103146204,"Brentwood, NY",42928
40131050203,"Claremore, OK",42927
18039001902,"Elkhart, IN",42926
6019008000,"Coalinga, CA",42926
36005033000,"Bronx County, NY",42926
53061053803,"Gold Bar, WA",42926
6037551502,"Downey, CA",42925
40131050502,"Inola, OK",42924
10005051701,"Laurel, DE",42924
51013102500,"Penrose, Arlington, VA",42924
34029731102,"Bayville, Berkeley Township, NJ",42924
4013811100,"Chandler, AZ",42923
32003003310,"Las Vegas, NV",42922
19153004603,"Greater South Side, Des Moines, IA",42922
17043846509,"Aurora, IL",42922
39041010422,"Delaware, OH",42921
49035113538,"West Valley City, UT",42921
51069050300,"Cross Junction, VA",42920
45085000902,"Sumter, SC",42920
53011040201,"La Center, WA",42919
39023002800,"New Carlisle, OH",42919
51003011201,"Batesville Insert, Charlottesville, VA",42918
53029971000,"Oak Harbor, WA",42918
39017010901,"Hamilton, OH",42917
26155030200,"Owosso, MI",42917
6087120200,"Santa Cruz, CA",42917
53005010809,"Kennewick, WA",42916
26081000500,"Creston, Grand Rapids, MI",42916
6037901101,"Quartz Hill, CA",42916
42079214900,"Ashley, PA",42916
36029001000,"Cazenovia Park, Buffalo, NY",42915
49035112700,"Sandy, UT",42915
50007002101,"Chittenden County, VT",42915
26115831300,"Monroe, MI",42915
12081001402,"Palmetto, FL",42914
48217961100,"Hillsboro, TX",42913
36071011200,"Middletown, NY",42912
53033001701,"Greenwood, Seattle, WA",42912
42097080200,"Watsontown, PA",42912
41067030600,"Metzger, Portland, OR",42912
29189210925,"Florissant, MO",42912
37179020307,"Monroe, NC",42912
20015020201,"El Dorado, KS",42910
8059011730,"Bear Creek, Lakewood, CO",42909
6013336201,"Monument Corridor, Concord, CA",42908
29115490500,"Marceline, MO",42907
40149965100,"New Cordell, OK",42905
36105952100,"Callicoon, NY",42905
4013616800,"Deer Valley, Phoenix, AZ",42903
36047067800,"Kings County, NY",42903
19147960200,"Emmetsburg, IA",42903
48039662300,"Angleton, TX",42903
36021000800,"Spencertown, NY",42902
39063000300,"Findlay, OH",42902
36007012000,"Lisle, NY",42901
47021070402,"Kingston Springs, TN",42901
12086000708,"Hialeah, FL",42901
22019002400,"DeQuincy, LA",42899
17031814500,"Cicero, IL",42899
36067012000,"Jordan, NY",42899
27109001401,"Rochester, MN",42898
41059951400,"Pilot Rock, OR",42898
1073014203,"Bessemer, AL",42897
42021011100,"Johnstown, PA",42897
15003010100,"Koolauloa, Kahuku, HI",42896
39099812603,"Youngstown, OH",42895
6101050601,"Yuba City, CA",42894
54073962200,"Saint Marys, WV",42894
6065043291,"Murrieta, CA",42894
39059977700,"Cambridge, OH",42894
51063920102,"Floyd, VA",42893
48201451901,"George Bush Park/Eldridge, Houston, TX",42893
12081001910,"Parrish, FL",42892
37081016505,"Greensboro, NC",42890
47105060301,"Lenoir City, TN",42890
26099262500,"Warren, MI",42889
40027202002,"South Oklahoma City, Moore, OK",42889
21183920700,"Centertown, KY",42889
42101004001,"Lower Moyamensing, Philadelphia, PA",42889
48121021636,"Far North Dallas, Dallas, TX",42888
42051260700,"Connellsville, PA",42888
48453001786,"Arrowwood, Austin, TX",42888
6081610602,"Fair Oaks, Menlo Park, CA",42888
51041100919,"Midlothian, VA",42888
37081016502,"Sedgefield, Greensboro, NC",42887
26145011902,"Saginaw, MI",42887
37037020702,"New Hill, NC",42885
34029737000,"Tuckerton, NJ",42885
36081026901,"Queens County, NY",42884
18003010602,"Fort Wayne, IN",42884
6073000700,"Hillcrest, San Diego, CA",42884
24005490900,"Towson, MD",42884
47167040302,"Blaydes Estates, Atoka, TN",42883
49007000200,"Price, UT",42883
36115091000,"Cambridge, NY",42883
48029181506,"Northwest Side, San Antonio, TX",42882
48201531600,"Northside, Houston, TX",42882
53033001800,"Licton Springs, Seattle, WA",42881
16055000100,"Spirit Lake, ID",42879
6073013702,"Spring Valley, CA",42879
6037901209,"Lancaster, CA",42879
17201003000,"Rockford, IL",42877
36121970800,"Silver Springs, NY",42876
1103005101,"Decatur, AL",42876
15003002401,"McCully - Moiliili, Honolulu, HI",42876
50023955000,"East Montpelier, VT",42876
6073012900,"Chula Vista, CA",42875
18023950200,"Frankfort, IN",42875
25025051101,"East Boston, Boston, MA",42875
6071010023,"Hesperia, CA",42874
13219030200,"Watkinsville, GA",42874
6031001200,"Hanford, CA",42874
35043010715,"Rio Rancho, NM",42874
8077001702,"Palisade, CO",42873
8123001405,"Evans, CO",42873
51660000301,"Harrisonburg, VA",42873
39153531602,"New Franklin, OH",42872
2020002812,"Huffman / O' Malley, Anchorage, AK",42871
41059950500,"Pendleton, OR",42871
6001425102,"Emeryville, CA",42870
55111001001,"Reedsburg, WI",42870
26121003800,"Montague, MI",42869
12095014807,"Orlando, FL",42869
36029012800,"Buffalo, NY",42869
21059000600,"Owensboro, KY",42869
26163591501,"Brownstown Charter Township, MI",42868
53035940100,"Suquamish, WA",42868
41051010100,"North Central, Gresham, OR",42868
47111970200,"Lafayette, TN",42868
25023530200,"Plymouth, MA",42867
39029952400,"East Liverpool, OH",42867
42025020102,"Nesquehoning, PA",42867
12011060210,"Sunrise, FL",42866
12057012106,"Hickory Hill, Seffner, FL",42866
6001437500,"Harder - Tennyson, Hayward, CA",42865
40137000200,"Duncan, OK",42865
18027954900,"Washington, IN",42864
26063951100,"Bad Axe, MI",42864
48361020700,"Orange, TX",42864
44005040400,"Newport East, Middletown, RI",42863
6059086802,"Northwest Anaheim, Anaheim, CA",42863
8001009407,"Westminster, CO",42863
12031014203,"Beaches, Jacksonville Beach, FL",42863
48201413300,"Southwest Houston, Houston, TX",42862
15003002900,"Mānoa, Honolulu, HI",42862
6073010800,"Coronado, CA",42861
6095251901,"Vallejo, CA",42861
17097861301,"Round Lake Beach, IL",42861
8031004003,"South, Denver, CO",42860
48257050203,"Forney, TX",42859
31079000400,"Grand Island, NE",42859
26077006103,"Vicksburg, MI",42858
6059062649,"Laguna Woods, CA",42858
27053025100,"East Bloomington, Bloomington, MN",42857
20091050100,"Roeland Park, KS",42857
13077170303,"Newnan, GA",42857
6065042715,"Lake Elsinore, CA",42857
48097000600,"Gainesville, TX",42856
53057951400,"Sedro-Woolley, WA",42856
48113014306,"Irving, TX",42855
35001004727,"Taylor Ranch, Albuquerque, NM",42855
48453001860,"Windermere Phase B, Pflugerville, TX",42854
48121021732,"Lewisville, TX",42854
48029181713,"Far West Side, San Antonio, TX",42854
24017851200,"Newburg, MD",42854
6079012503,"Atascadero, CA",42854
46091950800,"Britton, SD",42854
27043460600,"Wells, MN",42853
26163577400,"Lincoln Park, MI",42852
25017311300,"Highlands, Lowell, MA",42852
45051051604,"Murrells Inlet, SC",42852
48201540602,"Yorktown Colony, Houston, TX",42851
26099250200,"Saint Clair Shores, MI",42851
39051040400,"Delta, OH",42850
17119401400,"Alton, IL",42850
31055006400,"Benson, Omaha, NE",42849
45035010505,"Summerville, SC",42849
39035160601,"Lakewood, OH",42848
13135050311,"Norcross, GA",42846
55117000900,"Sheboygan, WI",42846
12101032013,"Lutz, FL",42846
29003010100,"Country Club, MO",42845
39169003500,"Wadsworth, OH",42845
8059015800,"Applewood, Lakewood, CO",42845
6037103200,"Sunland-Tujunga, Los Angeles, CA",42844
39113100102,"Dayton, OH",42844
48453000500,"North University, Austin, TX",42843
53005010202,"Richland, WA",42843
51760070400,"Stratford Hills, Richmond, VA",42843
46085972600,"Kennebec, SD",42841
40143005401,"Collinsville, OK",42841
18017951900,"Galveston, IN",42841
6065043809,"Cherry Valley, CA",42841
39113120102,"Dayton, OH",42841
25005613400,"Taunton, MA",42840
26077003302,"Scotts, MI",42840
4013616200,"Deer Valley, Glendale, AZ",42840
40039960400,"Clinton, OK",42839
9003405600,"Bristol, CT",42839
55133202302,"Avondale, Waukesha, WI",42839
20151968600,"Pratt, KS",42839
22049970300,"Jonesboro, LA",42838
42091201603,"Willow Grove, PA",42838
19123950500,"Oskaloosa, IA",42838
6067008007,"Fair Oaks, CA",42838
24001001502,"Ellerslie, MD",42837
12103027206,"Westlake Village, Palm Harbor, FL",42837
6075025300,"Bernal Heights, San Francisco, CA",42837
6095250200,"Vallejo, CA",42837
34015501001,"Woodbury, NJ",42836
29077005002,"Willard, MO",42836
4013420902,"Mesa, AZ",42836
26125145200,"Waterford Township, MI",42836
18109510600,"Martinsville, IN",42835
27053109900,"Kingfield, Minneapolis, MN",42835
18151971200,"Angola, IN",42835
20039951200,"Oberlin, KS",42834
39045031500,"Lancaster, OH",42834
31167962200,"Stanton, NE",42834
30111001902,"Laurel, MT",42834
44005041701,"Tiverton, RI",42834
31109002701,"Lincoln, NE",42834
12011020317,"Shadow Wood, Coral Springs, FL",42832
42079212000,"Wilkes-Barre, PA",42832
17191955300,"Wayne City, IL",42830
6037406200,"Covina, CA",42830
17097860600,"Beach Park, IL",42830
17031140601,"Albany Park, Chicago, IL",42830
25017352900,"Mid-Cambridge, Cambridge, MA",42830
18001030200,"Decatur, IN",42830
48139061300,"Ennis, TX",42829
44009051101,"Charlestown, RI",42829
54029020600,"Weirton, WV",42829
54061010800,"Morgantown, WV",42829
34025800100,"Highlands, NJ",42828
42081010500,"Williamsport, PA",42828
22087030400,"Arabi, LA",42828
41051006602,"Southwest Portland, Portland, OR",42827
41041951200,"South Beach, Newport, OR",42825
25005640600,"Fall River, MA",42825
53057951800,"Burlington, WA",42825
42081010800,"Muncy, PA",42824
26163578000,"Lincoln Park, MI",42824
39063001200,"Arlington, OH",42824
16051960400,"Rigby, ID",42824
12099003509,"Palm Beach, FL",42823
39099811800,"Youngstown, OH",42823
54079020605,"Hurricane, WV",42822
47003950700,"Wartrace, TN",42822
48201350801,"Forest Bend, Friendswood, TX",42821
8041006600,"Pleasant Valley, Colorado Springs, CO",42821
36065020705,"Utica, NY",42821
49049003105,"Springville, UT",42820
17031810701,"Elmwood Park, IL",42820
48099010102,"Gatesville, TX",42820
25009204200,"Salem, MA",42820
51161030203,"Hollins, VA",42820
49049003106,"Springville, UT",42819
39147963400,"Tiffin, OH",42819
15003011105,"Kailua, HI",42818
42051262200,"Uniontown, PA",42818
12071050313,"Estero, FL",42816
39035187104,"University Heights, OH",42816
25005617102,"East Freetown, Freetown, MA",42816
12115000501,"Hudson Bayou, Sarasota, FL",42816
50011010800,"Saint Albans City, VT",42816
36081040200,"Queens County, NY",42816
18091041500,"Michigan City, IN",42815
37183054204,"Wake Forest, NC",42815
17113002101,"Bloomington, IL",42815
6053012600,"Monterey, CA",42815
5119003713,"Sherwood, AR",42814
42049011400,"Erie, PA",42814
17163503100,"Dupo, IL",42814
4013616600,"Deer Valley, Phoenix, AZ",42814
51143011300,"Danville, VA",42813
48029172006,"San Antonio, TX",42813
54035963500,"Evans, WV",42812
18171951000,"Attica, IN",42812
5145070700,"Searcy, AR",42812
6061023600,"Lincoln, CA",42812
29021002700,"Easton, MO",42811
51179010206,"Stafford, VA",42811
28033070821,"Olive Branch, MS",42811
24003750900,"Glen Burnie, MD",42811
20013480600,"Hiawatha, KS",42810
40117957100,"Cleveland, OK",42810
6097153806,"Windsor, CA",42810
8001008507,"Northglenn, CO",42810
42111020700,"Somerset, PA",42810
26139025100,"Zeeland, MI",42810
13121001500,"Virginia Highland, Atlanta, GA",42810
13077170404,"Thomas Crossroads, Newnan, GA",42809
37097061404,"Mooresville, NC",42808
48147950300,"Savoy, TX",42808
18089042503,"Merrillville, IN",42807
6037132101,"Van Nuys, Los Angeles, CA",42806
23001040000,"Durham, ME",42806
8069002402,"Bellvue, CO",42806
55025002800,"Madison, WI",42806
6037310900,"Burbank, CA",42804
18105001305,"Bloomington, IN",42804
27005450100,"Osage, MN",42803
6037186203,"Northeast Los Angeles, Los Angeles, CA",42803
48041002012,"College Station, TX",42803
42065950300,"Reynoldsville, PA",42803
6037603101,"Gardena, CA",42803
39021011501,"West Liberty, OH",42803
53033029003,"Des Moines, WA",42802
36009960100,"Freedom, NY",42801
1059973500,"Red Bay, AL",42800
18179040400,"Bluffton, IN",42800
12086018300,"Miami, FL",42800
39093028100,"Sheffield, OH",42798
48135002801,"Odessa, TX",42798
48027021301,"Temple, TX",42798
55005000800,"Cameron, WI",42798
12071080202,"Sanibel, FL",42797
18085961500,"Leesburg, IN",42797
29095012200,"Independence, MO",42796
17031080300,"Old Town, Chicago, IL",42796
35013001703,"Anthony, NM",42796
42051261500,"Uniontown, PA",42795
25015822200,"Northampton, MA",42794
6067008130,"Larchmont Foothills, Sacramento, CA",42794
19153000202,"Fairmont Park, Des Moines, IA",42794
45079011418,"Columbia, SC",42793
37001020701,"Burlington, NC",42793
42007605600,"Rochester, PA",42792
6077004203,"Lodi, CA",42791
26161400400,"Burns Park, Ann Arbor, MI",42790
48201522401,"Spring Branch West, Houston, TX",42790
12101032007,"Land O Lakes, Land O' Lakes, FL",42790
6055200201,"Napa, CA",42790
6047000702,"Atwater, CA",42790
15009031405,"Lahaina, HI",42790
6053014700,"Castroville, CA",42789
26163569300,"Garden City, MI",42789
6097151700,"Santa Rosa, CA",42789
37179020100,"Marshville, NC",42789
51840000202,"Winchester, VA",42788
26159011002,"Lawton, MI",42788
6075025200,"Bernal Heights, San Francisco, CA",42787
41051009400,"Northeast Portland, Portland, OR",42787
22103040502,"Covington, LA",42786
42069110403,"Lackawanna County, PA",42786
53011041319,"First Place, Vancouver, WA",42786
4013616700,"Deer Valley, Phoenix, AZ",42785
29189211101,"Florissant, MO",42785
35001003712,"Heritage Hills, Albuquerque, NM",42785
4021001704,"Maricopa, AZ",42785
42103950302,"Paupack, PA",42784
12095014100,"Belle Isle, FL",42784
53033007100,"Lower Queen Anne, Seattle, WA",42783
46081966200,"Spearfish, SD",42783
42109070400,"Middleburg, PA",42783
6099002902,"Hughson, CA",42782
51013101701,"Radnor - Fort Myer Heights, Arlington, VA",42782
41051000901,"Southeast Portland, Portland, OR",42782
4013420110,"Mesa, AZ",42782
42043025000,"Lykens, PA",42782
40143003600,"Cherry Street, Tulsa, OK",42781
26087336000,"Lapeer, MI",42781
6077005113,"Manteca, CA",42781
12099000703,"North Palm Beach, FL",42780
9009352500,"Waterbury, CT",42780
37101040400,"Princeton, NC",42780
39029950200,"Columbiana, OH",42778
48239950300,"Edna, TX",42777
42101018001,"North Philadelphia, Philadelphia, PA",42776
45045001400,"Greenville, SC",42776
13135050531,"Lawrenceville, GA",42776
21009950700,"Glasgow, KY",42776
25027757100,"Southbridge, MA",42775
27145000801,"St. Cloud, MN",42775
39077916300,"Willard, OH",42774
6037186302,"Glassell Park, Los Angeles, CA",42774
27151960200,"Benson, MN",42772
39153531405,"Akron, OH",42771
27005450200,"Frazee, MN",42770
48251130304,"Keene, TX",42770
37183053111,"Chari Heights, Apex, NC",42769
39049007199,"Strawberry Farms, Columbus, OH",42769
6111004717,"Lemonwood Eastmont, Oxnard, CA",42768
19189680200,"Buffalo Center, IA",42768
36027221001,"Poughkeepsie, NY",42768
31157953100,"Morrill, NE",42768
39039958400,"Sherwood, OH",42767
48113015306,"Irving, TX",42766
12117021318,"Oviedo, FL",42766
13117130406,"Cumming, GA",42765
18003011100,"New Haven, IN",42765
30017961800,"Miles City, MT",42763
26005030702,"Allegan, MI",42763
36047005100,"Kings County, NY",42763
53057951000,"Sedro-Woolley, WA",42762
6067003400,"Southwestern Sacramento, Sacramento, CA",42762
53057951100,"Concrete, WA",42762
29189210921,"Florissant, MO",42761
25027709202,"Leominster, MA",42761
45051060303,"North Myrtle Beach, SC",42761
37119001916,"Becton Park, Charlotte, NC",42760
37179020310,"Indian Trail, NC",42760
36107020300,"Owego, NY",42759
18109511000,"Martinsville, IN",42759
51161030702,"Cave Spring, VA",42759
6067004010,"Pocket, Sacramento, CA",42759
32003005502,"Boulder City, NV",42758
34029728000,"Seaside Park, NJ",42757
36007012900,"Johnson City, NY",42757
9001210400,"Danbury, CT",42757
18181958500,"Monticello, IN",42757
27137000200,"Lakeside/Lester Park, Duluth, MN",42755
32003005322,"Southfork, Henderson, NV",42755
6071000113,"Los Serranos, Chino Hills, CA",42755
55019950700,"Neillsville, WI",42754
32003001006,"Rancho Oakey, Las Vegas, NV",42753
25017352102,"East Cambridge, Cambridge, MA",42753
6065045121,"La Quinta, CA",42753
53019970100,"Republic, WA",42753
32003003414,"Northwest Area, Las Vegas, NV",42753
48481740600,"Boling-Iago, TX",42752
39109340100,"West Milton, OH",42751
21177960500,"Greenville, KY",42751
6073008505,"Clairemont, San Diego, CA",42751
20021958200,"Columbus, KS",42751
53035080700,"Bremerton, WA",42750
36099950200,"Seneca Falls, NY",42750
41043030700,"Albany, OR",42750
48113019014,"Garland, TX",42749
6065043264,"Paloma Del Sol, Temecula, CA",42749
36007001600,"Binghamton, NY",42749
6067009503,"Galt, CA",42748
4009961700,"Safford, AZ",42748
1003011300,"Fairhope, AL",42748
39089751600,"Newark, OH",42747
48437950400,"Kress, TX",42747
41051005600,"Downtown, Portland, OR",42746
12071001706,"Fort Myers, FL",42746
40137000101,"Duncan, OK",42746
41051000200,"Sellwood - Moreland, Portland, OR",42746
24025306300,"Havre de Grace, MD",42745
42065950200,"Brockway, PA",42745
22109000800,"Houma, LA",42744
25003933200,"Monterey, MA",42744
6065031704,"Presidential Park, Riverside, CA",42744
41049970100,"Boardman, OR",42744
39167021500,"Marietta, OH",42743
31029961900,"Imperial, NE",42743
33009961700,"Lebanon, NH",42743
36061023801,"Roosevelt Island, New York, NY",42743
6037101220,"Tujunga, Los Angeles, CA",42743
26077001701,"South Westnedge, Kalamazoo, MI",42742
12001002208,"Gainesville, FL",42742
39035137103,"Brooklyn, OH",42741
47165020209,"Portland, TN",42739
26081014804,"Crystal Springs, Caledonia, MI",42739
17095000500,"Galesburg, IL",42739
36119005901,"New Rochelle, NY",42739
27047180700,"Albert Lea, MN",42737
36063022200,"Niagara Falls, NY",42737
18039000301,"Goshen, IN",42737
16001002222,"Southwest Ada County Alliance, Boise, ID",42736
41065970700,"The Dalles, OR",42734
34009021300,"North Wildwood, NJ",42734
30075000100,"Broadus, MT",42734
29099700107,"Imperial, MO",42734
9003496100,"West Hartford, CT",42734
53053070204,"Sumner, WA",42733
21117063606,"Independence, KY",42733
26091062400,"Tecumseh, MI",42733
31081969300,"Aurora, NE",42733
48135002802,"Westover Acres, Odessa, TX",42732
49035112402,"Midvale, UT",42732
6037401902,"Claremont, CA",42731
6075021000,"Mission District, San Francisco, CA",42731
6037302002,"Downtown, Glendale, CA",42730
42125751200,"Washington, PA",42730
53011040707,"North Sifton - Orchards Area, Vancouver, WA",42730
8069001301,"Laporte, CO",42729
6083002008,"Orcutt, CA",42728
30031000702,"Bozeman, MT",42728
40109108007,"Ridgecrest, Midwest City, OK",42728
39153520400,"Cuyahoga Falls, OH",42726
32003003408,"Las Vegas, NV",42726
18131959200,"Francesville, IN",42724
26163572100,"Dearborn Heights, MI",42723
21155970500,"Raywick, KY",42723
48241950800,"Buna, TX",42723
42081010300,"Jersey Shore, PA",42722
27053020400,"Brooklyn Center, MN",42721
17115002601,"Decatur, IL",42719
23019030000,"Millinocket, ME",42719
36061003200,"Lower Manhattan, New York, NY",42719
18097320303,"Washington Township, Indianapolis, IN",42717
48183010301,"Longview, TX",42717
42081010100,"Trout Run, PA",42717
24021750504,"Taskers Chance, Frederick, MD",42716
12117021203,"Oviedo, FL",42716
19123950600,"Oskaloosa, IA",42715
12101031605,"Lutz, FL",42715
54039012800,"Charleston, WV",42714
34017005600,"Greenville, Jersey City, NJ",42714
25003914100,"Lee, Lee, MA",42713
36011040200,"Cato, NY",42712
17201000402,"Rockford, IL",42711
26025003800,"Marshall, MI",42711
1107050000,"Gordo, AL",42711
4013105701,"North Mountain Village, Phoenix, AZ",42710
17031151002,"Cragin, Chicago, IL",42710
32019960101,"Fernley, NV",42710
6095252610,"Fairfield, CA",42709
23005017102,"Harpswell, ME",42709
48483950100,"Wheeler, TX",42708
27097780100,"Motley, MN",42708
21185030302,"La Grange, KY",42707
25023511702,"Brockton, MA",42707
41059951100,"Hermiston, OR",42706
37183054208,"Wake Forest, NC",42706
12127080100,"Ormond Beach, FL",42705
8123001201,"Greeley, CO",42704
6037702802,"McLaughlin, Los Angeles, CA",42704
8031003004,"South, Denver, CO",42704
48113017303,"El Tierra Estates, Mesquite, TX",42704
18085962600,"Warsaw, IN",42703
8031004801,"Southwest, Denver, CO",42703
36067005000,"Southside, Syracuse, NY",42703
6053011000,"Carmel Valley, CA",42703
6071002036,"Rancho Cucamonga, CA",42703
26081012902,"Kelloggsville, Kentwood, MI",42703
42079211203,"Dallas, PA",42702
48295950200,"Booker, TX",42702
36029001100,"Seneca, Buffalo, NY",42702
6037106649,"Sylmar, Los Angeles, CA",42701
48241950500,"Kirbyville, TX",42701
12031016726,"Southside, Jacksonville, FL",42701
12091021002,"Niceville, FL",42701
12127082904,"New Smyrna Beach, FL",42701
42125783300,"Charleroi, PA",42700
18097320400,"Eastwood, Indianapolis, IN",42700
9009165700,"Hamden, CT",42699
48439111553,"West Arlington, Arlington, TX",42698
31043010200,"South Sioux City, NE",42698
6073012800,"Chula Vista, CA",42697
48029121802,"Uptown, San Antonio, TX",42697
6037111301,"Granada Hills, Los Angeles, CA",42697
12061050605,"Vero Beach, FL",42697
55137960100,"Pine River, WI",42696
4013040527,"Bell West Ranch, Surprise, AZ",42696
35001000125,"Embudo Canyon, Albuquerque, NM",42696
42119090502,"Lewisburg, PA",42696
51059482201,"Reston, VA",42695
13135050607,"Dacula, GA",42695
48141001109,"Bandolero - Tarascas, El Paso, TX",42694
46009967700,"Springfield, SD",42694
4021000206,"San Tan Valley, AZ",42693
51710000902,"Norfolk, VA",42692
26025001600,"Battle Creek, MI",42692
27137015200,"Virginia, MN",42692
34003054100,"Teaneck, NJ",42692
18017951700,"Walton, IN",42692
4013610500,"Phoenix, AZ",42691
6037621400,"South Redondo, Redondo Beach, CA",42691
37167930900,"Oakboro, NC",42691
44007015700,"Pawtucket, RI",42690
17001001002,"Quincy, IL",42689
6037408630,"La Puente, CA",42688
42129803600,"Jeannette, PA",42688
22119032000,"Minden, LA",42687
36067010200,"Brewerton, NY",42687
54061010202,"Morgantown, WV",42687
18105001001,"Bloomington, IN",42686
6059099802,"Westminster, CA",42685
44003021901,"Warwick, RI",42685
5029950400,"Morrilton, AR",42685
17179020700,"Pekin, IL",42685
55059002000,"Pleasant Prairie, WI",42684
5055480801,"Paragould, AR",42683
6037461400,"Pasadena, CA",42683
6065043009,"Lake Elsinore, CA",42682
15001021704,"Waikoloa Village, HI",42682
32003005355,"MacDonald Ranch, Henderson, NV",42682
13151070203,"McDonough, GA",42682
48167723800,"Hitchcock, TX",42682
26099261700,"Warren Woods, Warren, MI",42680
36047100600,"Kings County, NY",42680
48113013727,"Addison, TX",42680
54049021000,"Fairmont, WV",42679
13021012000,"Macon, GA",42679
48177000200,"Gonzales, TX",42679
51005080302,"Covington, VA",42678
42049010301,"McKean, PA",42677
6081610800,"Palm Park, Redwood City, CA",42676
1077011102,"Florence, AL",42676
48491021203,"Taylor, TX",42676
27123036900,"West Seventh, Saint Paul, MN",42675
34017002000,"Journal Square, Jersey City, NJ",42674
41039000800,"Eugene, OR",42674
55025000407,"Greentree, Madison, WI",42674
39013011200,"Bellaire, OH",42673
36103145605,"Brentwood, NY",42673
6047002500,"Merced, CA",42673
51510200106,"Alexandria West, Alexandria, VA",42671
6037901102,"Lancaster, CA",42671
29189210924,"Florissant, MO",42670
6037201601,"Northeast Los Angeles, Los Angeles, CA",42670
4013103502,"Paradise Valley Village, Phoenix, AZ",42670
4005001301,"Flagstaff, AZ",42669
39113021700,"Dayton, OH",42669
24015030503,"Elkton, MD",42669
12117021503,"Longwood, FL",42669
12003040101,"Macclenny, FL",42668
1081040604,"Auburn, AL",42668
17031570100,"Archer Heights, Chicago, IL",42667
55079170700,"South Milwaukee, WI",42667
39007001002,"Geneva, OH",42666
6037271701,"Palms, Los Angeles, CA",42666
36111954400,"Pine Bush, NY",42665
36081005700,"Queens County, NY",42665
51187020100,"Linden, VA",42665
13051000900,"Historic District - South, Savannah, GA",42665
53033026001,"Seattle, WA",42665
8031002803,"Central, Denver, CO",42664
45045002506,"Greer, SC",42664
26037010201,"Lansing, MI",42663
53061052803,"Marysville, WA",42661
53033026002,"Seattle, WA",42661
20005081700,"Atchison, KS",42660
36023970400,"Cortland, NY",42660
39069000500,"McClure, OH",42660
12019030702,"Fleming Island, FL",42660
23001010800,"Auburn, ME",42659
6113011400,"Woodland, CA",42658
55085971100,"Tomahawk, WI",42658
41067031609,"Beaverton, OR",42657
48313000200,"Madisonville, TX",42657
39095006100,"DeVeaux, Toledo, OH",42656
53053071406,"Tacoma, WA",42656
15003001201,"Palolo, Honolulu, HI",42655
26155030100,"Corunna, MI",42655
41047002000,"South Gateway, Salem, OR",42654
36045061600,"Dexter, NY",42654
17031140302,"Albany Park, Chicago, IL",42654
6037463400,"Pasadena, CA",42653
6037480903,"Alhambra, CA",42652
17051951100,"Saint Peter, IL",42652
22085000100,"Converse, LA",42651
48113014129,"Valley Ranch, Irving, TX",42650
40119011302,"Cushing, OK",42650
20021958400,"Riverton, KS",42650
51031020401,"Lynchburg, VA",42649
32003002824,"Las Vegas, NV",42648
6079010504,"Cayucos, CA",42648
13089021806,"Tucker, GA",42648
54081000802,"Beaver, WV",42648
48251130214,"Joshua, TX",42647
25001014500,"East Falmouth, Falmouth, MA",42646
37119006208,"Cornelius, NC",42646
48145000500,"Lott, TX",42644
32510000400,"Carson City, NV",42644
19127950700,"Marshalltown, IA",42643
40081961600,"Chandler, OK",42643
53033000401,"Northwest Seattle, Seattle, WA",42643
27053026810,"Minneapolis, MN",42642
45079011202,"Columbia, SC",42640
8007974400,"Pagosa Springs, CO",42639
6037408136,"West Covina, CA",42639
26037010702,"Elsie, MI",42638
40109108526,"Northridge, Oklahoma City, OK",42638
27043460400,"Blue Earth, MN",42638
35001004722,"Alban Hills, Albuquerque, NM",42638
12033003612,"Northwest Pensacola, Cantonment, FL",42637
35025001005,"Lovington, NM",42636
40011958700,"Canton, OK",42636
6067001500,"Central Sacramento, Sacramento, CA",42636
48187210604,"Cibolo, TX",42636
29077002900,"Springfield, MO",42635
26157000300,"Fairgrove, MI",42635
24003730901,"Annapolis, MD",42635
6073013309,"Chula Vista, CA",42635
42001031700,"Fairfield, PA",42635
53033001000,"Lake City, Seattle, WA",42634
18019050404,"Clarksville, IN",42634
6037553300,"Bellflower, CA",42634
42003510000,"East Pittsburgh, PA",42634
36047067600,"Kings County, NY",42633
36111951400,"Kingston, NY",42633
12033001103,"Northeast Pensacola, Pensacola, FL",42633
48113018002,"Casa View Heights, Mesquite, TX",42633
39133600402,"Streetsboro, OH",42633
5119004202,"Little Rock, AR",42632
42049010800,"Erie, PA",42632
53035080400,"Bremerton, WA",42632
23011023002,"Winslow, ME",42632
48029181503,"Northwest Side, San Antonio, TX",42632
13135050549,"Lawrenceville, GA",42632
33013032300,"Concord, NH",42631
24033800511,"Bowie, MD",42631
39061023701,"Cincinnati, OH",42630
39025041405,"Cincinnati, OH",42630
55035000803,"Eau Claire, WI",42630
48439111540,"Southeast Arlington, Arlington, TX",42629
6067007601,"Carmichael, CA",42629
39151711412,"Massillon, OH",42629
27077460300,"Baudette, MN",42628
50007003900,"South End, Burlington, VT",42628
40097040200,"Pryor, OK",42627
24041960100,"Cordova, MD",42627
27119020700,"Crookston, MN",42627
12015030402,"Placida, FL",42626
19083480100,"Ackley, IA",42626
40109107207,"South Oklahoma City, Oklahoma City, OK",42626
22055002102,"Carencro, LA",42625
6081610201,"Staumbaugh Heller, Redwood City, CA",42624
27053024004,"Minneapolis, MN",42624
8041005602,"Colorado Springs, CO",42623
51510201801,"Northeast Alexandria, Alexandria, VA",42623
53005011401,"Kennewick, WA",42623
53015001700,"Kelso, WA",42623
9011702300,"Conning Towers-Nautilus Park, Groton, CT",42623
48201531200,"Northside, Houston, TX",42623
17197880503,"Plainfield, IL",42623
55005001002,"Chetek, WI",42622
6037701402,"Wilshire Montana, Santa Monica, CA",42622
51041100510,"Chester, VA",42622
29047021101,"Kansas City, MO",42622
53005010708,"West Richland, WA",42622
40143006907,"Tulsa, OK",42621
48347951100,"Nacogdoches, TX",42621
21111008400,"Deer Park, Louisville, KY",42621
21037052500,"Newport, KY",42621
12086004703,"Miami Springs, FL",42621
26163568200,"Westland, MI",42621
30081000700,"Darby, MT",42620
36115093000,"Cambridge, NY",42620
26125181500,"Madison Heights, MI",42619
20107955200,"Mound City, KS",42619
36021001100,"Hudson, NY",42619
39151712700,"Louisville, OH",42618
26049013002,"Argentine, Linden, MI",42618
32003003236,"Canyon Creek North, Las Vegas, NV",42617
37071032508,"Cramerton, NC",42617
25001012101,"West Yarmouth, Yarmouth, MA",42616
39035178204,"Parma Heights, OH",42616
55105001304,"Janesville, WI",42615
53017950500,"East Wenatchee, WA",42615
39003010900,"Lima, OH",42615
48199030100,"Saratoga, TX",42614
6065045608,"La Quinta, CA",42614
48113014131,"Valley Ranch, Irving, TX",42614
48309004103,"North Lake Waco, Waco, TX",42614
51177020109,"Fredericksburg, VA",42613
6037403901,"Glendora, CA",42612
6037106020,"Sylmar, Los Angeles, CA",42612
6061021901,"Placer County, CA",42612
1097007000,"Rochon, Theodore, AL",42611
18137968700,"Holton, IN",42610
53011040711,"North Sifton - Orchards Area, Vancouver, WA",42610
8077001200,"Palisade, CO",42610
50021962600,"West Rutland, West Rutland, VT",42609
48113019004,"Garland, TX",42609
8001009608,"Arvada, CO",42609
17031816700,"Northlake, IL",42608
21215080101,"Taylorsville, KY",42608
48201511001,"Lazybrook/ Timbergrove, Houston, TX",42607
6111000901,"Ojai, CA",42607
6035040302,"Susanville, CA",42607
4013104218,"North Mountain Village, Glendale, AZ",42605
6037555001,"Lakewood, CA",42604
27115950600,"Pine City, MN",42604
36063024102,"Barker, NY",42604
37045951501,"Shelby, NC",42604
55079019100,"Alverno, Milwaukee, WI",42604
8123002013,"Longmont, CO",42603
28081950301,"Mooreville, MS",42602
48303000403,"Lubbock, TX",42602
17031160601,"Irving Park, Chicago, IL",42601
12103025121,"Boca Ciega Ridge, Seminole, FL",42601
47147080104,"White House, TN",42601
48113009608,"Northwest Dallas, Dallas, TX",42601
6037106646,"Granada Hills, Los Angeles, CA",42600
24033806200,"Hyattsville, MD",42600
1103005108,"Decatur, AL",42599
29151490400,"Freeburg, MO",42599
31109001600,"Woods Park, Lincoln, NE",42598
39023003002,"Springfield, OH",42598
42111020200,"Windber, PA",42598
17031804603,"Schaumburg, IL",42598
6073008509,"Clairemont, San Diego, CA",42598
29099700111,"Arnold, MO",42597
6111001301,"Ventura, CA",42597
48181001801,"Howe, TX",42597
8093000200,"Bailey, CO",42596
39113020700,"Dayton, OH",42596
6037502402,"El Rancho, Pico Rivera, CA",42595
24025301703,"Abingdon, MD",42594
20173010400,"Sedgwick, KS",42594
39035154603,"Garfield Heights, OH",42593
24009860702,"Prince Frederick, MD",42593
12127080400,"Atwood Lane, Ormond Beach, FL",42592
18005011500,"Columbus, IN",42592
26037011101,"Bath Township, MI",42592
55073000800,"Wausau, WI",42591
29117480300,"Chillicothe, MO",42591
32003005853,"Rhodes Ranch, Las Vegas, NV",42591
37191000304,"Pikeville, NC",42591
41005021100,"Hector Campbell, Milwaukie, OR",42590
12105015102,"Bartow, FL",42590
41051010402,"Troutdale, OR",42590
17161020400,"East Moline, IL",42589
6085504101,"Alum Rock, San Jose, CA",42588
32031002500,"Reno, NV",42588
42129801500,"Vandergrift, PA",42587
1101005407,"Montgomery, AL",42587
44009050700,"Hope Valley, Hopkinton, RI",42587
22109001300,"Houma, LA",42586
22019002000,"Lake Charles, LA",42586
26141950600,"Presque Isle, MI",42586
41071030301,"Dayton, OR",42586
29099701101,"Hillsboro, MO",42586
19125030700,"Bussey, IA",42585
6013358000,"Rodeo, CA",42585
20209044103,"Victory Hills, Kansas City, KS",42585
22063040902,"Maurepas, LA",42584
40071000201,"Ponca City, OK",42583
16043970200,"Ashton, ID",42583
26045020304,"Lansing, MI",42583
6087110200,"Watsonville, CA",42583
36019101700,"Morrisonville, NY",42582
36083052303,"Wynantskill, NY",42582
40043959100,"Seiling, OK",42581
17201000513,"Rockford, IL",42581
17137952300,"Waverly, IL",42580
39003011500,"Harrod, OH",42580
6037109603,"Mission Hills, Los Angeles, CA",42580
48453001851,"Willow Run, Austin, TX",42579
55105002400,"Beloit, WI",42579
12031014101,"Beaches, Jacksonville Beach, FL",42579
54103004900,"New Martinsville, WV",42579
40081961700,"Chandler, OK",42578
40049681200,"Pauls Valley, OK",42578
42079215502,"Mountain Top, PA",42578
35001003728,"Academy Place, Albuquerque, NM",42578
36081027500,"Queens County, NY",42577
12086015800,"Miami, FL",42577
39173021901,"Bowling Green, OH",42577
26099240500,"Clinton Township, MI",42576
42117950400,"Middlebury Center, PA",42575
32003005503,"Boulder City, NV",42575
17201003808,"Machesney Park, IL",42575
1049961200,"Fort Payne, AL",42573
54039011302,"Elkview, WV",42573
48091310607,"Canyon Lake, TX",42572
6077005308,"Tracy, CA",42571
55079007300,"Cambridge Woods, Milwaukee, WI",42571
5125010405,"Hensley, AR",42571
26113960400,"Falmouth, MI",42570
36103146003,"Bay Shore, NY",42569
26147637200,"Marysville, MI",42569
12071040115,"Fort Myers, FL",42568
35001000119,"Stardust Skies Park, Albuquerque, NM",42568
39035161100,"Cleveland, OH",42567
17107952900,"Atlanta, IL",42566
6013365003,"Richmond, CA",42565
6075023300,"Bayview, San Francisco, CA",42565
17031820604,"Justice, IL",42564
37167930802,"Stanfield, NC",42564
24031701701,"Takoma Park, MD",42563
42075000500,"Lebanon, PA",42562
19103001500,"Longfellow, Iowa City, IA",42561
17145030200,"Pinckneyville, IL",42561
6037131100,"Lake Balboa, Los Angeles, CA",42561
41067031606,"Cooper Mountain - Aloha North, Aloha, OR",42561
32003002843,"Henderson, NV",42560
55103970300,"Richland Center, WI",42559
20065952200,"Hill City, KS",42559
4013111000,"Camelback East Village, Phoenix, AZ",42559
48339692500,"New Caney, TX",42559
6079011901,"Arroyo Grande, CA",42558
55081950100,"Tomah, WI",42558
6037272301,"Mar Vista, Los Angeles, CA",42557
19125030300,"Pella, IA",42556
26145010402,"Saginaw Township North, Saginaw, MI",42556
36083052103,"Berlin, NY",42555
12057011013,"New Tampa, Tampa, FL",42555
48363000700,"Mineral Wells, TX",42555
41051003902,"North Portland, Portland, OR",42555
48029181730,"Great Northwest, San Antonio, TX",42554
42079211303,"Harveys Lake, PA",42554
12109020706,"Plantation Oaks, Ponte Vedra Beach, FL",42553
17031242300,"Ukrainian Village, Chicago, IL",42553
6047001801,"Merced, CA",42552
49047940201,"Fort Duchesne, UT",42551
51041100703,"Petersburg, VA",42551
48201453402,"Alief, Houston, TX",42551
24035810200,"Sudlersville, MD",42551
53011041323,"Mountain View, Vancouver, WA",42551
24033805904,"Hyattsville, MD",42551
20037956700,"Girard, KS",42550
44007018400,"Woonsocket, RI",42550
51177020114,"Salem Fields, Fredericksburg, VA",42550
36047073200,"Kings County, NY",42547
48361021900,"Vidor, TX",42547
16055002000,"Coeur d'Alene, ID",42547
15009031102,"Kahului, HI",42547
53027000600,"McCleary, WA",42546
48221160100,"Granbury, TX",42545
18003000300,"Northside, Fort Wayne, IN",42543
26063950100,"Port Austin, MI",42542
51177020203,"Fredericksburg, VA",42541
39093070101,"Spring Valley, Elyria, OH",42541
36061000600,"Lower East Side, New York, NY",42541
53017950200,"Waterville, WA",42541
48355005408,"South Side, Corpus Christi, TX",42540
54077964000,"Kingwood, WV",42540
6059086701,"Northwest Anaheim, Anaheim, CA",42539
48367140403,"Springtown, TX",42539
42019910302,"Slippery Rock, PA",42539
24005451801,"Middle River, MD",42538
17031160602,"Irving Park, Chicago, IL",42537
12117021315,"Brighton Park, Oviedo, FL",42537
6053011700,"Southeast Carmel, Carmel-by-the-Sea, CA",42537
41067032406,"Reedville, Hillsboro, OR",42536
6001420400,"Albany, CA",42536
26015010402,"Middleville, MI",42536
21049020500,"Winchester, KY",42536
41067032404,"Hillsboro, OR",42536
8013012102,"Central Boulder, Boulder, CO",42535
40137000800,"Duncan, OK",42535
12009071335,"Palm Bay, FL",42535
6019005409,"Fresno, CA",42535
48447950300,"Throckmorton, TX",42535
36047009200,"Kings County, NY",42535
22051021700,"Metairie, LA",42534
39155932500,"McDonald, OH",42534
29189219300,"St. Louis, MO",42534
41003000202,"Corvallis, OR",42534
24033801006,"Upper Marlboro, MD",42533
13245010105,"Augusta, GA",42533
6037106113,"Sylmar, Los Angeles, CA",42533
48029181813,"North Central, San Antonio, TX",42533
40125500600,"Shawnee, OK",42532
6085500901,"Central San Jose, San Jose, CA",42532
34017011600,"Constable Hook, Bayonne, NJ",42531
55055100200,"Watertown, WI",42531
39113090304,"Dayton, OH",42531
36055014004,"Rochester, NY",42530
13135050709,"Snellville, GA",42530
12101032106,"Seven Oaks, Wesley Chapel, FL",42530
21211040401,"Shelbyville, KY",42529
37183054110,"Northeast Raleigh, Raleigh, NC",42529
39035177202,"Parma, OH",42528
49011125805,"Layton, UT",42527
10003013904,"Newark, DE",42527
34015501500,"Clayton, NJ",42527
39035141601,"Cleveland Heights, OH",42527
22105954800,"Ponchatoula, LA",42526
32003005833,"Las Vegas, NV",42526
48453001859,"Manor, TX",42526
39035134204,"Berea, OH",42526
42089300402,"East Stroudsburg, PA",42526
19009070100,"Audubon, IA",42525
18019050904,"Charlestown, IN",42525
36105951200,"Bloomingburg, NY",42525
40109100300,"Central Oklahoma City, Oklahoma City, OK",42525
39153507203,"Northwest Akron, Akron, OH",42525
42091201302,"Ambler, PA",42524
55041950300,"Crandon, WI",42524
34013008000,"Central Business District, Newark, NJ",42524
39167021300,"Lowell, OH",42524
6037275400,"Los Angeles, CA",42524
39113021400,"Kettering, OH",42523
9003510100,"East Hartford, CT",42523
26099226700,"Shelby charter Township, MI",42522
12089050503,"Callahan, FL",42521
17053961800,"Paxton, IL",42521
36021001500,"Craryville, NY",42521
42003457200,"Bridgeville, PA",42520
6001431100,"Castro Valley, CA",42520
6111001201,"Ventura, CA",42520
36061007800,"Midtown, New York, NY",42520
13285960201,"LaGrange, GA",42519
55059002906,"Trevor, WI",42519
37183052504,"Northwest Raleigh, Raleigh, NC",42519
4013422609,"Pioneer Estates II, Mesa, AZ",42519
41051010306,"Troutdale, OR",42519
15003008913,"Waipahu, HI",42518
6099000907,"Modesto, CA",42518
42111021901,"Markleton, PA",42518
19089960300,"Elma, IA",42517
26005030902,"Fennville, MI",42517
26081011200,"Northview, Grand Rapids, MI",42517
36013036902,"Bemus Point, NY",42515
12057013322,"Random Oaks, Riverview, FL",42515
12095014812,"Southwest Orlando, Orlando, FL",42514
12085000300,"Stuart, FL",42514
6061021103,"Rocklin, CA",42513
25027701100,"Winchendon, Winchendon, MA",42513
36069052000,"Hemlock, NY",42512
28079040100,"Carthage, MS",42512
5053470300,"Prattsville, AR",42512
25027710100,"Fitchburg, MA",42512
53063012902,"Veradale, Spokane Valley, WA",42512
39083006900,"Fredericktown, OH",42511
48167725300,"Galveston, TX",42511
39113040403,"Montgomery County, OH",42511
36063022300,"Niagara Falls, NY",42511
36105951500,"Monticello, NY",42511
6001435200,"Hayward, CA",42511
48339694400,"Montgomery, TX",42510
17069971000,"Elizabethtown, IL",42510
12099004816,"Lake Worth, FL",42510
53061041701,"Silver Lake, Everett, WA",42509
36053940401,"Bridgeport, NY",42509
51109950500,"Bumpass, VA",42508
18021040300,"Brazil, IN",42508
53033025400,"Renton, WA",42508
25009221500,"Gloucester, MA",42507
34013014500,"Belleville, NJ",42506
4019004615,"Leonardo Estates, Tucson, AZ",42505
48353950100,"Sweetwater, TX",42505
42049012300,"Erie, PA",42504
21027960400,"Hardinsburg, KY",42503
24015030602,"Elkton, MD",42503
16001000302,"Collister, Boise, ID",42502
48183010302,"White Oak, TX",42501
42055010500,"Fayetteville, PA",42501
4013422615,"Parkwood Ranch, Mesa, AZ",42499
13139001502,"Flowery Branch, GA",42499
26099267600,"Warren Woods, Warren, MI",42499
54009031102,"Follansbee, WV",42499
17031020801,"West Ridge, Chicago, IL",42499
6041112202,"San Rafael, CA",42499
6071010009,"Victorville, CA",42498
26049011800,"Davison, MI",42497
37119005614,"Charlotte, NC",42497
48201333600,"Southeast Houston, Houston, TX",42496
39095006900,"Glendale-Heatherdowns, Toledo, OH",42496
17025972200,"Flora, IL",42496
37117970100,"Jamesville, NC",42496
45077010100,"Pickens, SC",42496
23005001700,"Rosemont, Portland, ME",42494
48113013718,"Original Town, Carrollton, TX",42493
32003003245,"Cimarron Gowan, Las Vegas, NV",42493
12011060120,"Sunrise, FL",42492
20165972100,"La Crosse, KS",42492
17105960700,"Pontiac, IL",42492
48201320900,"Edgebrook, Houston, TX",42491
17031040202,"Budlong Woods, Chicago, IL",42491
25027730402,"Brittan Square, Worcester, MA",42491
51153900403,"Woodbridge, VA",42490
6037302506,"Adams Hill, Glendale, CA",42490
41043030902,"Lebanon, OR",42490
55139002800,"Menasha, WI",42490
6059087503,"Anaheim Resort, Anaheim, CA",42489
26103000200,"Marquette, MI",42489
8059010212,"Lamar Heights Area, Arvada, CO",42489
8077001800,"Collbran, CO",42489
6037127104,"Van Nuys, Los Angeles, CA",42488
13089022500,"Westchester Hills/Chelsea Heights, Decatur, GA",42487
48201543200,"Houston, TX",42487
26125184300,"Royal Oak, MI",42486
10003012100,"Wilmington, DE",42486
50007002102,"Chittenden County, VT",42486
26151970300,"Snover, MI",42486
27115950500,"Hinckley, MN",42486
6029003112,"Bakersfield, CA",42486
42003522000,"Pitcairn, PA",42485
4025001102,"Prescott, AZ",42485
6037702202,"Sunset Park, Santa Monica, CA",42485
4021000214,"San Tan Heights, Queen Creek, AZ",42485
9001021802,"Stamford, CT",42485
42133023602,"Wrightsville, PA",42485
42001030400,"Biglerville, PA",42484
54049020900,"Fairmont, WV",42484
53035940000,"Indianola, WA",42484
39111966800,"Woodsfield, OH",42484
51041100922,"Richmond, VA",42484
34009021002,"Cape May County, NJ",42483
53035080200,"Bremerton, WA",42483
26125127700,"Clarkston, MI",42482
54061011100,"Westover, WV",42482
19145490600,"Clarinda, IA",42482
41051002702,"Hollywood, Portland, OR",42482
17173959300,"Shelbyville, IL",42482
39133600401,"Streetsboro, OH",42481
48325000800,"Devine, TX",42481
41051000100,"Sellwood - Moreland, Portland, OR",42480
6071002206,"Ontario, CA",42480
6059011102,"Fullerton, CA",42480
49035103500,"Central City, Salt Lake City, UT",42480
25005641300,"Fall River, MA",42479
39099812900,"North Jackson, OH",42479
39091003800,"West Mansfield, OH",42478
4013217001,"South Scottsdale, Scottsdale, AZ",42478
13013180103,"Hoschton, GA",42478
24017850901,"Waldorf, MD",42476
39103409002,"Medina, OH",42476
33013037000,"Canterbury, NH",42476
24017850102,"Indian Head, MD",42475
6037571504,"Bixby Knolls, Long Beach, CA",42475
27137002900,"Bayview, Duluth, MN",42474
12095011300,"Southeast Orlando, Orlando, FL",42474
48139060701,"Midlothian, TX",42474
29071800901,"Saint Clair, MO",42473
36055014203,"Rochester, NY",42473
8005006501,"Littleton, CO",42472
29201780100,"Scott City, MO",42472
18113972600,"Albion, IN",42472
55095961100,"Clear Lake, WI",42471
27047180200,"Hartland, MN",42471
37135010802,"Rougemont, NC",42470
51013103200,"Columbia Heights, Arlington, VA",42470
34039030600,"Elizabeth, NJ",42469
56021000900,"Cheyenne, WY",42469
51810043600,"Northeast Virginia Beach, Virginia Beach, VA",42468
25021456301,"Stoughton, MA",42467
29099701102,"Dittmer, MO",42466
18033020300,"Butler, IN",42465
29071800702,"Pacific, MO",42465
26125128300,"Lake Orion, Orion charter Township, MI",42465
41009970200,"Clatskanie, OR",42465
25011041501,"Ashfield, MA",42465
55111000100,"Baraboo, WI",42465
48439106510,"River Trails, Fort Worth, TX",42465
55097960300,"Stevens Point, WI",42465
13073030302,"Martinez, GA",42464
42107000300,"Tamaqua, PA",42464
51810045426,"Virginia Beach, VA",42464
48381021000,"Amarillo, TX",42464
48135003100,"Odessa, TX",42463
17031020602,"West Rogers Park, Chicago, IL",42462
44003021502,"Warwick, RI",42461
49035113701,"Kearns, UT",42461
6099003300,"Patterson, CA",42461
35015001000,"Artesia, NM",42461
37067003107,"Kernersville, NC",42461
26099241300,"Clinton Township, MI",42461
9009155000,"West Haven, CT",42460
49049003204,"Spanish Fork, UT",42460
17031640800,"South Side, Chicago, IL",42460
42079200300,"Wilkes-Barre, PA",42459
4019004031,"Tucson, AZ",42459
6017030603,"Garden Valley, CA",42459
6037900805,"Lancaster, CA",42459
6083002707,"Lompoc, CA",42458
48201232900,"Woodforest, Houston, TX",42458
21083020900,"Mayfield, KY",42457
18157005102,"West Lafayette, IN",42457
55053960300,"Hixton, WI",42457
37157041601,"Reidsville, NC",42456
1051030300,"Eclectic, AL",42456
12101032001,"Land O Lakes, Land O' Lakes, FL",42456
42031160800,"New Bethlehem, PA",42456
48237950100,"Jacksboro, TX",42455
19051080100,"Bloomfield, IA",42455
18099020800,"Argos, IN",42454
8069002008,"Loveland, CO",42454
26045020303,"Lansing, MI",42454
17119400904,"Miracle Manor, Granite City, IL",42454
6071004509,"Cajon, San Bernardino, CA",42453
21083020600,"Mayfield, KY",42453
26021011000,"Baroda, MI",42453
6037433307,"El Monte, CA",42453
45035010820,"North Charleston, SC",42453
25005640100,"Fall River, MA",42452
48453002421,"Austin, TX",42452
49045130900,"Tooele, UT",42452
6097153703,"Guerneville, CA",42452
40147001000,"Copan, OK",42451
48375010400,"Amarillo, TX",42451
6073008502,"Clairemont, San Diego, CA",42450
47015960300,"Woodbury, TN",42450
42029307900,"Oxford, PA",42449
42109070100,"Selinsgrove, PA",42449
8041003701,"Monument, CO",42449
48029191201,"Greater Harmony Hills, San Antonio, TX",42448
18057110401,"Westfield, IN",42448
30031000503,"Bozeman, MT",42448
4013420112,"Meridian Hills, Mesa, AZ",42448
17031190200,"Belmont Cragin, Chicago, IL",42447
34015502300,"Swedesboro, NJ",42447
16001010100,"Stewart Gulch, Boise, ID",42447
51041100409,"Chester, VA",42446
32003002962,"Las Vegas, NV",42444
12105010502,"Lake Hollingsworth, Lakeland, FL",42444
37189920800,"Blowing Rock, NC",42444
12103025501,"Highland Lakes, Clearwater, FL",42444
6111004600,"Port Hueneme, CA",42444
48453001839,"Harris Ridge, Austin, TX",42444
6071001311,"Rancho Cucamonga, CA",42444
9009352600,"Waterbury, CT",42443
46103011700,"Rapid City, SD",42442
12091021700,"Fort Walton Beach, FL",42442
36091062200,"Mechanicville, NY",42442
22053000500,"Jennings, LA",42441
5131010101,"Lavaca, AR",42440
5085020101,"Austin, AR",42440
42101035100,"Northeast Philadelphia, Philadelphia, PA",42439
17031830100,"Park Forest, IL",42439
36049950300,"Lowville, NY",42439
34001013202,"Ventnor City, NJ",42439
1077011101,"Florence, AL",42438
48161000700,"Teague, TX",42437
36009961200,"Olean, NY",42437
55059002905,"Salem, WI",42437
18113972000,"Rome City, IN",42436
39085200700,"Wickliffe, OH",42436
53001950300,"Othello, WA",42435
26147627000,"Port Huron, MI",42435
12057013310,"Providence Lakes, Brandon, FL",42434
26151971000,"Marlette, MI",42433
29101960900,"Chilhowee, MO",42433
12099005950,"Boynton Beach, FL",42432
4013116717,"Ahwatukee Foothills Village, Phoenix, AZ",42430
20091050500,"Arrowhead Trails, Mission, KS",42430
36001001600,"Pine Hills, Albany, NY",42430
26145010403,"Saginaw Township North, Saginaw, MI",42426
26125184200,"Royal Oak, MI",42426
48415950600,"Snyder, TX",42425
39025040405,"Loveland, OH",42425
51179010403,"Fredericksburg, VA",42425
25015822606,"Williamsburg, MA",42425
24510270402,"Glenham-Belford, Baltimore, MD",42424
24033807409,"Beltsville, MD",42424
22001960600,"Rayne, LA",42423
19059450500,"Spirit Lake, IA",42423
12086006900,"Coral Way, Miami, FL",42422
19125030402,"Knoxville, IA",42422
6067008206,"Orangevale, CA",42422
6077003205,"Stockton, CA",42421
22051026300,"Harvey, LA",42419
10005050405,"Seaford, DE",42419
55005000300,"Turtle Lake, WI",42419
48135002000,"Odessa, TX",42419
24033801004,"Brandywine, MD",42418
48095950300,"Eden, TX",42417
48303010301,"Shallowater, TX",42417
51059461902,"Fairfax, VA",42416
39165030501,"Franklin, OH",42416
53035080102,"Bremerton, WA",42415
26049012906,"Grand Blanc, MI",42415
1089010800,"Huntsville, AL",42415
51171040100,"Strasburg, VA",42415
15003002003,"Waikīkī, Honolulu, HI",42414
36005023800,"Bronx County, NY",42414
41067032104,"Sherwood - Tualatin South, Sherwood, OR",42413
18157001000,"Highland Park, Lafayette, IN",42413
13121009403,"Buckhead, Atlanta, GA",42413
53053061100,"Central Tacoma, Tacoma, WA",42413
36007014302,"Vestal, NY",42413
26065006002,"Stockbridge, MI",42412
9001043200,"Norwalk, CT",42412
17031030900,"Edgewater, Chicago, IL",42412
36101961500,"Hammondsport, NY",42412
39103416100,"Brunswick, OH",42411
30027030100,"Lewistown, MT",42411
40027200602,"Norman, OK",42411
53005010701,"Benton City, WA",42411
17031020400,"West Ridge, Chicago, IL",42411
51117930800,"Buffalo Junction, VA",42410
26049012702,"Swartz Creek, MI",42410
6073020707,"Central Escondido, Escondido, CA",42410
22033003909,"Baton Rouge, LA",42409
55075961000,"Pound, WI",42409
13151070309,"McDonough, GA",42409
8041003709,"Northwest Colorado Springs, Colorado Springs, CO",42408
16069960700,"Lewiston, ID",42408
21029020101,"Mount Washington, KY",42408
6077005133,"Manteca, CA",42408
36045060300,"Three Mile Bay, NY",42408
6037408003,"Walnut Valley, West Covina, CA",42407
6047002401,"Dos Palos, CA",42407
16053970500,"Jerome, ID",42407
39093096100,"Wellington, OH",42405
33015060000,"Brentwood, NH",42405
47189030904,"Lebanon, TN",42405
12057011106,"Tampa, FL",42404
40109108709,"Oklahoma County, OK",42404
42043022701,"Harrisburg, PA",42404
8001009321,"Federal Heights, CO",42403
36047013700,"Kings County, NY",42403
6009000220,"Valley Springs, CA",42403
6029005401,"Ridgecrest, CA",42402
15003001804,"Diamond Head - Kapahulu - St. Louis, Honolulu, HI",42402
51087201602,"Richmond, VA",42402
49049000508,"Pleasant Grove, UT",42402
32003002938,"Las Vegas, NV",42401
18045957600,"Attica, IN",42400
22109001600,"Schriever, LA",42400
31119960700,"Norfolk, NE",42399
53029970400,"Oak Harbor, WA",42399
12011091000,"Hollywood Hills, Hollywood, FL",42398
6037131600,"Reseda, Los Angeles, CA",42397
36037950800,"Batavia, NY",42397
6037408303,"Whittier, CA",42397
19171290400,"Toledo, IA",42397
48469001601,"Victoria, TX",42397
48479001719,"Hillside Terrace, Laredo, TX",42397
41067032502,"Arbor Roses, Hillsboro, OR",42396
6071008602,"Crafton, Mentone, CA",42396
37081016303,"High Point, NC",42396
47149040805,"La Vergne, TN",42396
40109108508,"Northwest Oklahoma City, Oklahoma City, OK",42396
36089491700,"Ogdensburg, NY",42396
51800075203,"Suffolk, VA",42395
48397040401,"Royse City, TX",42395
34017018500,"Hoboken, NJ",42394
48201311500,"Greater East End, Houston, TX",42394
12089050504,"Bryceville, FL",42393
36011041600,"Auburn, NY",42393
6037271902,"Mar Vista, Los Angeles, CA",42392
37081015707,"Lake Jeanette, Greensboro, NC",42392
53073010403,"Blaine, WA",42392
42081011601,"Duboistown, PA",42391
36047002100,"Kings County, NY",42391
6111003300,"Carriage Square, Oxnard, CA",42390
24021750801,"Frederick, MD",42390
28075010302,"Collinsville, MS",42390
6059075515,"Tustin, CA",42389
49049003201,"Spanish Fork, UT",42389
17125956800,"Mason City, IL",42388
33011000204,"Manchester, NH",42388
6073013409,"Chula Vista, CA",42388
6037603301,"Gardena, CA",42387
15003005600,"Kalihi - Palama, Honolulu, HI",42387
6037106510,"Sylmar, Los Angeles, CA",42387
48161000900,"Oakwood, TX",42386
17071973500,"Stronghurst, IL",42386
40027202404,"Slaughterville, OK",42386
12011020104,"Coconut Creek, FL",42386
6037115404,"Northridge, Los Angeles, CA",42385
12086005901,"West Miami, FL",42385
53035092400,"Port Orchard, WA",42385
6065043244,"Murrieta, CA",42385
34023001200,"Highland Park, NJ",42384
21007950100,"La Center, KY",42384
26109960100,"Powers, MI",42383
19063070300,"Estherville, IA",42383
18045957800,"Covington, IN",42382
45007011100,"Anderson, SC",42382
24013501001,"Taneytown, MD",42381
36105950800,"Sullivan County, NY",42381
25005650400,"New Bedford, MA",42380
42027010100,"Howard, PA",42379
39113090303,"Pheasant Hill, Dayton, OH",42379
48121021728,"Lewisville, TX",42379
54107010702,"Mineral Wells, WV",42379
55079170500,"South Milwaukee, WI",42378
18097330209,"Indianapolis, IN",42377
26115833600,"Erie, MI",42377
15003006301,"Kalihi Valley, Honolulu, HI",42377
56043000200,"Worland, WY",42377
34033020500,"Carneys Point, Carneys Point Township, NJ",42377
8005006856,"Englewood, CO",42377
8081000500,"Craig, CO",42375
9015902200,"Eastford, CT",42374
17031190402,"Belmont Central, Chicago, IL",42374
8075966100,"Sterling, CO",42373
18183050500,"Columbia City, IN",42373
36111950600,"Bearsville, NY",42372
36015010600,"Elmira Heights, NY",42371
31021963200,"Oakland, NE",42371
35001004753,"Paradise Hills Civic, Albuquerque, NM",42371
26061000900,"Houghton, MI",42370
48201250100,"Humble, TX",42370
17031062100,"Lake View, Chicago, IL",42370
21215080200,"Taylorsville, KY",42369
39095004501,"Beverly, Toledo, OH",42369
47127930100,"Lynchburg, TN",42369
8045951804,"Carbondale, CO",42369
36067001800,"Eastwood, Syracuse, NY",42368
36055014003,"Rochester, NY",42368
18099020400,"Plymouth, IN",42368
36081026100,"Queens County, NY",42368
48439113302,"Richland Hills, TX",42367
6097153600,"Sebastopol, CA",42367
27159480100,"Menahga, MN",42367
24033800206,"Laurel, MD",42366
12009066600,"Amherst Gardens, Satellite Beach, FL",42366
21093001100,"Elizabethtown, KY",42365
5119002203,"Leawood, Little Rock, AR",42364
6077003210,"Sherwoods Manor, Stockton, CA",42364
12086014700,"Miami, FL",42364
6097150701,"Petaluma, CA",42363
48453001777,"South Austin, Austin, TX",42363
51153901701,"Manassas, VA",42362
6037123902,"North Hollywood, Los Angeles, CA",42362
4013421202,"Garden Grove, Mesa, AZ",42361
54069002100,"Wheeling, WV",42361
18059410400,"Greenfield, IN",42361
4013092720,"Westgate, Glendale, AZ",42361
16027020901,"Nampa, ID",42360
48201254500,"Baytown, TX",42359
12095017805,"Apopka, FL",42359
42029307400,"Parkesburg, PA",42359
6067009618,"Elk Grove, CA",42359
53067010100,"Olympia, WA",42358
6073015100,"La Mesa, CA",42357
24043000100,"Hagerstown, MD",42356
24009860402,"Chesapeake Beach, MD",42356
17051950700,"Ramsey, IL",42355
12011110302,"Pembroke Pines, FL",42355
36019100700,"Morrisonville, NY",42355
12091023305,"Destin, FL",42355
6021010300,"Willows, CA",42354
34007602902,"Pennsauken Township, NJ",42354
53027001100,"Aberdeen, WA",42353
53061041809,"Everett, WA",42352
51810045601,"North Central, Virginia Beach, VA",42352
28049010102,"Ridgewood Park, Jackson, MS",42351
41051010411,"Powell Valley, Gresham, OR",42351
48439113517,"Euless, TX",42351
37001021102,"Graham, NC",42350
49041975200,"Richfield, UT",42350
6029002817,"Spice Tract, Bakersfield, CA",42350
39147962500,"Republic, OH",42350
51650010703,"Willow Oaks, Hampton, VA",42350
48201431201,"Westside, Houston, TX",42350
13057091103,"Acworth, GA",42350
28031950400,"Seminary, MS",42349
29095009800,"South Kansas City, Kansas City, MO",42349
25017351403,"East Somerville, Somerville, MA",42349
4013106703,"Alhambra, Phoenix, AZ",42349
36029015503,"Angola, NY",42349
39113040405,"Montgomery County, OH",42348
36119014100,"Peekskill, NY",42348
55079186900,"Milwaukee, WI",42348
48187210506,"Kingsbury, TX",42348
29047022200,"Gracemor-Randolph Corners, Kansas City, MO",42348
44007003500,"Wayland, Providence, RI",42347
53073000901,"Puget, Bellingham, WA",42347
39035152102,"Euclid, OH",42346
45045001807,"Greenville, SC",42346
2020000203,"Eagle River, Anchorage, AK",42346
42049011101,"Erie, PA",42346
42103950603,"Milford, PA",42345
18029080700,"Aurora, IN",42345
38101010900,"Minot Air Force Base, ND",42345
54005958800,"Danville, WV",42344
24510250103,"Violetville, Baltimore, MD",42343
48291701400,"Ames, TX",42343
47093006002,"Powell, TN",42343
39035171206,"Maple Heights, OH",42341
50023954700,"Montpelier, VT",42341
42083420800,"Smethport, PA",42341
6065042212,"Moreno Valley, CA",42341
6037109100,"Mission Hills, Los Angeles, CA",42340
51127700300,"Lanexa, VA",42340
47149040304,"Smyrna, TN",42339
51700031901,"Central Newport News, Newport News, VA",42339
1097003703,"Thornhill, Mobile, AL",42338
8085966201,"Olathe, CO",42338
13051011104,"Savannah, GA",42337
39169001100,"Orrville, OH",42337
6029000904,"Hillcrest, Bakersfield, CA",42337
12115002601,"Englewood, FL",42337
6073010001,"Otay Mesa West, San Diego, CA",42336
26115831400,"Monroe, MI",42334
6111001507,"Ventura, CA",42333
39033975200,"Galion, OH",42333
24031700901,"Rockville Town Square, Rockville, MD",42332
39035105900,"Old Brooklyn, Cleveland, OH",42332
24031700713,"Montgomery Village, MD",42331
6073017701,"Encinitas, CA",42331
42049012001,"Union City, PA",42331
42003423000,"Aspinwall, PA",42331
39057210100,"Dayton, OH",42331
42033331800,"Coalport, PA",42330
36023970200,"Homer, NY",42330
41035971000,"Klamath Falls, OR",42330
6071008200,"South Redlands, Redlands, CA",42330
49035113904,"Magna, UT",42329
31185969600,"York, NE",42328
10003016401,"Bear, DE",42328
6037226002,"Central LA, Los Angeles, CA",42327
17095000400,"Galesburg, IL",42326
55041950100,"Argonne, WI",42326
39095007202,"Southwyck, Toledo, OH",42326
36067011600,"Baldwinsville, NY",42326
10005050504,"Georgetown, DE",42326
21055930200,"Marion, KY",42325
6109004100,"Sonora, CA",42325
55127001701,"Genoa City, WI",42325
36055013800,"Rochester, NY",42324
6001406900,"Redwood Heights, Oakland, CA",42323
39113140100,"Brookville, OH",42323
31053964400,"Fremont, NE",42322
28033070710,"Olive Branch, MS",42322
1115040106,"Odenville, AL",42321
22011960500,"DeRidder, LA",42320
36091060400,"Corinth, NY",42320
4013422621,"Carol Rae Ranch, Gilbert, AZ",42319
53061041905,"Holly, Everett, WA",42319
8015000300,"Salida, CO",42319
24041960700,"Saint Michaels, MD",42319
17151971200,"Eddyville, IL",42318
20173009509,"Goddard, KS",42318
27099000900,"Austin, MN",42317
6053001500,"Salinas, CA",42317
36055013204,"Henrietta, NY",42317
6037121010,"Sun Valley, Los Angeles, CA",42316
12005002500,"Panama City, FL",42316
33011019000,"Wilton, NH",42316
19141490400,"Paullina, IA",42316
8029965000,"Hotchkiss, CO",42316
26163567800,"Westland, MI",42316
34005701105,"Burlington, NJ",42313
6037701502,"Downtown, Santa Monica, CA",42313
4013217102,"South Scottsdale, Scottsdale, AZ",42313
32003003241,"Las Vegas, NV",42313
48029121808,"Uptown, San Antonio, TX",42312
6029006202,"Arvin, CA",42312
48113016509,"Duncanville, TX",42311
18163003804,"Evansville, IN",42310
41027950200,"Hood River, OR",42310
41047010303,"Gervais, OR",42309
48373210101,"Livingston, TX",42308
42069110600,"Carbondale, PA",42308
37127011200,"Rocky Mount, NC",42308
8119010105,"Divide, CO",42308
17097860903,"Fox Lake, IL",42308
48201534100,"Houston, TX",42307
48409010302,"Ingleside, TX",42307
48347950100,"Garrison, TX",42307
37135010901,"Hillsborough, NC",42307
6075033201,"Lakeshore, San Francisco, CA",42306
24005450100,"Rosedale, MD",42306
36027070102,"Hyde Park, NY",42306
18063210604,"Avon, IN",42306
28095950501,"Hamilton, MS",42306
25001014700,"Teaticket, Falmouth, MA",42306
33015062000,"East Kingston, NH",42306
13057091003,"Woodstock, GA",42305
6107000301,"Dinuba, CA",42305
12001001603,"Golf Club Manor, Gainesville, FL",42305
44009051000,"Westerly, RI",42305
40027202500,"Noble, OK",42304
40019892300,"Healdton, OK",42304
19033951600,"Mason City, IA",42304
53077000800,"Yakima, WA",42304
4013618000,"Glendale, AZ",42303
12031014408,"Isle of Palms, Jacksonville, FL",42303
9001022100,"Cove - East Side - Shippan, Stamford, CT",42302
36115092000,"Eagle Bridge, NY",42302
6017031406,"Pollock Pines, CA",42302
24039930500,"Marion Station, MD",42302
12099005921,"Boynton Beach, FL",42302
47009011001,"Maryville, TN",42301
6087122500,"Watsonville, CA",42301
42033330900,"Philipsburg, PA",42301
55031030100,"Poplar, WI",42300
9009154600,"West Haven, CT",42298
31131966900,"Nebraska City, NE",42298
19193002000,"Sioux City, IA",42298
48135001900,"Odessa, TX",42297
18061060400,"Corydon, IN",42297
6055200804,"Napa, CA",42296
36043011200,"Herkimer, NY",42296
8005080000,"Expo Park, Aurora, CO",42296
28151000702,"Greenville, MS",42295
6037195500,"Silver Lake, Los Angeles, CA",42295
4013104217,"Glendale, AZ",42293
19155031000,"Council Bluffs, IA",42293
25025110301,"Roslindale, Boston, MA",42293
42133023000,"Dallastown, PA",42292
37081016007,"Saddlecreek, Greensboro, NC",42292
55079021200,"Town of Lake, Milwaukee, WI",42291
32003005845,"Las Vegas, NV",42291
18097320600,"Washington Township, Indianapolis, IN",42291
19021960200,"Sioux Rapids, IA",42290
48491020325,"Cedar Park, TX",42290
25005650101,"New Bedford, MA",42290
15003006402,"Kalihi Valley, Honolulu, HI",42290
32031001201,"Reno, NV",42289
12086012400,"Hialeah, FL",42289
5119001501,"Hillcrest, Little Rock, AR",42289
29077004101,"Battlefield, MO",42289
6031000702,"Hanford, CA",42288
50023954900,"Montpelier, VT",42288
26145010401,"Saginaw Township North, Saginaw, MI",42287
20173007102,"Wichita, KS",42287
29031880100,"Jackson, MO",42287
18035000904,"Muncie, IN",42285
6085504418,"Milpitas, CA",42285
47157009400,"Colonial Acres, Memphis, TN",42285
5009790501,"Harrison, AR",42285
17149952800,"Nebo, IL",42285
6073010011,"Otay Mesa West, San Diego, CA",42285
27053012102,"Nokomis, Minneapolis, MN",42284
26099258300,"Eastpointe, MI",42284
26125194500,"Rochester Hills, MI",42284
53053072111,"Steilacoom, WA",42283
6037195100,"Silver Lake, Los Angeles, CA",42283
44003021100,"Norwood, Warwick, RI",42283
26093720100,"Fowlerville, MI",42282
29077005100,"Willard, MO",42282
27123034701,"Conway, Saint Paul, MN",42282
6037550400,"Downey, CA",42281
51041100209,"Richmond, VA",42281
48067950300,"Queen City, TX",42281
12011020212,"Margate, FL",42280
36065023702,"Rome, NY",42279
36011040800,"Moravia, NY",42279
36061011100,"Midtown, New York, NY",42277
48339692700,"Conroe, TX",42277
23019002000,"Hampden, Hampden, ME",42276
42045400401,"Upper Darby, PA",42276
53077001602,"Yakima, WA",42276
51171040300,"Maurertown, VA",42276
32003005825,"Las Vegas, NV",42275
53015000602,"Olympic East, Longview, WA",42275
48439113628,"Bedford, TX",42275
48355003204,"South Side, Corpus Christi, TX",42274
49003960100,"Howell, UT",42274
10005050902,"Lewes, DE",42274
17031040201,"Lincoln Square, Chicago, IL",42273
36081013200,"Queens County, NY",42272
12099007731,"Boca Raton, FL",42272
48001950902,"Palestine, TX",42271
36081007100,"Queens County, NY",42271
48183010400,"Kilgore, TX",42271
6073013401,"Chula Vista, CA",42271
53053063501,"South End, Tacoma, WA",42270
37081015704,"Greensboro, NC",42270
39057240500,"Xenia, OH",42270
24005401505,"Catonsville, MD",42269
28077960300,"Monticello, MS",42269
42027012000,"State College, PA",42269
16073950200,"Murphy, ID",42269
12057012208,"Valrico, FL",42269
19153000101,"Des Moines, IA",42268
39113150100,"New Lebanon, OH",42267
26081012004,"Lowell, MI",42267
6059099212,"Newland, Huntington Beach, CA",42267
9013881300,"Storrs, Mansfield, CT",42266
17143002800,"Peoria, IL",42266
18103952700,"Bunker Hill, IN",42265
26125121800,"Oakland County, MI",42265
12119911200,"The Villages, FL",42265
36071011000,"Middletown, NY",42265
25003913100,"Lenox, MA",42265
17031150800,"Portage Park, Chicago, IL",42265
18105000904,"Bloomington, IN",42264
33015059000,"Epping, NH",42264
6037572002,"Bixby Knolls, Long Beach, CA",42263
39003010600,"Spencerville, OH",42262
48387950700,"Detroit, TX",42261
53061052706,"Lake Stevens, WA",42261
36029015102,"East Concord, NY",42260
9011696300,"Norwichtown, Norwich, CT",42260
23031030201,"Sanford, Sanford, ME",42259
55087011000,"Appleton, WI",42259
24001000100,"Oldtown, MD",42259
6037603600,"Gardena, CA",42259
39035178201,"Parma Heights, OH",42259
8119010103,"Woodland Park, CO",42259
36055012100,"East Rochester, NY",42258
17031814300,"Cicero, IL",42258
48439110203,"Haltom City, TX",42258
17095001300,"Knoxville, IL",42258
42125792200,"California, PA",42257
6071001804,"Ontario, CA",42257
53061051100,"Mountlake Terrace, WA",42257
55099970700,"Prentice, WI",42256
53053072800,"DuPont, WA",42256
50017959500,"Tunbridge, VT",42256
36057070500,"Amsterdam, NY",42255
26121001800,"Muskegon, MI",42255
37067003904,"Winston-Salem, NC",42255
56015957900,"Torrington, WY",42255
6037131702,"Reseda, Los Angeles, CA",42255
55063010202,"Holmen, WI",42254
8031001702,"Central, Denver, CO",42254
39133601802,"Rootstown, OH",42252
6037543306,"Carson, CA",42251
42003140600,"Point Breeze, Pittsburgh, PA",42250
12011010901,"Lighthouse Point, FL",42250
48121020308,"Justin, TX",42250
6065040703,"Norco, CA",42250
45003020701,"North Augusta, SC",42249
48231961501,"Terrell, TX",42249
36067010900,"Syracuse, NY",42248
39157020400,"Mineral City, OH",42248
32003005316,"Green Valley South, Henderson, NV",42248
48453001747,"South Austin, Austin, TX",42248
34029713203,"Brick, NJ",42247
36115085000,"Hartford, NY",42247
17031816500,"Stone Park, IL",42246
50007001100,"South End, Burlington, VT",42245
41047001402,"Keizer, OR",42245
30029000800,"Kalispell, MT",42245
39113050504,"Miamisburg, OH",42245
9009352800,"Waterbury, CT",42244
45083023402,"Moore, SC",42244
26049010813,"Flint, MI",42244
12057014003,"Sundance, Wimauma, FL",42242
39049007426,"Columbus, OH",42242
48339692801,"Splendora, TX",42242
48195950300,"Spearman, TX",42241
12086000107,"Sunny Isles Beach, FL",42241
40143007701,"Glenpool, OK",42240
51810046219,"Virginia Beach, VA",42240
26077002700,"Richland, MI",42240
42091208802,"Pottstown, PA",42240
12095013605,"Orlando, FL",42239
4021000700,"San Manuel, AZ",42238
6037482304,"Garvey, Rosemead, CA",42238
8029964700,"Eckert, Orchard City, CO",42238
55025003002,"Madison, WI",42237
26099268000,"Center Line, MI",42235
53011040415,"Battle Ground, WA",42235
26163567300,"Westland, MI",42235
26043950700,"Iron Mountain, MI",42235
46099001001,"Sioux Falls, SD",42234
51069051000,"Winchester, VA",42234
47065011204,"Apison, TN",42234
6079010300,"Paso Robles, CA",42234
22045030302,"Youngsville, LA",42233
9003464102,"Collinsville, Canton, CT",42233
17021958200,"Kincaid, IL",42233
55025001705,"Old Market Place, Madison, WI",42233
47037018404,"Bellevue, Nashville, TN",42233
17077010200,"Elkville, IL",42232
6073020807,"Ramona, CA",42231
36101962000,"Greenwood, NY",42231
39153532004,"Norton, OH",42231
27047180500,"Albert Lea, MN",42231
29101960500,"Warrensburg, MO",42231
6073019403,"Peacock, Oceanside, CA",42230
39077916100,"Monroeville, OH",42230
36005028700,"Bronx County, NY",42230
48065950100,"White Deer, TX",42229
6061021604,"Auburn, CA",42229
32003000204,"Rancho Oakey, Las Vegas, NV",42229
12105010702,"Lakeland, FL",42229
12015010404,"Punta Gorda, FL",42228
6019005405,"Fresno, CA",42227
41039001102,"Creswell, OR",42227
6067008705,"Anatolia Village, Rancho Cordova, CA",42227
37147001001,"Greenville, NC",42226
42055011500,"Mercersburg, PA",42225
39165030700,"Franklin, OH",42225
49057200100,"Ogden, UT",42224
22115950300,"Leesville, LA",42223
44003022000,"Warwick, RI",42223
1083020802,"Athens, AL",42223
16001001500,"Depot Bench, Boise, ID",42223
36061008700,"Midtown, New York, NY",42222
6085503218,"South San Jose, San Jose, CA",42222
48133950400,"Rising Star, TX",42222
17031804406,"Elgin, IL",42221
6113010608,"Davis, CA",42220
12031014335,"Arlington, Jacksonville, FL",42220
6113011101,"Woodland, CA",42220
46103011600,"New Underwood, SD",42219
18067010500,"Russiaville, IN",42218
17137951900,"Jacksonville, IL",42217
41071030400,"Yamhill, OR",42217
6089011402,"Pacheco, Redding, CA",42217
26147631100,"Fort Gratiot Township, MI",42217
26125194600,"Kensington Forest, Rochester Hills, MI",42217
41071031000,"Amity, OR",42216
12011020312,"Westchester, Coral Springs, FL",42216
18097342000,"Wayne, Indianapolis, IN",42216
26075005400,"Spring Arbor, MI",42216
13219030400,"Watkinsville, GA",42215
19153000400,"Highland Park, Des Moines, IA",42214
37171930102,"Pilot Mountain, NC",42214
6059075513,"Tustin, CA",42213
48491020406,"Hunter's Chase, Austin, TX",42213
32007950702,"Elko, NV",42212
36065022702,"Rome, NY",42212
42111020600,"Boswell, PA",42211
25017351300,"Prospect Hill, Somerville, MA",42211
27153790500,"Long Prairie, MN",42211
25027710800,"Fitchburg, MA",42211
25027757400,"Southbridge, MA",42210
26149040500,"Sturgis, MI",42210
6059088301,"Garden Grove, CA",42210
48147950701,"Leonard, TX",42210
9009352702,"Waterbury, CT",42210
13153021113,"Warner Robins, GA",42210
6037103102,"Sunland-Tujunga, Los Angeles, CA",42210
53053073301,"Sumner, WA",42209
51027010600,"Oakwood, VA",42209
36047032800,"Kings County, NY",42209
8045951902,"New Castle, CO",42209
48029181817,"Northwest Side, San Antonio, TX",42208
39129021500,"Circleville, OH",42208
36081058900,"Queens County, NY",42207
8041005106,"Colorado Springs, CO",42207
30013001800,"Great Falls, MT",42206
42127961200,"Lake Ariel, PA",42206
35017964800,"Silver City, NM",42205
12057010103,"Knights Community Club, Plant City, FL",42205
12009061100,"Titusville, FL",42205
53075000400,"Pullman, WA",42205
36081054700,"Queens County, NY",42204
20177002702,"Southwest Topeka, Topeka, KS",42204
24033800701,"Upper Marlboro, MD",42204
24031703216,"Silver Spring, MD",42204
21093001700,"Cecilia, KY",42204
19103001802,"Twain, Iowa City, IA",42203
17017960200,"Virginia, IL",42203
40109107404,"Central Oklahoma City, Oklahoma City, OK",42202
13157010102,"Hoschton, GA",42202
50021963400,"North Clarendon, Clarendon, VT",42201
4013616000,"Glendale, AZ",42200
27137012600,"Chisholm, MN",42200
39107967200,"Rockford, OH",42200
17031829902,"Flossmoor, IL",42199
48091310502,"New Braunfels, TX",42199
24001001402,"La Vale, MD",42199
4021000205,"Pecan Creek, Queen Creek, AZ",42198
36005019400,"Bronx County, NY",42198
1009050602,"Hayden, AL",42198
36047016100,"Kings County, NY",42197
39155930900,"Cortland, OH",42197
6095253203,"Vacaville, CA",42197
5143010403,"Springdale, AR",42196
18117951800,"Paoli, IN",42196
19173180100,"Lenox, IA",42195
27065480200,"Ogilvie, MN",42195
22033004009,"Baton Rouge, LA",42195
32003005108,"Gibson Springs, Henderson, NV",42194
6065041905,"Corona, CA",42194
17031813100,"Oak Park, IL",42193
19163013300,"Bettendorf, IA",42192
6005000304,"Ione, CA",42192
9005425600,"Falls Village, Canaan, CT",42192
12085000700,"Stuart, FL",42192
6073016605,"Santee, CA",42191
13097080509,"Douglasville, GA",42191
24031702602,"Silver Spring, MD",42189
6071011404,"Big Bear, CA",42189
4013061011,"Litchfield Park, AZ",42189
34039030900,"Elizabeth, NJ",42189
48467950700,"Canton, TX",42188
6075023003,"Bayview, San Francisco, CA",42187
6037194401,"Beverly Grove, Los Angeles, CA",42187
6037119800,"Pacoima, Los Angeles, CA",42187
36111951800,"Kingston, NY",42186
24033801312,"Fort Washington, MD",42186
17143004200,"Peoria Heights, IL",42185
18167010702,"Terre Haute, IN",42185
48039660900,"Pearland, TX",42185
36121970200,"Attica, NY",42184
12009066500,"South Harbor Estates, Satellite Beach, FL",42184
6073003208,"Bay Terraces, San Diego, CA",42184
16001002313,"Boise, ID",42184
36047049800,"Kings County, NY",42183
24033804101,"Cheverly, MD",42182
25005652300,"New Bedford, MA",42182
12031014332,"Arlington, Jacksonville, FL",42181
31021963400,"Lyons, NE",42181
39085204700,"Painesville, OH",42181
6037502401,"El Rancho, Pico Rivera, CA",42179
34029732104,"Forked River, Lacey Township, NJ",42179
26099255700,"Roseville, MI",42179
6037123103,"North Hollywood, Los Angeles, CA",42178
6073003113,"Encanto, San Diego, CA",42177
1089011022,"Madison, AL",42176
6059011403,"Fullerton, CA",42176
12073002410,"Tallahassee, FL",42175
44007002101,"Mount Pleasant, Providence, RI",42175
55013971000,"Grantsburg, WI",42175
34001013102,"Margate City, NJ",42174
5007021311,"Lowell, AR",42174
12057013411,"Riverview, FL",42174
6073019207,"Vista, CA",42173
17031062600,"West Lakeview, Chicago, IL",42172
18137968900,"Milan, IN",42172
42107000800,"Frackville, PA",42171
6079011102,"San Luis Obispo, CA",42171
21227011900,"Bowling Green, KY",42171
31055004400,"South Central Omaha, Omaha, NE",42171
26049012402,"Otisville, MI",42171
6095253402,"Dixon, CA",42170
6067009108,"Sacramento, CA",42170
18149953600,"Walkerton, IN",42169
42127960600,"Hawley, PA",42168
6097154201,"Cloverdale, CA",42168
13067031505,"Powder Springs, GA",42168
32003005349,"Henderson, NV",42168
34029733000,"Waretown, Ocean Township, NJ",42168
17077010300,"Gorham, IL",42167
20123176600,"Beloit, KS",42167
39129020310,"Circleville, OH",42167
48073950100,"Troup, TX",42164
39151712102,"Canton, OH",42162
12011090200,"Hollywood Lakes, Hollywood, FL",42162
35025000200,"Hobbs, NM",42162
42101013602,"Brewerytown, Philadelphia, PA",42161
6099003909,"Turlock, CA",42160
5125010509,"Alexander, AR",42159
20173009200,"Wichita, KS",42159
13103030402,"Guyton, GA",42158
29047021207,"Sherrydale, Kansas City, MO",42158
6053014500,"Salinas, CA",42157
55101001504,"Racine, WI",42156
48439122500,"West Arlington, Arlington, TX",42156
12101031704,"Tall Pines At River Ridge, New Port Richey, FL",42156
10003016904,"Smyrna, DE",42156
6037401311,"Bonita, San Dimas, CA",42156
12057011016,"New Tampa, Tampa, FL",42156
22051024201,"Metairie, LA",42156
20091053557,"Olathe, KS",42155
48201333000,"Golfcrest, Houston, TX",42155
48113019100,"Richardson, TX",42155
12021010212,"Naples, FL",42154
13139000400,"Gainesville, GA",42154
42029300700,"Phoenixville, PA",42153
22073010504,"West Monroe, LA",42153
12103027605,"Belleair Beach, FL",42152
47165021106,"Hendersonville, TN",42151
21157950300,"Gilbertsville, KY",42151
51157950100,"Flint Hill, VA",42151
49041975100,"Salina, UT",42150
55105002900,"Evansville, WI",42150
53053940003,"Fife, WA",42150
42019910200,"Hilliards, PA",42149
6067008136,"Stock Ranch Residential, Citrus Heights, CA",42149
26065004801,"Haslett, Meridian charter Township, MI",42148
36075021401,"Oswego, NY",42148
12031002200,"Westside, Jacksonville, FL",42148
6067007427,"Antelope, CA",42148
12011070204,"Davie, FL",42147
55043960200,"Boscobel, WI",42147
34039031801,"Elizabeth, NJ",42146
36111954600,"Napanoch, NY",42146
41039001700,"Pleasant Hill, OR",42146
17167000201,"Springfield, IL",42146
6037406701,"Walnut Valley, West Covina, CA",42146
26073000400,"Mount Pleasant, MI",42145
36027130005,"Pleasant Valley, NY",42145
45083021303,"Hillbrook, Spartanburg, SC",42144
6037201302,"Northeast Los Angeles, Los Angeles, CA",42143
26163564503,"Canton, MI",42143
48005000302,"Lufkin, TX",42143
32003005102,"Green Valley North, Henderson, NV",42142
15003007808,"Aiea, HI",42141
42017100302,"Croydon, PA",42140
42043021904,"Harrisburg, PA",42138
6073020903,"Warner Springs, CA",42137
6107002302,"Tulare, CA",42137
19103010400,"Hills, Iowa City, IA",42136
8077001302,"Grand Junction, CO",42136
31109003402,"West A, Lincoln, NE",42136
18097340901,"Wayne, Indianapolis, IN",42135
26081010402,"Sparta, MI",42135
25025050400,"Jeffries Point, Boston, MA",42135
12086005802,"Flagami, Miami, FL",42134
6037480802,"Alhambra, CA",42134
48039661900,"Rosharon, TX",42133
48113018401,"Garland, TX",42133
47103975601,"Fayetteville, TN",42133
17139977200,"Sullivan, IL",42133
54063950300,"Peterstown, WV",42133
24031702700,"Silver Spring, MD",42133
39089756500,"Pataskala, OH",42133
6075012302,"San Francisco, CA",42132
40109107214,"Central Oklahoma City, Oklahoma City, OK",42132
39019720500,"Carrollton, OH",42132
6037534501,"Huntington Park, CA",42131
20173009700,"Haysville, KS",42131
6037120300,"Panorama City, Los Angeles, CA",42129
55139001000,"Oshkosh, WI",42129
50007004002,"South Burlington, VT",42128
17163501800,"Belleville, IL",42128
26065006001,"Stockbridge, MI",42128
22097961900,"Sunset, LA",42128
41029000900,"Central Point, OR",42128
18019051000,"Marysville, IN",42128
49053270901,"Hurricane, UT",42128
34031175703,"Passaic, NJ",42127
49049010214,"Lehi, UT",42127
17033880300,"Robinson, IL",42126
26099262400,"Warren, MI",42125
17031030104,"Edgewater, Chicago, IL",42125
12011031102,"Pompano Beach, FL",42124
53033028802,"SeaTac, WA",42123
35001004726,"Taylor Ranch, Albuquerque, NM",42123
55125950600,"Boulder Junction, WI",42123
6037195202,"Central LA, Los Angeles, CA",42122
55121100500,"Blair, WI",42122
48309003400,"Elm Mott, TX",42122
6065043228,"Murrieta, CA",42122
51153901900,"Manassas, VA",42121
55139003200,"Neenah, WI",42121
1101005608,"Pike Road, AL",42121
6085503712,"Alum Rock, San Jose, CA",42121
27139080400,"Shakopee, MN",42120
26147650200,"St Clair County, MI",42120
18085962400,"Mentone, IN",42119
21059001200,"Owensboro, KY",42119
6081610100,"Centennial, Redwood City, CA",42119
22103041004,"Slidell, LA",42118
35001003718,"Osuna Park Inc, Albuquerque, NM",42118
18077966000,"Madison, IN",42117
36027210101,"Beacon, NY",42117
36093032602,"Schenectady, NY",42117
6067009501,"Galt, CA",42117
51510200107,"Alexandria West, Alexandria, VA",42116
36043010900,"Little Falls, NY",42116
56043000302,"Worland, WY",42115
19033950700,"Clear Lake, IA",42115
53067011621,"Lacey, WA",42114
39049009361,"Greenbriar Farm, Columbus, OH",42114
18049953300,"Kewanna, IN",42114
25005655100,"Fairhaven, MA",42114
5045030302,"Vilonia, AR",42113
51003010201,"North Pines, Charlottesville, VA",42112
42003520002,"Pittsburgh, PA",42112
23005004802,"Windham, ME",42112
48439105703,"Wedgwood East, Fort Worth, TX",42112
4025000203,"Chino Valley, AZ",42111
53033027400,"Burien, WA",42111
12095010802,"Colonialtown North, Orlando, FL",42111
17031812500,"Oak Park, IL",42111
42101032900,"Holmesburg, Philadelphia, PA",42110
6075021500,"Noe Valley, San Francisco, CA",42110
24033800607,"Greater Upper Marlboro, Upper Marlboro, MD",42110
48141010217,"Kohlberg, El Paso, TX",42109
6097151900,"Burbank Gardens Neighborhood Association, Santa Rosa, CA",42109
6055201900,"Calistoga, CA",42109
13297110507,"Loganville, GA",42108
31111960300,"North Platte, NE",42108
32005002500,"Douglas County, NV",42108
6061021046,"Kaseberg - Kingswood, Roseville, CA",42107
6037503501,"East Whitter, Whittier, CA",42107
48439113511,"Euless, TX",42106
48419950500,"Center, TX",42106
26163556100,"Livonia, MI",42106
15003006100,"Kalihi - Palama, Honolulu, HI",42106
6037407900,"La Puente, CA",42106
8005085700,"Prides Crossing, Aurora, CO",42105
41005023404,"Sandy, OR",42105
6097153001,"Santa Rosa, CA",42104
36047102200,"Kings County, NY",42104
6085501501,"Central San Jose, San Jose, CA",42103
6071000304,"Ontario, CA",42103
51177020305,"Fredericksburg, VA",42102
12097043100,"Kissimmee, FL",42101
19103000302,"Coralville, IA",42101
36117020500,"Marion, NY",42101
42013011100,"Duncansville, PA",42100
16001010401,"Kuna, ID",42100
26147652100,"Township of Kenockee, MI",42098
40143005808,"Owasso, OK",42098
36055013901,"Rochester, NY",42097
36053031000,"Hamilton, NY",42095
40125500900,"Shawnee, OK",42094
37067003314,"Kernersville, NC",42094
24033803605,"New Carrollton, MD",42094
6073019302,"Peacock, Oceanside, CA",42094
23011013000,"Monmouth, ME",42093
40109107607,"Midwest City, OK",42093
6029005404,"Ridgecrest, CA",42093
25013813207,"Agawam, MA",42093
34017017900,"Weehawken, NJ",42092
17161021600,"Moline, IL",42092
29169470600,"Fort Leonard Wood, MO",42092
6097153006,"Santa Rosa, CA",42092
27137000300,"Duluth Heights, Duluth, MN",42091
15003003405,"Makiki - Lower Punchbowl - Tantalus, Honolulu, HI",42091
17201000403,"Rockford, IL",42091
42055011400,"Saint Thomas, PA",42090
22105953700,"Loranger, LA",42090
53033009900,"Delridge, Seattle, WA",42089
41003010200,"Corvallis, OR",42088
12115002201,"Nokomis, FL",42088
26163574300,"Dearborn, MI",42088
37183054115,"Knightdale, NC",42086
26077001604,"Parkview Hills, Kalamazoo, MI",42086
36029015501,"Angola, NY",42086
42069111600,"Dickson City, PA",42085
1073011705,"Gardendale, AL",42085
51165011100,"Harrisonburg, VA",42084
26099225600,"Shelby charter Township, MI",42083
6037482701,"South Montebello, Monterey Park, CA",42083
27067781000,"Willmar, MN",42083
37129012004,"Wilmington, NC",42083
39097041100,"London, OH",42083
1097003606,"Westhill, Mobile, AL",42082
17031804510,"Hanover Park, IL",42082
40143007410,"Tulsa, OK",42081
37067003804,"Winston-Salem, NC",42081
53063011400,"Spokane Valley, WA",42079
25025170501,"Revere, MA",42078
8013013306,"Longmont, CO",42078
8041005108,"Colorado Springs, CO",42078
6037552002,"Norwalk, CA",42078
36099950300,"Seneca Falls, NY",42078
6075012000,"Lower Nob Hill, San Francisco, CA",42078
39051040700,"Wauseon, OH",42077
36081046400,"Queens County, NY",42077
25023545100,"Wareham, MA",42077
6097152300,"SOS, Santa Rosa, CA",42076
9005263200,"Cornwall Bridge, Cornwall, CT",42076
18059410600,"Greenfield, IN",42075
22017022700,"Broadmoor, Anderson Island, Shreve Isle, Shreveport, LA",42075
48409010900,"Sinton, TX",42075
42133021210,"York, PA",42075
26125160600,"Southfield, MI",42075
6099002802,"Waterford, CA",42074
6017031504,"Placerville, CA",42073
51059482302,"Reston, VA",42073
6037267600,"Sawtelle, Los Angeles, CA",42073
51095080101,"Williamsburg, VA",42073
48201451403,"Westside, Houston, TX",42072
6017031100,"Placerville, CA",42071
9003524502,"West End, Hartford, CT",42071
36061004000,"Lower Manhattan, New York, NY",42070
53067012420,"Olympia, WA",42070
33011010900,"Nashua, NH",42069
39057220200,"Bellbrook, OH",42069
6053012800,"Monterey, CA",42068
48477170200,"Brenham, TX",42068
4013116733,"Ahwatukee Foothills Village, Phoenix, AZ",42065
19123950400,"Oskaloosa, IA",42064
48201321000,"Edgebrook, Houston, TX",42064
26139020504,"Spring Lake, MI",42064
6067009107,"Sacramento, CA",42063
13097080201,"Douglasville, GA",42063
6111003605,"Via Marina, Oxnard, CA",42062
36083052101,"Cropseyville, NY",42062
42005950600,"Kittanning, PA",42061
4019004624,"Metropolitan, Tucson, AZ",42061
36069050602,"Canandaigua, NY",42061
9009165100,"Hamden, CT",42060
12086009312,"Miami Lakes, FL",42060
39045031400,"Lancaster, OH",42058
50021962500,"Proctor, VT",42058
53075000300,"Pullman, WA",42058
6073017048,"Poway, CA",42057
48439105508,"Hulen Bend Estates, Fort Worth, TX",42057
39049007120,"Elmbrook Village, Westerville, OH",42056
21117063702,"Morning View, KY",42056
17179022400,"Washington, IL",42056
6053000101,"Salinas, CA",42055
51003010500,"Charlottesville, VA",42055
42065950600,"Corsica, PA",42054
6037310702,"Burbank, CA",42054
6065046405,"Wildomar, CA",42054
9009184200,"Branford, CT",42053
26147634100,"Smiths Creek, MI",42053
6107001704,"Visalia, CA",42052
6077004402,"Lodi, CA",42051
4019004026,"Harrison East South, Tucson, AZ",42051
42075003600,"Lebanon, PA",42051
13135050529,"Suwanee, GA",42051
40131050103,"Claremore, OK",42050
17121951700,"Patoka, IL",42050
31055007432,"Northwest Omaha, Omaha, NE",42050
26041970700,"Bark River, MI",42049
6037109601,"Mission Hills, Los Angeles, CA",42049
12009066302,"Ocean Park, Indialantic, FL",42049
12071050601,"Bonita Springs, FL",42049
20141474100,"Osborne, KS",42048
53063012701,"Spokane Valley, WA",42046
25009217300,"Beverly, MA",42046
39151710700,"Alliance, OH",42045
17031630500,"Gage Park, Chicago, IL",42044
12011110327,"Pembroke Pines, FL",42044
47009011503,"Maryville, TN",42044
26049003000,"East Village, Flint, MI",42043
36081012602,"Queens County, NY",42043
51087200301,"Richmond, VA",42042
16019970300,"Idaho Falls, ID",42041
48113018135,"Rowlett, TX",42041
39049007921,"Weston Trail, Hilliard, OH",42040
29137960100,"Monroe City, MO",42039
36115080300,"Hudson Falls, NY",42039
22079013400,"Woodworth, LA",42039
12099007612,"Boca Raton, FL",42038
6065049600,"Temecula, CA",42038
18005011200,"Hope, IN",42037
12091021001,"Niceville, FL",42037
40143006600,"Tulsa, OK",42036
51087200305,"Henrico, VA",42036
18081611400,"Trafalgar, IN",42036
13223120502,"Dallas, GA",42035
31113957500,"Stapleton, NE",42035
38003968200,"Valley City, ND",42035
27145000601,"St. Cloud, MN",42034
33009961800,"Lebanon, NH",42033
39035123603,"Kamm's Corners, Cleveland, OH",42033
36005041400,"Bronx County, NY",42033
4013111900,"Encanto Village, Phoenix, AZ",42033
6085501600,"Central San Jose, San Jose, CA",42033
16027021100,"Nampa, ID",42031
22079010400,"Pineville, LA",42029
6059087001,"Southwest Anaheim, Anaheim, CA",42029
22005030401,"Gonzales, LA",42029
48453001817,"North Shoal Creek, Austin, TX",42029
12095011200,"Lake Como, Orlando, FL",42029
30049000501,"Helena, MT",42029
48453001750,"Sunset Valley Meadows, Sunset Valley, TX",42028
42069111000,"Jermyn, PA",42027
21211040101,"Waddy, KY",42027
9009141900,"East Rock, New Haven, CT",42027
12086019600,"Miami, FL",42027
32003003305,"Las Vegas, NV",42025
29053950100,"Boonville, MO",42025
6037572600,"West Side, Long Beach, CA",42025
29201780200,"Chaffee, MO",42025
49049000801,"Geneva, Orem, UT",42025
30063001400,"Missoula, MT",42025
8059010100,"East Old Golden Rd, Golden, CO",42025
39173022300,"North Baltimore, OH",42024
16023970100,"Moore, ID",42024
51187020700,"Bentonville, VA",42024
48361021700,"Vidor Ward 6, Vidor, TX",42024
17031815000,"Berwyn, IL",42024
37057060201,"Winston-Salem, NC",42023
36067016802,"Tully, NY",42022
12086009029,"Miami, FL",42022
1103005301,"Hartselle, AL",42021
33013041500,"Danbury, NH",42021
36001012700,"Cohoes, NY",42020
12103028104,"South Pasadena, FL",42020
6065030800,"Grand, Riverside, CA",42020
6083003005,"Santa Barbara, CA",42018
12057011506,"Tampa, FL",42018
17097860101,"Zion, IL",42017
42039111900,"Atlantic, PA",42017
42101014300,"Fishtown, Philadelphia, PA",42017
42111020400,"Central City, PA",42017
6037311600,"Burbank, CA",42017
6073008200,"La Jolla, San Diego, CA",42016
30111000600,"Billings, MT",42016
12071010803,"Caloosahatchee, Cape Coral, FL",42015
39109390100,"Casstown, OH",42015
27123032200,"Midway, Saint Paul, MN",42015
36007012101,"Binghamton, NY",42014
51009010100,"Amherst, VA",42014
4005000900,"Flagstaff, AZ",42014
13185010401,"Valdosta, GA",42014
35001001900,"Spruce Park, Albuquerque, NM",42013
54107010800,"Belleville, WV",42013
6001409900,"Sequoyah, Oakland, CA",42013
26061000400,"Houghton County, MI",42013
4021000311,"Apache Junction, AZ",42013
42001031501,"Gettysburg, PA",42013
18089043201,"Cedar Lake, IN",42013
17197882802,"Joliet, IL",42012
55115100700,"Wittenberg, WI",42012
39037540100,"Bradford, OH",42012
24031700309,"Germantown, MD",42011
20125950700,"Independence, KS",42011
26161410200,"College Heights, Ypsilanti, MI",42011
53077002101,"Sunnyside, WA",42011
18015959500,"Monticello, IN",42010
45051060209,"Conway, SC",42009
15009030903,"Wailuku, HI",42009
6059032022,"Mission Viejo, CA",42009
24005404502,"Reisterstown, MD",42008
17031062800,"Lake View, Chicago, IL",42008
18049953400,"Rochester, IN",42008
39017011300,"Middletown, OH",42008
49019000200,"Moab, UT",42007
48201433201,"Southwest Houston, Houston, TX",42006
8041007700,"Northeast Colorado Springs, Colorado Springs, CO",42006
48355003602,"Northwest Corpus Christi, Corpus Christi, TX",42005
53073000806,"Bellingham, WA",42004
40019892500,"Ardmore, OK",42003
39057270100,"Jamestown, OH",42003
36047074200,"Kings County, NY",42003
17031814900,"Berwyn, IL",42003
19109950100,"Swea City, IA",42003
31047968300,"Cozad, NE",42003
23015975800,"Boothbay, ME",42003
29183311722,"O'Fallon, MO",42002
8037000301,"El Jebel, CO",42000
12031014702,"Arlington, Jacksonville, FL",42000
42075003300,"Lebanon, PA",42000
53033000700,"North Seattle, Seattle, WA",41999
6111003608,"Sea Air, Oxnard, CA",41999
53061052209,"Monroe, WA",41999
5139950500,"El Dorado, AR",41999
27003050901,"Circle Pines, MN",41999
6037301601,"Grandview, Glendale, CA",41999
6037502500,"El Rancho, Pico Rivera, CA",41999
6019001409,"Roosevelt, Fresno, CA",41999
36119014500,"Peekskill, NY",41999
39153520202,"Cuyahoga Falls, OH",41998
48231960200,"Wolfe City, TX",41998
42119090200,"Millmont, PA",41998
24033806900,"Hollywood, College Park, MD",41998
44009050103,"North Kingstown, RI",41998
41035970700,"Klamath Falls, OR",41998
15003001100,"Palolo, Honolulu, HI",41997
6037620521,"North Redondo, Redondo Beach, CA",41997
28121020301,"Pearl, MS",41997
48121020205,"Aubrey, TX",41997
48113018111,"Garland, TX",41996
25025140102,"Hyde Park, Boston, MA",41996
49035101102,"Greater Avenues, Salt Lake City, UT",41996
18069962000,"Andrews, IN",41996
48027021700,"Belton, TX",41995
34039031903,"Elizabeth, NJ",41995
48139060206,"Red Oak, TX",41994
12011040204,"Bay Colony, Fort Lauderdale, FL",41994
17081050100,"Dix, IL",41994
6059074803,"Santa Ana, CA",41994
27127750200,"Redwood Falls, MN",41993
17157951300,"Chester, IL",41992
53053070310,"Sumner, WA",41992
18167010400,"West Terre Haute, IN",41991
48029131503,"Northeast Side, San Antonio, TX",41991
48201350500,"Southbelt/ Ellington, Houston, TX",41991
6083002906,"Goleta, CA",41990
37059080600,"Mocksville, NC",41989
37183052807,"Raleigh, NC",41989
22051021100,"Kenner, LA",41988
26115830400,"Carleton, MI",41987
6037267300,"West Los Angeles, Los Angeles, CA",41987
16017950600,"Priest River, ID",41987
29021000200,"Saint Joseph, MO",41986
18005011000,"Columbus, IN",41986
15003002202,"McCully - Moiliili, Honolulu, HI",41986
45045002701,"Greenville, SC",41986
37081016900,"Pleasant Garden, NC",41985
48441013404,"Abilene, TX",41985
41067031907,"Bull Mountain, Tigard, OR",41985
20107955100,"LaCygne, KS",41985
21227011500,"Bowling Green, KY",41985
36117021000,"Newark, NY",41984
12086009034,"Doral, FL",41981
55085970500,"Rhinelander, WI",41979
6075020100,"Mission District, San Francisco, CA",41979
37119005513,"Prosperity Church Road, Charlotte, NC",41978
13047030303,"Ringgold, GA",41977
24005400600,"Catonsville, MD",41977
36075020100,"Altmar, NY",41976
17031830005,"Olympia Fields, IL",41976
6059087602,"Hermosa Village, Anaheim, CA",41975
51510200303,"Landmark, Alexandria, VA",41974
15003003403,"Makiki - Lower Punchbowl - Tantalus, Honolulu, HI",41974
6037275602,"Westchester, Los Angeles, CA",41974
22063040600,"Denham Springs, LA",41973
31035962200,"Fairfield, NE",41973
6053001801,"Salinas, CA",41973
4013106502,"Camelback East Village, Phoenix, AZ",41972
36047049500,"Kings County, NY",41970
37183054114,"Knightdale, NC",41969
48029191814,"The Estates at Stonegate, San Antonio, TX",41969
48201322800,"Red Bluff Terrace, Pasadena, TX",41968
13103030100,"Springfield, GA",41968
12021000102,"Old Naples, Naples, FL",41968
45045002103,"Greenville, SC",41967
46033965200,"Custer, SD",41967
9015908100,"Sterling, CT",41967
8001008549,"Brighton, CO",41967
4027011107,"Yuma, AZ",41966
35001000116,"Albuquerque, NM",41966
6059074107,"South Coast Metro, Santa Ana, CA",41965
37183053108,"Fuquay Varina, NC",41965
37085071002,"Fuquay Varina, NC",41964
32003003319,"Las Vegas, NV",41964
20173010003,"Wichita, KS",41963
17161021500,"Moline, IL",41963
41005021300,"Milwaukie, OR",41963
12061050705,"Vero Beach, FL",41962
53033007200,"Belltown, Seattle, WA",41962
54049020700,"Fairmont, WV",41961
42099030202,"Newport, PA",41961
37021001700,"Asheville, NC",41961
6037111400,"Granada Hills, Los Angeles, CA",41959
6071001702,"Ontario, CA",41959
6065941500,"Hemet, CA",41958
48085030406,"Chapel Creek, Frisco, TX",41958
6037294200,"Wilmington, Los Angeles, CA",41958
15003002100,"Diamond Head - Kapahulu - St. Louis, Honolulu, HI",41958
48307950400,"Brady, TX",41957
55139000800,"Oshkosh, WI",41957
6085505006,"North San Jose, San Jose, CA",41957
24005403702,"Pikesville, MD",41956
29135385200,"California, MO",41956
55079012800,"Cannon Park, Milwaukee, WI",41956
28121020704,"Pearl, MS",41956
48113018900,"Garland, TX",41956
17031070500,"Lincoln Park, Chicago, IL",41956
36049950100,"Croghan, NY",41955
12101031302,"Waters Edge, New Port Richey, FL",41955
51073100202,"Gloucester, VA",41955
12086009036,"Doral, FL",41955
6037123800,"North Hollywood, Los Angeles, CA",41955
54079020200,"Red House, WV",41954
12099004300,"West Palm Beach, FL",41954
42129800900,"New Kensington, PA",41954
6065040808,"Corona, CA",41953
13117130602,"Alpharetta, GA",41953
32031001501,"Northeast Reno, Reno, NV",41952
17159978100,"Olney, IL",41952
55019950800,"Neillsville, WI",41952
40027202302,"Newalla, Oklahoma City, OK",41950
39083006801,"Howard, OH",41950
4013618300,"Deer Valley, Glendale, AZ",41949
5091021000,"Fouke, AR",41948
40077087100,"Red Oak, OK",41947
17021958400,"Taylorville, IL",41946
6107002400,"Tulare, CA",41946
12011110333,"Towngate, Pembroke Pines, FL",41946
13207050302,"Juliette, GA",41946
6037297202,"San Pedro, Los Angeles, CA",41946
13153021107,"Bonaire, GA",41945
48337950300,"Nocona, TX",41945
6053000104,"Salinas, CA",41945
6059087101,"Southwest Anaheim, Anaheim, CA",41945
36047040200,"Kings County, NY",41945
51085320601,"Ashland, VA",41945
48201550900,"Kleinbrook, Houston, TX",41944
12086010201,"Miami, FL",41944
36061018100,"Upper West Side, New York, NY",41944
48349970400,"Barry, TX",41943
29211480100,"Green City, MO",41943
22055002200,"Lafayette, LA",41943
37101041102,"Garner, NC",41943
29095014902,"Buckner, MO",41942
42119090300,"Mifflinburg, PA",41942
13121011616,"Alpharetta, GA",41941
45045001809,"Greenville, SC",41940
19021960100,"Albert City, IA",41940
20111000700,"Emporia, KS",41939
51011040100,"Appomattox, VA",41939
51165010100,"Elkton, VA",41939
39011040100,"Wapakoneta, OH",41937
36007012103,"Binghamton, NY",41937
4019004025,"Sabino Mountain, Tucson, AZ",41937
42089301202,"Brodheadsville, PA",41936
42095016600,"Bath, PA",41936
12033001101,"Northeast Pensacola, Pensacola, FL",41935
4013319403,"Tempe, AZ",41935
21083020500,"Wingo, KY",41934
25005640300,"Fall River, MA",41934
25025030200,"North End, Boston, MA",41934
29043020202,"Nixa, MO",41934
36095740700,"Middleburgh, NY",41933
55029100800,"Sturgeon Bay, WI",41933
17031839700,"Bridgeport, Chicago, IL",41933
17161024300,"Milan, IL",41932
32003004914,"Las Vegas, NV",41931
42073011400,"New Galilee, PA",41931
48113019028,"Apollo, Arapaho & Camelot, Garland, TX",41930
18089042402,"Merrillville, IN",41930
12086001206,"Miami Shores, FL",41930
26065006302,"Mason, MI",41929
36039081101,"Catskill, NY",41929
17201003601,"Rockford, IL",41929
25013813500,"Hampden, MA",41928
6067002500,"Southeastern Sacramento, Sacramento, CA",41928
37183053412,"Lake Marsha, Apex, NC",41927
6087123100,"Watsonville, CA",41927
26151970100,"Deckerville, MI",41927
34001010700,"Egg Harbor City, NJ",41926
26163588300,"Belleville, MI",41926
37197050102,"East Bend, NC",41925
15003004300,"Nuuanu - Punchbowl, Honolulu, HI",41925
36047023800,"Kings County, NY",41925
33015102100,"Newton, NH",41924
25023510100,"Brockton, MA",41923
45063021033,"West Columbia, SC",41922
17099962800,"Ottawa, IL",41922
6059062636,"Aliso Viejo, CA",41921
27001770100,"Palisade, MN",41920
6071000821,"Upland, CA",41920
6037128400,"Van Nuys, Los Angeles, CA",41920
42097080900,"Mount Carmel, PA",41920
24033806711,"Greenbelt, MD",41919
26089970600,"Greilickville, Traverse City, MI",41919
8041005700,"Colorado Springs, CO",41918
6057000401,"Penn Valley, CA",41918
55101001505,"Wind Point, WI",41917
48085030203,"Anna, TX",41916
22075050700,"Buras, LA",41915
41051001302,"Southeast Portland, Portland, OR",41914
29071800701,"Pacific, MO",41914
6071002305,"Rancho Fontana, Fontana, CA",41914
8121924200,"Akron, CO",41914
39151714000,"Massillon, OH",41913
16001010321,"Meridian, ID",41911
48201533500,"Hidden Valley, Houston, TX",41911
48451001706,"San Angelo, TX",41911
27053022000,"Blackstone, Minneapolis, MN",41911
36081046200,"Queens County, NY",41910
55115100300,"Shawano, WI",41909
53011041330,"Image, Vancouver, WA",41908
48459950600,"Gladewater, TX",41907
53015001800,"Toutle, WA",41907
6073020403,"Kit Carson, Escondido, CA",41906
6087101200,"Santa Cruz, CA",41906
6085512043,"Edenvale, San Jose, CA",41906
12099007823,"Jupiter, FL",41905
13215010302,"Columbus, GA",41905
6095253105,"Vacaville, CA",41905
51177020304,"Fredericksburg, VA",41904
36119010903,"White Plains, NY",41904
48453001728,"South Austin, Austin, TX",41904
34029738100,"Beach Haven, NJ",41902
23011019000,"Windsor, ME",41902
17031700401,"South Side, Chicago, IL",41901
42021011500,"Johnstown, PA",41901
17031030702,"Edgewater Beach, Chicago, IL",41900
12086008702,"Miami, FL",41900
6067009319,"Sunrise Willowood, Sacramento, CA",41900
51041100506,"Chester, VA",41900
26161431000,"Manchester, MI",41899
16083001500,"Twin Falls, ID",41898
12103025203,"Largo, FL",41898
48027023402,"Rogers, TX",41898
24005403300,"Lochearn, Pikesville, MD",41897
6037183402,"Northeast Los Angeles, Los Angeles, CA",41897
12049970202,"Bowling Green, FL",41897
51031020403,"Evington, VA",41896
6095252314,"Fairfield, CA",41896
56015957700,"Fort Laramie, WY",41896
39077915600,"Norwalk, OH",41896
6107002303,"Tulare, CA",41896
18131958900,"Winamac, IN",41896
29205450100,"Shelbyville, MO",41895
18003010706,"Fort Wayne, IN",41895
39035154100,"Garfield Heights, OH",41895
42013010402,"Bellwood, PA",41895
27123036800,"West Seventh, Saint Paul, MN",41894
20173008500,"Indian Hills Riverbend, Wichita, KS",41894
17031831900,"Lake View, Chicago, IL",41894
24001001800,"Frostburg, MD",41893
13151070310,"McDonough, GA",41893
18141003200,"Twyckenham Hills, South Bend, IN",41893
24510270502,"North Harford Road, Baltimore, MD",41892
45019004614,"Mount Pleasant, SC",41892
47043060700,"Dickson, TN",41892
29113810304,"Troy, MO",41891
5115951501,"Russellville, AR",41891
29037060904,"Harrisonville, MO",41891
19005960200,"Lansing, IA",41891
4019004426,"Continental Ranch, Tucson, AZ",41891
31107976400,"Bloomfield, NE",41890
42009961000,"Everett, PA",41890
1125010201,"Northport, AL",41890
19065080600,"Elgin, IA",41890
48367140102,"Weatherford, TX",41889
12099005903,"Lake Worth, FL",41889
6073020021,"San Marcos, CA",41889
48061012613,"Brownsville, TX",41888
30111000500,"Billings, MT",41888
51117930102,"La Crosse, VA",41888
1003010704,"Daphne, AL",41887
6037702501,"Carlson Park, Culver City, CA",41887
4019004064,"Tucson, AZ",41887
39095007800,"Franklin Park, Toledo, OH",41886
26017286200,"Pinconning, MI",41886
26151970800,"Croswell, MI",41885
36083051701,"Hoosick Falls, NY",41885
34007611400,"Pine Hill, NJ",41885
6099000909,"Modesto, CA",41885
6065043802,"Calimesa, CA",41885
46029954400,"Watertown, SD",41883
53033028801,"SeaTac, WA",41882
55079000303,"Little Menomonee Parkway, Milwaukee, WI",41881
34035052002,"North Plainfield, NJ",41880
12061050704,"Vero Beach, FL",41880
39089759100,"Hebron, OH",41879
28121020206,"Brandon, MS",41879
55063001101,"La Crosse, WI",41879
53063004800,"Moran Prairie, Spokane, WA",41879
26055550800,"Traverse City, MI",41877
26125124000,"Holly, MI",41877
16027020601,"Nampa, ID",41877
1055010402,"Rainbow City, AL",41877
48439113214,"North Richland Hills, TX",41876
13103030303,"Rincon, GA",41874
20209044201,"Victory Hills, Kansas City, KS",41873
1001020400,"Prattville, AL",41872
31109003401,"West A, Lincoln, NE",41871
39025041200,"Cincinnati, OH",41871
21225950202,"Morganfield, KY",41871
6067000600,"Central Sacramento, Sacramento, CA",41871
48453001829,"North Austin, Austin, TX",41870
19103000400,"Weber, Iowa City, IA",41869
13297110505,"Loganville, GA",41869
47149040502,"Lascassas, TN",41868
6059074103,"Bristol Manor, Santa Ana, CA",41868
48453001772,"Austin, TX",41867
37183053009,"Colonial Heights, Raleigh, NC",41866
17031590500,"South Side, Chicago, IL",41866
18101950300,"Shoals, IN",41866
4027010914,"Winterhaven, AZ",41866
17057952900,"Canton, IL",41865
17031812301,"Oak Park, IL",41865
36071001100,"Middletown, NY",41864
45051040105,"Little River, SC",41864
19111490500,"Donnellson, IA",41864
26163565900,"Westland, MI",41864
29189214500,"Overland, MO",41863
17179021802,"Manito, IL",41863
17005951200,"Greenville, IL",41862
54051021000,"Moundsville, WV",41861
39023003200,"Springfield, OH",41861
39029950800,"Salem, OH",41859
46099001500,"Sioux Falls, SD",41857
26029000800,"Charlevoix, MI",41857
17097861803,"Waukegan, IL",41856
39045032702,"South Columbus, Pickerington, OH",41856
18029080400,"Greendale, IN",41856
12015010402,"Punta Gorda, FL",41855
15003003800,"Downtown, Honolulu, HI",41855
6037550202,"Norwalk, CA",41855
15009030403,"Makawao, HI",41855
16001001201,"Winstead Park, Boise, ID",41855
6037500403,"El Rancho, Pico Rivera, CA",41854
21157950100,"Calvert City, KY",41854
36009961400,"Randolph, NY",41854
48491021505,"Round Rock, TX",41854
32003003237,"Monument at Lone Mountain, Las Vegas, NV",41854
12009064127,"Melbourne, FL",41853
6079011300,"San Luis Obispo, CA",41853
6075016700,"Lower Haight, San Francisco, CA",41852
39093092100,"Oberlin, OH",41852
6037462600,"Pasadena, CA",41852
4013092723,"Peoria, AZ",41852
6071001906,"Ontario, CA",41851
19187010400,"Lehigh, IA",41851
42127961000,"Lake Ariel, PA",41851
36081094203,"Queens County, NY",41851
20125950800,"Coffeyville, KS",41851
48329001100,"Midland, TX",41850
27091790500,"Fairmont, MN",41850
47187050504,"Fairview, TN",41850
29183312400,"St. Peters, MO",41849
42063961400,"Penn Run, PA",41848
50027965600,"White River Junction, Hartford, VT",41847
6071001809,"Ontario, CA",41847
41039001804,"Springfield, OR",41847
18091040500,"Michigan City, IN",41846
36039080100,"Hannacroix, NY",41846
15003009100,"Wahiawa, HI",41846
4013061013,"Wigwam Creek South, Litchfield Park, AZ",41846
8077001101,"Grand Junction, CO",41845
35001000109,"Albuquerque, NM",41845
6037106112,"Sylmar, Los Angeles, CA",41845
48201321900,"Pasadena, TX",41845
4013422503,"Mesa, AZ",41844
42101032500,"Northeast Philadelphia, Philadelphia, PA",41844
6073008510,"Clairemont, San Diego, CA",41844
17107953100,"Lincoln, IL",41843
55087010200,"Appleton, WI",41843
42079216100,"Berwick, PA",41843
55031020500,"Superior, WI",41842
48167723200,"La Marque, TX",41841
22015011105,"Haughton, LA",41840
21139040100,"Burna, KY",41840
17127970100,"Metropolis, IL",41839
17031040600,"Lincoln Square, Chicago, IL",41839
48201341100,"Webster, TX",41839
36047010000,"Kings County, NY",41838
42031160700,"Rimersburg, PA",41837
19007950200,"Mystic, IA",41837
31157953000,"Mitchell, NE",41837
26099255000,"Roseville, MI",41835
6067008208,"Windham Ranch, Orangevale, CA",41835
34011010101,"Millville, NJ",41835
10005050705,"Millsboro, DE",41835
6037480804,"Alhambra, CA",41835
6037187102,"Atwater Village, Los Angeles, CA",41835
6087122300,"Watsonville, CA",41835
48439114207,"Fort Worth, TX",41834
48029181824,"Northwest Side, San Antonio, TX",41834
42001031300,"Littlestown, PA",41834
49035115106,"Rosecrest, Herriman, UT",41833
18135951900,"Parker City, IN",41833
42013011400,"Roaring Spring, PA",41833
41039000402,"Junction City, OR",41833
6039000507,"Madera, CA",41832
39153531702,"Clinton, OH",41830
42095010600,"Bethlehem, PA",41830
39173020800,"Walbridge, OH",41830
5125010506,"Hot Springs Village, AR",41829
18087970700,"Wolcottville, IN",41829
42109070701,"Selinsgrove, PA",41829
26065004403,"East Lansing, MI",41829
39167021400,"Marietta, OH",41829
6037500800,"El Rancho, Pico Rivera, CA",41828
47021070102,"Ashland City, TN",41828
17163503412,"Caseyville, IL",41827
18165020200,"Dana, IN",41827
39149972200,"Sidney, OH",41827
13135050109,"Sugar Hill, GA",41827
39005970900,"Jeromesville, OH",41826
41047001401,"Keizer, OR",41826
13067031509,"Powder Springs, GA",41826
31153010306,"Bellevue, NE",41825
56033000100,"Sheridan, WY",41825
21117066900,"Ludlow, KY",41825
29049960300,"Plattsburg, MO",41825
39167021100,"Marietta, OH",41824
53011040809,"Northeast Hazel Dell, Vancouver, WA",41823
12086005903,"Miami, FL",41823
36081044302,"Queens County, NY",41823
45045002507,"Greer, SC",41823
26015010200,"Hastings, MI",41822
35028000400,"Los Alamos, NM",41822
47065011442,"Chattanooga, TN",41822
17031081401,"Streeterville, Chicago, IL",41822
45083021803,"Boiling Springs, SC",41821
22069000300,"Natchitoches, LA",41821
39035154501,"Garfield Heights, OH",41820
12113010900,"Gulf Breeze, FL",41820
16069960900,"Lewiston, ID",41820
53015001200,"Kelso, WA",41820
47011010200,"Cleveland, TN",41819
46051953100,"Milbank, SD",41819
25017352800,"Wellington-Harrington, Cambridge, MA",41819
19067480500,"Charles City, IA",41819
23019006300,"Orono, Orono, ME",41819
6099000912,"Modesto, CA",41819
6065042708,"Sun City, Menifee, CA",41818
51810044003,"Northeast Virginia Beach, Virginia Beach, VA",41818
39009973902,"Athens, OH",41818
33005970900,"Swanzey, NH",41818
36005009600,"Bronx County, NY",41817
8107000100,"Steamboat Springs, CO",41817
29183312094,"Wentzville, MO",41817
9011870501,"Uncasville, Montville, CT",41816
35001000300,"Summit Park, Albuquerque, NM",41816
51179010303,"Fredericksburg, VA",41816
4013103210,"Paradise Valley Village, Phoenix, AZ",41815
49043964306,"Park City, UT",41814
30029001400,"Somers, MT",41814
33011024000,"Hancock, NH",41814
6065043807,"Beaumont, CA",41814
26123970900,"Newaygo, MI",41813
40081961300,"Wellston, OK",41813
34023005200,"New Brunswick, NJ",41813
36055008500,"Charlotte, Rochester, NY",41812
51810046217,"Virginia Beach, VA",41811
15003009300,"Wahiawa, HI",41811
13219030100,"Bogart, GA",41810
6037577100,"Belmont Heights, Long Beach, CA",41810
42003040600,"Central Oakland, Pittsburgh, PA",41809
13135050106,"Buford, GA",41809
18097381001,"Perry Township, Indianapolis, IN",41809
18157010204,"West Lafayette, IN",41808
36081041500,"Queens County, NY",41807
4019004713,"Cobo Catalina Hills, Tucson, AZ",41806
41067031612,"Cooper Mountain - Aloha North, Beaverton, OR",41806
39089758900,"Newark, OH",41806
48299970600,"Buchanan Dam, TX",41805
45083023801,"Spartanburg, SC",41805
41047010201,"Aurora, OR",41805
15003005100,"Downtown, Honolulu, HI",41805
41051001602,"Southeast Portland, Portland, OR",41805
48139060600,"Waxahachie, TX",41804
6071012101,"Apple Valley, CA",41803
45091061007,"Fort Mill, SC",41802
12086000603,"Hialeah, FL",41802
36047102600,"Kings County, NY",41801
30005000100,"Harlem, MT",41801
24029950200,"Worton, MD",41801
39045032100,"Lancaster, OH",41801
12019030500,"Orange Park, FL",41801
35043010702,"Rio Rancho, NM",41799
1083020102,"Elkmont, AL",41799
34017007500,"Downtown Jersey City, Jersey City, NJ",41799
55073000601,"Wausau, WI",41798
6037433102,"El Monte City, El Monte, CA",41798
47001020902,"Clinton, TN",41797
42111020300,"Windber, PA",41797
17001001001,"Quincy, IL",41797
29077004900,"Republic, MO",41796
48231961100,"Greenville, TX",41796
31001965600,"Hastings, NE",41795
8041003306,"Rock Creek, Colorado Springs, CO",41795
8041006801,"Briargate, Colorado Springs, CO",41795
8005005553,"Englewood, CO",41794
26037011104,"Bath Township, MI",41794
27065480400,"Mora, MN",41793
55079020600,"Bay View, Milwaukee, WI",41793
37101041103,"Clayton, NC",41791
12057013916,"Riverview, FL",41791
42027011502,"State College, PA",41791
35009000602,"Clovis, NM",41790
17031160502,"Irving Park, Chicago, IL",41790
50001960200,"Ferrisburgh, VT",41789
1059973600,"Vina, AL",41789
56013940500,"Riverton, WY",41789
51680000201,"Bedford Hills, Lynchburg, VA",41789
19113002900,"Southwest Area, Cedar Rapids, IA",41789
34013017000,"Montclair, NJ",41788
36061008100,"Midtown, New York, NY",41787
4013092308,"Glendale, AZ",41787
29037060100,"Belton, MO",41787
15007040205,"Kapaa, HI",41786
6073012304,"Chula Vista, CA",41786
29510127200,"Southwest Garden, St. Louis, MO",41785
54069001400,"Wheeling, WV",41785
39095010002,"Oregon, OH",41785
26125173300,"Ferndale, MI",41785
48309002900,"Woodway, TX",41785
51137110103,"Locust Grove, VA",41785
16077960100,"American Falls, ID",41785
6037302302,"Pacific - Edison, Glendale, CA",41785
8117000100,"Silverthorne, CO",41784
37063001808,"Durham, NC",41784
17119404100,"Granite City, IL",41783
48491021401,"Georgetown, TX",41782
6065041406,"La Sierra, Riverside, CA",41782
26049012009,"Flint, MI",41782
17113001106,"Bloomington, IL",41781
54061011500,"Morgantown, WV",41781
39157021600,"Dennison, OH",41781
39139002200,"Mansfield, OH",41780
45015020719,"Goose Creek, SC",41780
6071008800,"Yucaipa, CA",41780
26125197702,"Troy, MI",41780
6053014601,"Royal Oaks, Las Lomas, CA",41780
26115832500,"Monroe, MI",41780
48337950100,"Nocona, TX",41779
6067006003,"Debbie Manor, Sacramento, CA",41779
12085001302,"Stuart, FL",41778
45043920504,"Pawleys Island, SC",41778
4019004620,"Shadow Mountain Estates, Oro Valley, AZ",41778
6065040812,"Norco, CA",41778
29173470200,"New London, MO",41776
6073014200,"Lemon Grove, CA",41776
24017850201,"Indian Head, MD",41776
53061041808,"Everett, WA",41775
6077005303,"Tracy, CA",41775
36113078000,"Bolton Landing, Bolton, NY",41775
32001950700,"Fallon, NV",41773
47189030102,"Lebanon, TN",41773
6037405203,"Baldwin Park, CA",41773
30001000100,"Dillon, MT",41772
6037301602,"Riverside Rancho, Glendale, CA",41772
36053940403,"Chittenango, NY",41771
45059920800,"Clinton, SC",41771
53007960600,"Cashmere, WA",41770
12099007733,"Boca Raton, FL",41770
6097153808,"Windsor, CA",41770
40131050202,"Claremore, OK",41769
39023002403,"Northern Estates, Springfield, OH",41769
26111291102,"Midland, MI",41769
39005970200,"Nova, OH",41769
6073020109,"Midway, Escondido, CA",41769
41005022107,"Clackamas, OR",41768
20121100700,"Osawatomie, KS",41767
36047014700,"Kings County, NY",41767
30017961500,"Miles City, MT",41767
19153004701,"Des Moines, IA",41767
20091050400,"North Park, Mission, KS",41766
4013618200,"Deer Valley, Glendale, AZ",41765
6065040201,"Rubidoux, Riverside, CA",41765
12015020502,"Port Charlotte, FL",41765
26077002802,"Kalamazoo, MI",41764
26077001906,"Crossroad Park, Portage, MI",41764
6037275603,"Culver City, CA",41763
17037000900,"DeKalb, IL",41762
37141920202,"Hampstead, NC",41762
48251131100,"Cleburne, TX",41762
6059110110,"Cypress, CA",41762
5045030502,"Conway, AR",41762
53033026200,"Tukwila, WA",41761
48439111544,"Southeast Arlington, Arlington, TX",41761
42011011200,"West Reading, PA",41760
51047930501,"Rapidan, VA",41759
47165020407,"White House, TN",41759
36017970601,"Norwich, NY",41759
32003005809,"The Lakes, Las Vegas, NV",41758
51177020407,"Spotsylvania Courthouse, VA",41758
21117065700,"Elsmere, KY",41757
5085020206,"Cabot, AR",41757
26103002300,"Champion, MI",41757
53073000200,"Bellingham, WA",41756
12011020309,"Turtle Run, Pompano Beach, FL",41756
18097340114,"Wayne, Indianapolis, IN",41755
39013011000,"Alledonia, OH",41755
6059110402,"Buena Park, CA",41755
28085950200,"Brookhaven, MS",41754
53005010600,"Richland, WA",41754
6073010010,"Otay Mesa West, San Diego, CA",41752
6059089102,"Garden Grove, CA",41752
40147000600,"Bartlesville, OK",41751
27003051304,"Columbia Heights, MN",41751
36063022100,"Niagara Falls, NY",41751
6079010707,"Los Osos, Baywood-Los Osos, CA",41750
17195000900,"Sterling, IL",41749
37067004009,"Lewisville, NC",41749
24013501002,"Taneytown, MD",41749
17099963000,"Peru, IL",41749
6049000100,"Alturas, CA",41748
17179020302,"East Peoria, IL",41748
6037402200,"Westmont, Pomona, CA",41748
36051031100,"Conesus, NY",41748
6073013905,"Spring Valley, CA",41747
17031814000,"Cicero, IL",41747
22051027806,"Marrero, LA",41747
48467950900,"Ben Wheeler, TX",41747
35049010601,"Santa Fe, NM",41747
55039040200,"Fond du Lac, WI",41746
29045950200,"Wayland, MO",41745
6073017603,"Encinitas, CA",41744
6089012701,"Burney, CA",41743
6111004716,"Lemonwood Eastmont, Oxnard, CA",41743
32003002985,"Las Vegas, NV",41743
4013420215,"Mesa, AZ",41743
6059086702,"Northwest Anaheim, Anaheim, CA",41742
36019100100,"Champlain, NY",41741
24047951100,"Ocean Pines, MD",41741
48499950602,"Holly Lake Ranch, TX",41741
42069110100,"Simpson, PA",41740
51171040400,"Fort Valley, VA",41740
4013422641,"Mesa, AZ",41740
39133601702,"Kent, OH",41740
51700032130,"Central Newport News, Newport News, VA",41739
6065042402,"Moreno Valley, CA",41739
42003151700,"Greenfield, Pittsburgh, PA",41739
12071010411,"Pelican, Cape Coral, FL",41739
22017025406,"Shreveport, LA",41738
42003512000,"Braddock, PA",41738
12109021302,"St. Augustine, FL",41737
6085503110,"Santee, San Jose, CA",41737
6107001501,"Exeter, CA",41737
1101001900,"Montgomery, AL",41736
53057950100,"Anacortes, WA",41735
6037134002,"Canoga Park, Los Angeles, CA",41735
6087122100,"Aptos, CA",41735
25017353600,"Agassiz, Cambridge, MA",41735
53063013800,"Fairchild Air Force Base, WA",41734
39061010500,"Sayler Park, Cincinnati, OH",41733
4019001900,"Tucson, AZ",41733
37109071102,"Stanley, NC",41733
16057005300,"Moscow, ID",41733
6065940900,"Cathedral City, CA",41733
16001002224,"Southwest Ada County Alliance, Boise, ID",41732
48085030405,"Preston Vineyards, Frisco, TX",41732
34005701104,"Burlington, NJ",41732
6083002011,"Santa Maria, CA",41732
12099000511,"West Palm Beach, FL",41731
6073018000,"Carlsbad Village, Carlsbad, CA",41731
44003020200,"West Warwick, RI",41731
12086006302,"Coral Way, Miami, FL",41731
37077970603,"Creedmoor, NC",41731
36067010800,"North Syracuse, NY",41731
6085506304,"Blackford, San Jose, CA",41730
18173030100,"Tennyson, IN",41730
17043841312,"West Chicago, IL",41729
55075960700,"Crivitz, WI",41729
42045403702,"Essington, Tinicum Township, PA",41729
48041000103,"Bryan, TX",41729
37067004015,"Clemmons, NC",41729
53077003200,"Selah, WA",41727
17187870200,"Roseville, IL",41726
18091041600,"La Porte, IN",41726
6083002932,"Goleta, CA",41725
17029000200,"Mattoon, IL",41725
39153520500,"Cuyahoga Falls, OH",41723
18039000302,"Goshen, IN",41723
42101030200,"Frankford, Philadelphia, PA",41722
2020000400,"Anchorage, AK",41722
39153520105,"Cuyahoga Falls, OH",41722
40141070100,"Frederick, OK",41721
6037131300,"Reseda, Los Angeles, CA",41721
25009205900,"Lynn, MA",41721
12011110312,"Pembroke Pines, FL",41721
46109950400,"Wilmot, SD",41720
21157950400,"Benton, KY",41720
6067007602,"Carmichael, CA",41720
6067007417,"Quail Park, Antelope, CA",41720
6037404902,"Baldwin Park, CA",41719
55139001200,"Oshkosh, WI",41719
37129012203,"Kure Beach, NC",41718
53011040202,"La Center, WA",41718
53041970300,"Centralia, WA",41717
9003473400,"Windsor, CT",41717
18015959900,"Cutler, IN",41717
15003010201,"Koolauloa, Hauula, HI",41716
6037910709,"Palmdale, CA",41716
6065044911,"Palm Desert, CA",41714
48355003603,"Northwest Corpus Christi, Corpus Christi, TX",41713
6093001000,"Mount Shasta, CA",41713
31185969700,"York, NE",41713
12021010211,"Central Naples, Naples, FL",41713
12109021203,"St. Augustine, FL",41713
41043030200,"Lyons, OR",41711
6067009111,"Sunrise Homes, Sacramento, CA",41711
34007609103,"Berlin, NJ",41710
40051000500,"Chickasha, OK",41709
39153531500,"Uniontown, OH",41709
39085205800,"Madison, OH",41709
17031650100,"South Side, Chicago, IL",41708
40037020705,"Mannford, OK",41708
1031010800,"Enterprise, AL",41708
31055003100,"South Omaha, Omaha, NE",41707
48441013600,"Merkel, TX",41707
53011041003,"NorthWest, Vancouver, WA",41706
24510261100,"Canton, Baltimore, MD",41706
6037195300,"Central LA, Los Angeles, CA",41706
29071800800,"Robertsville, MO",41706
19051080200,"Bloomfield, IA",41706
1117030608,"Alabaster, AL",41705
4013104204,"Continental North, Glendale, AZ",41705
9003480300,"Enfield, CT",41704
12086016900,"Miami, FL",41704
26053950700,"Ironwood, MI",41703
26027001800,"Niles, MI",41703
37119006104,"Oakdale South, Charlotte, NC",41703
38099958000,"Grafton, ND",41703
20037956900,"Frontenac, KS",41702
37057061100,"Thomasville, NC",41702
35045000707,"Bloomfield, NM",41701
34001011803,"Northfield, NJ",41701
42003270100,"Brighton Heights, Pittsburgh, PA",41701
55073000300,"Wausau, WI",41700
22033004700,"Zachary, LA",41700
39067975600,"Jewett, OH",41699
55107960500,"Ladysmith, WI",41699
12095010200,"Northeast Orlando, Orlando, FL",41699
6059087200,"Northwest Anaheim, Anaheim, CA",41699
48201532700,"Inwood Club Estates, Houston, TX",41699
8059010307,"Allendale Area, Arvada, CO",41698
47149040810,"Eagleville, TN",41698
4013614400,"Deer Valley, Glendale, AZ",41698
36061028100,"Fort George, New York, NY",41697
25005650300,"New Bedford, MA",41697
41051003000,"Beaumont - Wilshire, Portland, OR",41697
34025801800,"Union Beach, NJ",41696
37025041200,"Kannapolis, NC",41695
48209010200,"San Marcos, TX",41695
34029722200,"Toms River, NJ",41694
48309003706,"Hewitt, TX",41693
22027950200,"Homer, LA",41693
48029121601,"Northeast Side, Universal City, TX",41693
34039035800,"Rahway, NJ",41693
17167004000,"Buffalo, IL",41693
17031829500,"South Chicago Heights, IL",41693
13223120103,"Dallas, GA",41692
55079014300,"East Town, Milwaukee, WI",41692
6001407200,"Fruitvale, Oakland, CA",41691
16069960200,"Kendrick, ID",41691
48097001100,"Gainesville, TX",41690
26081010802,"Rockford, MI",41689
53053060300,"West End, Tacoma, WA",41688
6065041904,"Corona, CA",41688
12019030904,"Orange Park, FL",41688
6111000100,"Maricopa, CA",41688
55103970100,"Richland Center, WI",41686
26065006402,"Onondaga, MI",41686
18015959600,"Delphi, IN",41686
8029965200,"Cedaredge, CO",41685
48139060102,"Palmer, TX",41685
4013082021,"Westwind, Avondale, AZ",41685
6007002602,"Oroville, CA",41683
44007016700,"Pawtucket, RI",41682
39169002300,"Burbank, OH",41682
35001004751,"Paradise Hills Civic, Albuquerque, NM",41681
24005452500,"Dundalk, MD",41681
29019000600,"Columbia, MO",41681
20161000304,"Manhattan, KS",41680
16073950102,"Marsing, ID",41680
51015071102,"Meadowdale Estates, Stuarts Draft, VA",41679
19177950200,"Keosauqua, IA",41678
31101000300,"Ogallala, NE",41678
13185011600,"Lake Park, GA",41678
47165020403,"Cottontown, TN",41678
48201341302,"Clear Lake, Houston, TX",41677
19155031100,"Council Bluffs, IA",41677
39143961200,"Burgoon, OH",41677
20033967600,"Protection, KS",41677
8041003801,"U.S. Air Force Academy, CO",41676
21111011711,"Louisville, KY",41676
39175938300,"Upper Sandusky, OH",41676
27169670500,"Winona, MN",41676
37067003004,"Kernersville, NC",41675
55065970400,"Shullsburg, WI",41675
34015500100,"Westville, NJ",41675
53025010500,"Quincy, WA",41675
28033071000,"Hernando, MS",41674
12071010702,"Caloosahatchee, Cape Coral, FL",41674
42129808100,"Derry, PA",41672
55139000100,"Oshkosh, WI",41672
39039958700,"Defiance, OH",41672
53061041202,"Evergreen, Everett, WA",41672
12101032801,"Dade City, FL",41671
27053125600,"Prospect Park, Minneapolis, MN",41670
49057211000,"Ogden, UT",41670
6073016804,"Lakeside, CA",41669
6085504322,"North San Jose, San Jose, CA",41669
49001100200,"Milford, UT",41669
27043460100,"Minnesota Lake, MN",41669
18075962700,"Pennville, IN",41668
15003003700,"Ala Moana, Honolulu, HI",41665
12081001204,"Bradenton, FL",41665
39151711800,"North Canton, OH",41665
5119004201,"Roland, AR",41665
12009066104,"Melbourne Beach, FL",41665
6037405900,"Covina, CA",41665
6037670100,"Lomita, CA",41664
26125197600,"Troy, MI",41663
29113810100,"Elsberry, MO",41663
6073008902,"San Diego, CA",41663
12099007828,"West Palm Beach, FL",41663
53033029503,"Kent, WA",41662
1073014408,"Birmingham, AL",41662
18051050401,"Patoka, IN",41661
10003012500,"Wilmington, DE",41661
8123002016,"Firestone, CO",41661
28101050100,"Little Rock, MS",41661
15003010503,"Kaneohe, HI",41661
5131001101,"Fort Smith, AR",41660
48029181723,"Far West Side, San Antonio, TX",41660
55123960100,"Hillsboro, WI",41660
13073030306,"Grovetown, GA",41660
47053967100,"Medina, TN",41659
12113010200,"Jay, FL",41659
53063003500,"Riverside, Spokane, WA",41659
6065042206,"Canyon Crest, Riverside, CA",41659
12071010105,"Burnt Store, Cape Coral, FL",41658
6037267501,"West Los Angeles, Los Angeles, CA",41657
6115040901,"Beale Air Force Base, CA",41656
36055014204,"Rochester, NY",41656
6037407302,"La Puente, CA",41656
54077964100,"Terra Alta, WV",41655
12011030702,"Coconut Creek, FL",41654
41051008902,"Lents, Portland, OR",41654
39095007001,"Maumee, OH",41653
1095030902,"Albertville, AL",41653
18083955700,"Vincennes, IN",41653
42093050200,"Danville, PA",41653
51023040301,"Fincastle, VA",41653
48453001602,"Tarrytown, Austin, TX",41652
26163555500,"Redford Charter Township, MI",41652
26021011100,"Bridgman, MI",41651
39025041404,"Cincinnati, OH",41651
24033806100,"Hyattsville, MD",41650
18019050604,"Jeffersonville, IN",41650
32003005312,"Green Valley North, Henderson, NV",41650
27169670600,"Winona, MN",41649
48439113112,"North Arlington, Arlington, TX",41649
18055954800,"Bloomfield, IN",41649
6031000200,"Lemoore, CA",41649
26049012905,"Flint, MI",41647
17201000507,"Rockford, IL",41647
48201233300,"Northeast Houston, Houston, TX",41646
48325000402,"Natalia, TX",41646
19163012502,"Davenport, IA",41646
48201232600,"Northeast Houston, Houston, TX",41646
12019030202,"Middleburg, FL",41645
37057060602,"Thomasville, NC",41645
36047004300,"Kings County, NY",41644
23001020500,"Lewiston, ME",41644
22071004600,"City Park, New Orleans, LA",41644
27153790600,"Long Prairie, MN",41644
25005640400,"Fall River, MA",41644
1069040100,"Newton, AL",41643
41039001801,"Springfield, OR",41643
34017007100,"Journal Square, Jersey City, NJ",41643
15003008702,"Waipahu, HI",41642
6037702002,"Ocean Park, Santa Monica, CA",41642
6053012401,"Pacific Grove, CA",41641
4013104212,"North Mountain Village, Phoenix, AZ",41641
6037115403,"Northridge, Los Angeles, CA",41640
55035000301,"Eau Claire, WI",41640
6079010205,"Paso Robles, CA",41640
48121020115,"Oak Point, TX",41640
42003431100,"Bellevue, PA",41640
53063004200,"Manito, Spokane, WA",41640
42041011002,"Camp Hill, PA",41639
51097950500,"Shacklefords, VA",41638
12115001204,"Sarasota, FL",41638
13089022401,"Atlanta, GA",41638
13085970201,"Dawsonville, GA",41638
48029181302,"North Central, San Antonio, TX",41638
21111012503,"Louisville, KY",41637
21093001002,"Elizabethtown, KY",41637
6089011900,"Palo Cedro, CA",41637
19079960100,"Webster City, IA",41636
8045952002,"Rifle, CO",41636
22057021300,"Golden Meadow, LA",41635
26125184400,"Royal Oak, MI",41634
26037011001,"Ovid, MI",41634
26021020400,"Niles, MI",41633
36081043702,"Queens County, NY",41633
28047000900,"Biloxi, MS",41633
39121968500,"Caldwell, OH",41632
54037972501,"Charles Town, WV",41631
53071920702,"Walla Walla, WA",41631
12103027106,"Dunedin, FL",41631
6065043818,"Beaumont, CA",41631
6001406202,"Fruitvale, Oakland, CA",41630
23005017301,"Scarborough, ME",41630
55037190200,"Florence, WI",41630
19089960100,"Cresco, IA",41630
22127960100,"Dodson, LA",41630
13057090702,"Holly Springs, GA",41629
40033871200,"Walters, OK",41629
6037480600,"South Pasadena, CA",41629
39101010100,"Caledonia, OH",41628
17107953200,"Lincoln, IL",41628
53033011401,"Delridge, Seattle, WA",41628
28073020201,"Purvis, MS",41628
34017032400,"West New York, NJ",41627
6037552800,"Norwalk, CA",41627
22071000616,"Algiers, New Orleans, LA",41627
42045400500,"Upper Darby, PA",41627
23019031000,"East Millinocket, ME",41627
6037302503,"Mariposa, Glendale, CA",41626
11001003900,"Lanier Heights, Washington, DC",41626
5145070900,"Searcy, AR",41625
28033071110,"Hernando, MS",41625
42069110201,"Jermyn, PA",41624
55059003001,"Genoa City, WI",41624
6089010804,"Columbia, Redding, CA",41624
6037403721,"Covina, CA",41624
42049010400,"Erie, PA",41623
25013810800,"Chicopee, MA",41623
6037195803,"Silver Lake, Los Angeles, CA",41623
29127960200,"Philadelphia, MO",41622
2170001202,"Palmer, AK",41621
15009030404,"Makawao, HI",41621
54051020900,"Moundsville, WV",41620
48113013620,"Far North Dallas, Dallas, TX",41619
6059063908,"Costa Mesa, CA",41619
42101030900,"Oxford Circle/ Castor, Philadelphia, PA",41619
39143962100,"Clyde, OH",41619
44007012900,"Pascoag, Burrillville, RI",41618
6111004710,"Terrace Estates, Oxnard, CA",41618
4013104205,"Continental Meadows North, Phoenix, AZ",41618
39151711202,"North Lawrence, OH",41618
48253020500,"Hawley, TX",41618
36063024002,"Middleport, NY",41617
25017368700,"South Side, Waltham, MA",41616
36081046600,"Queens County, NY",41616
26163577800,"Lincoln Park, MI",41615
53063004500,"Rockwood, Spokane, WA",41615
23005003200,"Willard, South Portland, ME",41615
48085031001,"Princeton, TX",41615
33011023000,"Peterborough, Peterborough, NH",41614
18121030200,"Montezuma, IN",41614
39035160400,"Lakewood, OH",41613
55023960200,"Ferryville, WI",41613
16019971400,"Idaho Falls, ID",41613
1009050700,"Remlap, AL",41613
12117021614,"Altamonte Springs, FL",41613
12021010414,"Rural Estates, Naples, FL",41613
25027732302,"Grafton Hill, Worcester, MA",41611
37001020801,"Burlington, NC",41611
1021060200,"Clanton, AL",41610
13057090300,"Canton, GA",41610
39035134300,"Berea, OH",41609
45045000200,"Greenville, SC",41608
42027010300,"Philipsburg, PA",41607
6101050401,"Yuba City, CA",41607
6037433503,"El Monte City, South El Monte, CA",41606
42121200200,"Franklin, PA",41606
37197050502,"Yadkinville, NC",41606
42125773100,"Monongahela, PA",41605
20079030200,"Newton, KS",41605
17109011100,"Colchester, IL",41605
46093020400,"Sturgis, SD",41603
53053073005,"Graham, WA",41603
39013011900,"Martins Ferry, OH",41603
13255161100,"Griffin, GA",41603
41047010701,"Stayton, OR",41602
48201520700,"Northwest Houston, Houston, TX",41602
24003730401,"Glen Burnie, MD",41602
39115968800,"McConnelsville, OH",41602
6077005110,"Manteca, CA",41601
6073003115,"Bay Terraces, San Diego, CA",41600
33005970100,"Alstead, NH",41600
37129012103,"Wilmington, NC",41600
42069112902,"Lackawanna County, PA",41600
13067031508,"Powder Springs, GA",41600
26125191000,"Rochester, MI",41599
47065010101,"Harrison, TN",41599
6107004300,"Delano, CA",41598
21093000201,"Fort Knox, KY",41596
12021000600,"Royal Harbor, Naples, FL",41596
26125184700,"Royal Oak, MI",41596
47053967400,"Bradford, TN",41596
6065043506,"Hemet, CA",41596
39017000100,"Hamilton, OH",41596
12086011900,"Hialeah, FL",41595
48201320800,"South Houston, TX",41594
8069002005,"Loveland, CO",41594
42085032400,"Transfer, PA",41594
37067004011,"Lewisville, NC",41593
12099000902,"Palm Beach Gardens, FL",41593
42045403401,"Folcroft, PA",41593
42003523502,"Universal, Pittsburgh, PA",41593
39049009382,"Brookside Park, Reynoldsburg, OH",41593
36075020400,"Mexico, NY",41593
6019004406,"Fresno, CA",41592
36005042800,"Bronx County, NY",41591
48201320200,"Park Place, Houston, TX",41591
22003950500,"Kinder, LA",41591
17031071800,"Lincoln Park, Chicago, IL",41590
15003011400,"Pearl City, HI",41590
36021001600,"Copake, NY",41590
6073014101,"Lemon Grove, CA",41589
4025001402,"Yavapai County, AZ",41587
53061052603,"Lake Stevens, WA",41587
36061013700,"Midtown, New York, NY",41587
22051022303,"Bonnabel Place, Metairie, LA",41586
53033009500,"Mount Baker, Seattle, WA",41586
6037534802,"Huntington Park, CA",41586
26063950700,"Bay Port, MI",41585
48485012600,"Wichita Falls, TX",41584
36047097000,"Kings County, NY",41584
19045000400,"Clinton, IA",41583
6085504001,"Alum Rock, San Jose, CA",41583
26087334500,"Lapeer, MI",41582
36055014400,"Rochester, NY",41582
53045960500,"Shelton, WA",41581
51059420503,"Alexandria, VA",41581
6059087902,"Stanton, CA",41581
51015070700,"Verona, VA",41580
45043920503,"Pawleys Island, SC",41580
6029004000,"Shafter, CA",41580
34029720205,"Leisure Knoll, Manchester Township, NJ",41579
6037501002,"Whittier, CA",41579
25025020302,"Beacon Hill, Boston, MA",41579
55043960100,"Muscoda, WI",41579
48121021515,"Frisco, TX",41578
6095251903,"Vallejo, CA",41578
18071968000,"Freetown, IN",41578
39025041502,"Amelia, OH",41577
22051021600,"Metairie, LA",41577
26055550102,"Williamsburg, MI",41577
48303000404,"Northridge, Lubbock, TX",41576
17073030100,"Colona, IL",41576
12095014813,"Orlando, FL",41575
4003001900,"Sierra Vista, AZ",41575
6085512505,"Gilroy, CA",41574
39035178102,"Parma Heights, OH",41573
6037910606,"Palmdale, CA",41573
36081002000,"Queens County, NY",41573
12099007414,"Highland Beach, FL",41572
29037060003,"Belton, MO",41572
6073020705,"Escondido, CA",41572
26099258800,"Eastpointe, MI",41572
10003013901,"Newark, DE",41571
48497150601,"Boyd, TX",41571
6031001601,"Stratford, CA",41570
4013116610,"Laveen Village, Phoenix, AZ",41570
17059972700,"Omaha, IL",41570
18089021600,"Hammond, IN",41570
6029003811,"Greenacres, Bakersfield, CA",41569
48331950100,"Cameron, TX",41569
47037017800,"Green Hills, Nashville, TN",41568
27123042900,"Summit - University, Saint Paul, MN",41567
25005654200,"Acushnet Center, Acushnet, MA",41567
48201521500,"Kempwood, Houston, TX",41567
6017031600,"South Lake Tahoe, CA",41567
2090001800,"Eielson Air Force Base, AK",41567
49053270200,"Central, UT",41566
20091053601,"Edgemere, Olathe, KS",41566
48201522402,"Northwest Houston, Houston, TX",41566
32003001707,"Las Vegas, NV",41565
49053270801,"Washington, UT",41565
10003014807,"Newark, DE",41565
21101020800,"Henderson, KY",41564
42059970200,"Rices Landing, PA",41564
42123970100,"Clarendon, PA",41564
22103041210,"Mandeville, LA",41563
53033004302,"Northeast Seattle, Seattle, WA",41563
29510103600,"Clifton Heights, St. Louis, MO",41562
23007970101,"Kingfield, ME",41562
4013082023,"Crystal Gardens, Avondale, AZ",41562
48167723600,"Hitchcock, TX",41561
6019004210,"Fresno, CA",41561
48303002001,"Wheelock and Monterey, Lubbock, TX",41560
16039960500,"Mountain Home Air Force Base, ID",41559
46103010800,"Rapid City, SD",41559
17031160700,"Irving Park East, Chicago, IL",41559
12115001402,"Lake Sarasota, Sarasota, FL",41559
13139001501,"Flowery Branch, GA",41559
12099000214,"North Palm Beach Heights, Jupiter, FL",41559
48183000700,"Longview, TX",41558
48201422702,"Southwest Houston, Houston, TX",41558
47131965800,"Rives, TN",41556
4013523006,"Chandler, AZ",41556
4013103303,"Paradise Valley Village, Phoenix, AZ",41555
29099700900,"Festus, MO",41555
34027045000,"Dover, NJ",41555
48439111526,"West Arlington, Arlington, TX",41555
20109954600,"Oakley, KS",41553
19177950100,"Keosauqua, IA",41552
56021000600,"Cheyenne, WY",41552
5143010504,"Lincoln, AR",41552
24031702101,"Montgomery Knolls, Silver Spring, MD",41552
5119004305,"Maumelle, AR",41551
53057940200,"Anacortes, WA",41551
12011060900,"Plantation, FL",41551
42089300401,"Monroe County, PA",41551
18149954200,"North Judson, IN",41550
4027010911,"Yuma, AZ",41550
49049001402,"Carterville, Provo, UT",41550
26125125000,"Holly, MI",41550
6065040702,"Norco, CA",41550
18095010500,"Alexandria, IN",41549
20209044704,"I-435 West KC-KS, Kansas City, KS",41549
39015951400,"Georgetown, OH",41549
42081011700,"Montgomery, PA",41549
17197883603,"Park Forest, IL",41548
6037433401,"South El Monte, CA",41548
12103025119,"Largo, FL",41548
50013020100,"Alburgh, VT",41548
54049021300,"Worthington, WV",41547
6073008341,"University City, San Diego, CA",41547
42049011002,"Erie, PA",41547
28047002900,"Pass Christian, MS",41546
27053109700,"Powderhorn, Minneapolis, MN",41545
31141965600,"Columbus, NE",41545
42075002500,"Annville, PA",41545
12031015801,"Arlington, Jacksonville, FL",41544
34017018800,"Hoboken, NJ",41544
36081014100,"Queens County, NY",41544
33009961602,"Hanover, Hanover, NH",41544
39093090200,"Columbia Station, OH",41544
28073020400,"Purvis, MS",41544
26043950400,"Iron Mountain, MI",41543
31119961100,"Norfolk, NE",41543
18073101300,"Remington, IN",41542
42017103102,"Quakertown, PA",41542
39135460100,"Eaton, OH",41542
27123030500,"North End, Saint Paul, MN",41541
6075026404,"Visitacion Valley, San Francisco, CA",41541
41067031613,"Cooper Mountain - Aloha North, Beaverton, OR",41540
29219820103,"Wright City, MO",41540
39153510302,"Barberton, OH",41540
17115002200,"Decatur, IL",41539
20155001500,"Buhler, KS",41538
44007015600,"Pawtucket, RI",41538
6037502601,"El Rancho, Pico Rivera, CA",41538
39057280102,"Jamestown, OH",41537
55045960600,"Monroe, WI",41537
39061020902,"Cincinnati, OH",41537
32003002950,"Las Vegas, NV",41537
6071004510,"San Bernardino, CA",41536
48251130210,"Joshua, TX",41535
26049013204,"Fenton, MI",41535
32031000300,"Reno, NV",41534
6037555103,"Lakewood, CA",41534
53033028500,"Burien, WA",41534
48201423302,"Greater Fondren Southwest, Houston, TX",41534
37189920703,"Boone, NC",41533
36073040600,"Albion, NY",41532
45051060208,"Myrtle Beach, SC",41532
6065042744,"Nuevo, CA",41532
31041972000,"Ansley, NE",41532
17031817400,"Maywood, IL",41531
9003514800,"Central Manchester, Manchester, CT",41531
40109107211,"South Oklahoma City, Oklahoma City, OK",41531
6037191820,"Central LA, Los Angeles, CA",41531
37097060901,"Olin, NC",41531
24510272003,"Baltimore, MD",41529
6037128500,"Sherman Oaks, Los Angeles, CA",41529
48113014702,"Irving, TX",41529
29027070600,"New Bloomfield, MO",41529
6037269907,"Palms, Los Angeles, CA",41529
42029306503,"Kennett Square, PA",41529
42091208100,"East Greenville, PA",41529
21059001703,"Utica, KY",41529
48113013806,"Farmers Branch, TX",41529
40143005402,"Collinsville, OK",41528
48111950100,"Dalhart, TX",41528
18097340902,"Speedway, IN",41528
36091060800,"Gansevoort, NY",41527
12109020902,"St. Augustine, FL",41527
33011025000,"Antrim, Antrim, NH",41526
39109355002,"Tipp City, OH",41525
16005000400,"Pocatello, ID",41525
37081015600,"Greensboro, NC",41525
18139974200,"Carthage, IN",41525
53029972100,"Clinton, WA",41524
16001010333,"Meridian, ID",41524
48113016518,"Duncanville, TX",41523
36005033201,"Bronx County, NY",41523
20091052417,"Lenexa, KS",41522
37025041303,"Charlotte, NC",41522
6019005801,"Clovis, CA",41521
48073950600,"Jacksonville, TX",41521
20063955200,"Grainfield, KS",41520
17053961600,"Piper City, IL",41519
37183054105,"Hedingham, Raleigh, NC",41519
6073003212,"Paradise Hills, San Diego, CA",41519
4013815100,"Gilbert, AZ",41519
40027201203,"Norman, OK",41518
41051009803,"Centennial, Portland, OR",41518
55105000800,"Janesville, WI",41517
41051006701,"Hayhurst, Portland, OR",41517
21213970100,"Franklin, KY",41517
6037294301,"Wilmington, Los Angeles, CA",41516
18031969500,"Westport, IN",41516
17141960900,"Mount Morris, IL",41516
54013962600,"Grantsville, WV",41516
30049000700,"Helena, MT",41516
38079951600,"Rolla, ND",41515
19053960300,"Leon, IA",41515
53047970900,"Winthrop, WA",41515
6087100500,"Santa Cruz, CA",41514
16011950400,"Blackfoot, ID",41513
4013103701,"Paradise Valley Village, Phoenix, AZ",41513
48201530200,"Northside, Houston, TX",41512
6013314103,"Bay Point, CA",41512
12101032113,"Meadow Pointe, Wesley Chapel, FL",41512
18169102300,"North Manchester, IN",41512
6037132300,"Reseda, Los Angeles, CA",41511
12069030701,"Leesburg, FL",41511
6029000700,"La Cresta/Alta Vista, Bakersfield, CA",41510
16001002310,"Boise, ID",41510
40109107403,"Southeast Oklahoma City, Oklahoma City, OK",41510
6057000105,"Grass Valley, CA",41509
47149040308,"Smyrna, TN",41509
24031704803,"Bethesda, MD",41509
42087961000,"Burnham, PA",41509
35049010400,"Santa Fe, NM",41508
33005970400,"Harrisville, NH",41508
6061020401,"Auburn, CA",41508
17121951600,"Kinmundy, IL",41507
6037192410,"Central LA, Los Angeles, CA",41506
17125956700,"Mason City, IL",41506
6087121800,"Capitola, CA",41506
53029970100,"Oak Harbor, WA",41504
53015002002,"Castle Rock, WA",41502
41051002401,"Northeast Portland, Portland, OR",41501
48469001604,"Victoria, TX",41501
4013611300,"North Gateway, Phoenix, AZ",41501
44009051201,"Peace Dale, South Kingstown, RI",41501
12033000900,"Southeast Pensacola, Pensacola, FL",41501
48201542302,"Katy, TX",41501
6037433602,"Garvey, Rosemead, CA",41500
47093006205,"Knoxville, TN",41500
40125501003,"Shawnee, OK",41500
22063040304,"Walker, LA",41499
54019021100,"Danese, WV",41499
56033000400,"Sheridan, WY",41498
6029000902,"Bakersfield, CA",41497
17019005701,"Urbana, IL",41497
17019010500,"Fisher, IL",41497
6037533502,"Huntington Park, CA",41497
6037115202,"Northridge, Los Angeles, CA",41496
4025001900,"Prescott Valley, AZ",41496
42003320700,"Overbrook, Pittsburgh, PA",41496
29177080200,"Richmond, MO",41496
20177002400,"West Southwest 2, Topeka, KS",41496
22115950200,"Anacoco, LA",41495
47149042000,"Murfreesboro, TN",41495
42091204102,"Conshohocken, PA",41495
15009030708,"Kihei, HI",41495
6053013300,"Monterey, CA",41495
6037543601,"Carson, CA",41495
6059075505,"Tustin, CA",41495
12086005600,"Flagami, Coral Gables, FL",41494
55063000600,"La Crosse, WI",41493
42019910600,"West Sunbury, PA",41493
18059410500,"Greenfield, IN",41492
26163566500,"Wayne, MI",41492
48029121111,"Uptown, San Antonio, TX",41492
1033020704,"Muscle Shoals, AL",41492
26017285800,"Bay City, MI",41492
5007021002,"Gentry, AR",41491
54045956500,"Amherstdale-Robinette, WV",41491
6073008506,"Clairemont, San Diego, CA",41491
48255970200,"Karnes City, TX",41491
36067013600,"Liverpool, NY",41491
54069000500,"Wheeling, WV",41491
24005430104,"Lansdowne - Baltimore Highlands, Halethorpe, MD",41490
26091062200,"Blissfield, MI",41490
47157020700,"Millington, TN",41489
32019960303,"Dayton, NV",41489
36047012200,"Kings County, NY",41488
39153532902,"Cuyahoga Falls, OH",41488
27007450600,"Bemidji, MN",41487
6097152000,"Santa Rosa, CA",41487
26163584100,"Taylor, MI",41486
39025040702,"Milford, OH",41485
36063022500,"Niagara Falls, NY",41485
36019101900,"Peru, NY",41485
48355006200,"Padre Island, Corpus Christi, TX",41484
39155930800,"Warren, OH",41484
24005452000,"Sparrows Point, MD",41484
6065044402,"Anza, CA",41483
41053005201,"West Salem, Salem, OR",41483
35015000300,"Carlsbad, NM",41482
53061051200,"Mountlake Terrace, WA",41482
6059076204,"Orange, CA",41481
6037551201,"Downey, CA",41480
6037132700,"Reseda, Los Angeles, CA",41479
36047096600,"Kings County, NY",41479
55137960800,"Wautoma, WI",41479
32003005333,"Green Valley Ranch, Henderson, NV",41479
6037502005,"East Whitter, Whittier, CA",41478
36047036400,"Kings County, NY",41478
40081961100,"Stroud, OK",41478
25017350104,"Somerville, MA",41478
49049002701,"Provost, Provo, UT",41477
17173959400,"Windsor, IL",41476
6045010802,"Potter Valley, CA",41476
26147630100,"Fort Gratiot Township, MI",41476
32003003316,"Astoria Iron Mountain, Las Vegas, NV",41476
36099951000,"Interlaken, NY",41475
18091042700,"La Porte, IN",41474
26077006702,"Galesburg, MI",41473
1089010701,"Meridianville, AL",41473
53063014001,"Cheney, WA",41473
27027020400,"Moorhead, MN",41472
21059001300,"Owensboro, KY",41472
42019902700,"Lyndora, PA",41471
21111007000,"Schnitzelburg, Louisville, KY",41471
48223950100,"Dike, TX",41471
37183053414,"Dogwood Ridge, Apex, NC",41470
48121021745,"Lewisville, TX",41470
36095740500,"Richmondville, NY",41470
42009960700,"Bedford, PA",41469
6057000701,"Grass Valley, CA",41468
51085320400,"Ashland, VA",41468
21055930300,"Marion, KY",41467
36039080502,"Cairo, NY",41467
13089021705,"Chamblee, GA",41466
39153520201,"Cuyahoga Falls, OH",41465
21163970500,"Payneville, KY",41465
6113010701,"Central Davis, Davis, CA",41464
25023511302,"Brockton, MA",41464
12071010406,"Pelican, Cape Coral, FL",41464
17103000700,"Harmon, IL",41463
42065950700,"Reynoldsville, PA",41463
26149040900,"Three Rivers, MI",41462
8041003909,"Calhan, CO",41462
12095016732,"Orlando, FL",41461
16019970602,"Idaho Falls, ID",41461
42103950301,"Paupack, PA",41461
48113019035,"Lake Highlands, Dallas, TX",41460
20099950500,"Parsons, KS",41460
12069031301,"Clermont, FL",41459
6085509109,"Mountain View, CA",41459
12011060608,"Plantation, FL",41459
48245006800,"Port Arthur, TX",41458
33001965200,"Meredith, NH",41458
20173009801,"Derby, KS",41457
23031028001,"West Kennebunk, Kennebunk, ME",41457
27053103000,"Northeast Minneapolis, Minneapolis, MN",41456
18077966500,"Madison, IN",41455
53011041105,"Vancouver, WA",41454
49035113905,"Magna, UT",41454
28073020301,"Hattiesburg, MS",41453
36007012102,"Binghamton, NY",41453
19047070100,"Vail, IA",41452
18043070802,"New Albany, IN",41450
6059001103,"Los Nietos, La Habra, CA",41449
6067009630,"Elk Grove, CA",41449
53011041110,"Vancouver, WA",41449
47147080500,"Springfield, TN",41449
55009000302,"Green Bay, WI",41448
26125131800,"Highland, Highland Charter Township, MI",41447
37063001705,"Durham, NC",41447
12115001301,"Sarasota, FL",41446
18097390101,"Franklin Township, Indianapolis, IN",41446
6029003804,"Fox Run, Bakersfield, CA",41445
26093743500,"Pinckney, MI",41444
17103000300,"Dixon, IL",41444
6031000701,"Hanford, CA",41444
55141011600,"Wisconsin Rapids, WI",41443
6037139303,"Tarzana, Los Angeles, CA",41443
39101001000,"Marion, OH",41443
9003405402,"Bristol, CT",41443
48439111539,"Grand Prairie, TX",41443
13089022600,"Glennwood Estates, Decatur, GA",41442
41067031403,"Cedar Hills, Beaverton, OR",41442
39081001000,"Steubenville, OH",41442
5057480400,"Hope, AR",41442
6033000100,"Upper Lake, CA",41441
16077960200,"American Falls, ID",41439
36051030900,"Mount Morris, NY",41439
28049011102,"Byram, MS",41439
29057480200,"Lockwood, MO",41438
16027022200,"Wilder, ID",41438
49035100307,"Westpointe, Salt Lake City, UT",41437
55069960800,"Merrill, WI",41437
48329010200,"Midland, TX",41437
26099258400,"Eastpointe, MI",41437
42033331700,"Houtzdale, PA",41437
29183311500,"Saint Charles, MO",41437
5143010101,"Springdale, AR",41436
39049008162,"Westland, Galloway, OH",41436
40109108601,"Southwest Oklahoma City, Oklahoma City, OK",41435
40087400201,"Wayne, OK",41435
55141010600,"Marshfield, WI",41435
20009971500,"Great Bend, KS",41434
22017024504,"Mooringsport, LA",41434
48179950500,"Pampa, TX",41434
41035972000,"Klamath Falls, OR",41434
36047057900,"Kings County, NY",41434
51069050500,"Winchester, VA",41433
26103001600,"Negaunee, MI",41432
51510200105,"Alexandria West, Alexandria, VA",41432
6037217002,"Central LA, Los Angeles, CA",41430
4019004032,"Tucson, AZ",41428
12105014202,"Lake Wales, FL",41428
48203020605,"Hallsville, TX",41427
39133601600,"Kent, OH",41427
36067016801,"Skaneateles, NY",41426
34017015002,"Guttenberg, NJ",41426
6073021302,"Jamul, CA",41426
6001438201,"Tennyson - Alquire, Hayward, CA",41424
6067988300,"Represa, Folsom, CA",41424
17031110502,"Jefferson Park, Chicago, IL",41424
36119007900,"Port Chester, NY",41423
53075000800,"Colfax, WA",41423
37195001500,"Sims, NC",41422
37101040902,"Clayton, NC",41422
22025000100,"Harrisonburg, LA",41421
24025301602,"Edgewood, MD",41421
8041007900,"West Colorado Springs, Colorado Springs, CO",41421
31043010300,"South Sioux City, NE",41420
1051030702,"Wetumpka, AL",41420
18089041800,"Lake Station, IN",41419
47119010201,"Columbia, TN",41418
6111000702,"Santa Paula, CA",41418
40109106902,"Central Oklahoma City, Bethany, OK",41418
17031140702,"Albany Park, Chicago, IL",41417
25025050901,"Eagle Hill, Boston, MA",41416
6037900300,"Lancaster, CA",41416
6061021045,"Los Cerritos, Roseville, CA",41415
39035154601,"Garfield Heights, OH",41415
37179020305,"Indian Trail, NC",41415
27103480600,"North Mankato, MN",41415
26025002800,"Athens, MI",41415
26075006804,"Grass Lake, Grass Lake Charter Township, MI",41415
46093020200,"Box Elder, SD",41415
30009000300,"Red Lodge, MT",41415
26099263400,"Fitzgerald, Warren, MI",41415
29025950200,"Kingston, MO",41413
24005420800,"Dundalk, MD",41412
48201252800,"St Charles Place, Crosby, TX",41412
48303010404,"Wolfforth, TX",41412
42021012800,"Cresson, PA",41412
6073010004,"Otay Mesa West, San Diego, CA",41412
17031810302,"Evanston, IL",41411
42101031300,"Oxford Circle/ Castor, Philadelphia, PA",41411
47037015624,"Hermitage, Nashville, TN",41410
36067013800,"Syracuse, NY",41409
55079100900,"West Allis, WI",41409
22071013500,"French Quarter, New Orleans, LA",41409
17203030502,"East Peoria, IL",41409
18093950400,"Bedford, IN",41409
40131050801,"Oologah, OK",41408
36047002200,"Kings County, NY",41406
6037481902,"Alhambra, CA",41406
36011041400,"Auburn, NY",41406
6067008913,"Rossmoor, Rancho Cordova, CA",41404
37119006105,"Mountain Island, Charlotte, NC",41403
26081013700,"Clyde Park, Wyoming, MI",41403
6071009707,"Apple Valley, CA",41403
17119401904,"Granite City, IL",41402
6071000808,"Upland, CA",41401
6087101100,"Santa Cruz, CA",41400
12009066301,"Indialantic, FL",41400
6009000122,"Murphys, CA",41400
6071009708,"Apple Valley, CA",41400
42101023500,"Mount Airy, Philadelphia, PA",41399
37081016506,"Adams Farm, Greensboro, NC",41399
30047000200,"Lakeside, MT",41398
29031880600,"Cape Girardeau, MO",41398
51177020110,"Fredericksburg, VA",41398
51153900202,"Woodbridge, VA",41397
36011040400,"Weedsport, NY",41397
6037102107,"Sun Valley, Los Angeles, CA",41396
6037211802,"Central LA, Los Angeles, CA",41395
6099002006,"Modesto, CA",41394
27001770300,"Aitkin, MN",41394
22083970200,"Delhi, LA",41394
12086004608,"Miami, FL",41394
37169070400,"Pinnacle, NC",41394
6099001001,"Modesto, CA",41393
26163594400,"Trenton, MI",41393
47065010411,"Hixson, Middle Valley, TN",41393
54081000500,"Beckley, WV",41392
6071000205,"Montclair, CA",41392
6037401602,"Bonita, La Verne, CA",41392
36047021400,"Kings County, NY",41391
29043020205,"Nixa, MO",41391
41043020600,"Albany, OR",41390
42095017800,"Freemansburg, PA",41390
30031000103,"Belgrade, MT",41390
36103146002,"Bay Shore, NY",41389
8077000500,"Grand Junction, CO",41389
53013960200,"Dayton, WA",41388
42085032501,"Sandy Lake, PA",41388
42109070300,"Middleburg, PA",41387
4013614800,"Deer Valley, Phoenix, AZ",41387
42077009400,"West Side, Bethlehem, PA",41387
9003416500,"New Britain, CT",41387
49053271300,"St. George, UT",41386
48251130410,"Alvarado, TX",41386
19165960100,"Harlan, IA",41386
45041000600,"Florence, SC",41386
12086005801,"Flagami, Coral Gables, FL",41386
19185070300,"Corydon, IA",41386
6085503401,"Alum Rock, San Jose, CA",41385
48273020100,"Kingsville, TX",41385
36073040300,"Medina, NY",41385
39035160200,"Lakewood, OH",41385
13135050423,"Norcross, GA",41384
6095250501,"Vallejo, CA",41384
26163550200,"Grosse Pointe Park, MI",41384
6037407801,"La Puente, CA",41384
29055450102,"Bourbon, MO",41383
6083002606,"Vandenberg Air Force Base, CA",41383
6073000202,"MIddletown, San Diego, CA",41382
18019050606,"Jeffersonville, IN",41382
16005981800,"Pocatello, ID",41382
6083002809,"Lompoc, CA",41381
36001013300,"Watervliet, NY",41381
6041133000,"Petaluma, CA",41380
6011000300,"Williams, CA",41379
6073004300,"North Park, San Diego, CA",41379
22029000100,"Ferriday, LA",41379
53029970900,"Oak Harbor, WA",41379
21111004400,"Beechmont, Louisville, KY",41379
55083101000,"Oconto, WI",41378
27053110800,"Southwest Minneapolis, Minneapolis, MN",41378
6037212610,"Central LA, Los Angeles, CA",41378
40031000403,"Lawton, OK",41378
48201410200,"Montrose, Houston, TX",41378
48131950100,"San Diego, TX",41378
6037123602,"Van Nuys, Los Angeles, CA",41377
6073010109,"Nestor, San Diego, CA",41377
25005652100,"New Bedford, MA",41377
36053030700,"Morrisville, NY",41376
8123001006,"Evans, CO",41375
16055000601,"Post Falls, ID",41375
6083002502,"Guadalupe, CA",41375
6037296902,"San Pedro, Los Angeles, CA",41375
39159050303,"Marysville, OH",41375
48201233702,"Northeast Houston, Galena Park, TX",41374
55123960400,"Viroqua, WI",41374
6037408004,"West Covina, CA",41374
54069002000,"Wheeling, WV",41373
48439113405,"Hurst, TX",41373
42107003300,"Schuylkill Haven, PA",41373
26149041500,"Sturgis, MI",41372
6059088601,"Garden Grove, CA",41372
26065005401,"Holt, Delhi charter Township, MI",41371
18091041800,"Rolling Prairie, IN",41371
1101005609,"Montgomery, AL",41371
42013011001,"Duncansville, PA",41371
48113014302,"Arts District, Irving, TX",41370
27153790400,"Browerville, MN",41370
17031840300,"McKinley Park, Chicago, IL",41369
48355005802,"Robstown, TX",41369
54081001100,"Lester, WV",41369
55023960600,"Southside, Prairie du Chien, WI",41369
8069001111,"Prospect/Shields, Fort Collins, CO",41368
45071950602,"Little Mountain, SC",41368
18003003400,"Frances Slocum, Fort Wayne, IN",41367
48321730302,"Bay City, TX",41367
17163503414,"O'Fallon, IL",41366
12086000130,"Sunny Isles Beach, FL",41366
17037000800,"DeKalb, IL",41365
51187020602,"Front Royal, VA",41365
23005004502,"Freeport, Freeport, ME",41365
45083021200,"Converse Heights, Spartanburg, SC",41365
6037407301,"La Puente, CA",41365
51069050600,"Stephens City, VA",41365
40035373200,"Vinita, OK",41364
51059451400,"Seven Corners, VA",41364
19155030501,"Council Bluffs, IA",41364
37025041601,"Midland, NC",41363
36069051300,"Stanley, NY",41361
47037015200,"Donelson, Nashville, TN",41361
12071050106,"Fort Myers, FL",41361
6025010102,"Calipatria, CA",41361
53033029504,"Kent, WA",41360
15003003603,"Ala Moana, Honolulu, HI",41360
6059088702,"Garden Grove, CA",41359
55113100400,"Stone Lake, WI",41359
26091060402,"Manitou Beach, Manitou Beach-Devils Lake, MI",41359
36055013601,"Rochester, NY",41359
49035112610,"Sandy, UT",41358
26125167400,"Farmington Hills, MI",41358
48203020301,"Marshall, TX",41358
48113009604,"North Dallas, Dallas, TX",41357
25023511100,"Brockton, MA",41356
39029950900,"Alliance, OH",41356
25025170702,"Revere, MA",41356
24027606901,"Savage, Jessup, MD",41356
40113940007,"Sand Springs, OK",41355
8077001703,"Grand Junction, CO",41353
30029000602,"Columbia Falls, MT",41353
42031160600,"Clarion, PA",41351
50027965700,"Hartland, VT",41350
23023970301,"Topsham, ME",41350
6013363000,"El Sobrante, CA",41350
17031160800,"Irving Park, Chicago, IL",41349
48089750200,"Garwood, TX",41349
27075370400,"Two Harbors, MN",41348
42003562800,"Pittsburgh, PA",41348
27091790400,"Ceylon, MN",41348
17031140800,"Albany Park, Chicago, IL",41348
6037502901,"East Whitter, Whittier, CA",41348
29027070700,"Holts Summit, MO",41348
37183053723,"Comstock Landing, Raleigh, NC",41347
6073018504,"Fire Mountain, Oceanside, CA",41346
54107010300,"Vienna, WV",41346
12115001702,"Sarasota, FL",41345
6019007902,"Coalinga, CA",41345
12103025412,"Clearwater, FL",41345
42039111700,"Meadville, PA",41344
4013104203,"Fairwood, Phoenix, AZ",41344
20205097200,"Fredonia, KS",41343
24033807404,"Beltsville, MD",41342
53063004300,"Comstock, Spokane, WA",41341
36123150200,"Penn Yan, NY",41341
47165020204,"Portland, TN",41341
18167010300,"West Terre Haute, IN",41341
26145013100,"Birch Run, MI",41340
13063040613,"Jonesboro, GA",41340
48039664300,"Freeport, TX",41339
6109001100,"Sonora, CA",41338
5119001502,"Little Rock, AR",41337
36081046900,"Queens County, NY",41336
42073010600,"New Castle, PA",41336
10001040202,"Smyrna, DE",41335
12101031602,"Odessa, FL",41335
42111020900,"Friedens, PA",41334
36055007700,"Browncroft, Rochester, NY",41334
17183010800,"Oakwood, IL",41332
55101001706,"Mount Pleasant, WI",41331
55117000400,"Sheboygan, WI",41331
23011014000,"Winthrop, Winthrop, ME",41331
21029020103,"Taylorsville, KY",41330
12053041501,"Hernando Beach, FL",41330
26037011002,"Laingsburg, MI",41330
41035971400,"Klamath Falls, OR",41329
26163583700,"Taylor, MI",41329
18095011000,"Anderson, IN",41328
45007012001,"Anderson, SC",41328
8013012508,"Martin Acres, Boulder, CO",41328
12009066900,"Sorrento Village, Satellite Beach, FL",41326
12099005411,"Boynton Beach, FL",41325
17099963600,"Ottawa, IL",41325
41009970700,"Saint Helens, OR",41325
6037122120,"Sun Valley, Los Angeles, CA",41325
48361020300,"West Orange, TX",41324
4021000201,"Gold Canyon, AZ",41323
36063022602,"Niagara Falls, NY",41323
24001002100,"Lonaconing, MD",41320
1003011101,"Fairhope, AL",41320
16027022300,"Nampa, ID",41320
12009066103,"Melbourne Beach, FL",41320
45003021300,"Aiken, SC",41319
47021070103,"Cheatham County, TN",41319
12111381701,"Hutchinson Island South, Jensen Beach, FL",41318
41065970100,"The Dalles, OR",41318
37097061405,"Mooresville, NC",41317
28087000404,"Columbus, MS",41317
28033070411,"West End, Southaven, MS",41316
48471790300,"Huntsville, TX",41315
6071000604,"Chino, CA",41315
6037552100,"Norwalk, CA",41315
42049012100,"Waterford, PA",41314
22031950700,"Mansfield, LA",41313
6013307102,"Antioch, CA",41313
32003002951,"The Lakes, Las Vegas, NV",41312
48021950502,"Bastrop, TX",41312
51177020112,"Fredericksburg, VA",41312
6059001201,"La Habra, CA",41311
42101032300,"Northeast Philadelphia, Philadelphia, PA",41311
32003002828,"Las Vegas, NV",41311
41051000801,"Richmond, Portland, OR",41310
6067008905,"Rancho Cordova, CA",41310
41039000100,"Walterville, OR",41310
42129808200,"Derry, PA",41310
31077970900,"Greeley, NE",41309
53033005801,"Magnolia, Seattle, WA",41309
21029020702,"Shepherdsville, KY",41309
47037018301,"Bellevue, Nashville, TN",41308
1051030901,"Deatsville, AL",41308
12086017600,"Miami, FL",41308
26077002003,"West Portage, Portage, MI",41308
13089021504,"Victoria Estates, Atlanta, GA",41307
24017850101,"Bryans Road, MD",41307
53011042800,"Edgewood Park, Vancouver, WA",41306
12071050204,"Fort Myers, FL",41306
54077964300,"Kingwood, WV",41305
42129805500,"Monessen, PA",41304
48491020316,"Cedar Park, TX",41304
12095010300,"Southeast Orlando, Orlando, FL",41304
6067009609,"Valley Hi / North Laguna, Sacramento, CA",41303
6001431000,"Castro Valley, CA",41302
6067009328,"Elk Grove, CA",41302
36103146102,"Bay Shore, NY",41301
42067070201,"East Waterford, PA",41301
50021962400,"Pittsford, VT",41301
25017312400,"Belvidere, Lowell, MA",41301
6065042513,"Moreno Valley, CA",41300
33015063001,"Seabrook, NH",41300
6037552900,"Norwalk, CA",41299
51710004001,"Ghent, Norfolk, VA",41299
33015003400,"Derry, Derry, NH",41299
8013013210,"Longmont, CO",41299
1115040205,"St Clair County, AL",41298
39093080103,"North Ridgeville, OH",41298
51033030202,"Bowling Green, VA",41297
42035030100,"Renovo, PA",41297
53053072903,"Joint Base Lewis-McChord, WA",41297
54033031700,"Wallace, WV",41296
39095007204,"Southwyck, Toledo, OH",41296
26049012603,"Montrose, MI",41295
39061005200,"Oakley, Cincinnati, OH",41295
6079012402,"Nipomo, CA",41295
36067010700,"North Syracuse, NY",41295
6113011001,"Woodland, CA",41294
48469001700,"Victoria, TX",41294
8029964900,"Delta, CO",41294
50011010200,"Enosburg Falls, Enosburg, VT",41294
26059050400,"Reading, MI",41293
37171930902,"State Road, NC",41293
17031813500,"Cicero, IL",41292
26099255100,"Roseville, MI",41292
29031880200,"Jackson, MO",41291
18065976800,"Lewisville, IN",41291
39093022100,"Lorain, OH",41290
26099262800,"Warren Woods, Warren, MI",41290
47165020405,"Cottontown, TN",41290
26055551500,"Traverse City, MI",41290
36025971100,"Roxbury, NY",41289
38067950300,"Cavalier, ND",41289
48321730501,"Wadsworth, TX",41288
49053270300,"St. George, UT",41287
53053071503,"Parkland, WA",41286
17161020300,"Silvis, IL",41285
39081011402,"Pleasant Hill, Steubenville, OH",41285
18023950700,"Frankfort, IN",41285
30105940600,"Glasgow, MT",41285
37119003203,"Collingwood, Charlotte, NC",41284
53033026300,"Tukwila, WA",41283
6097152501,"Santa Rosa, CA",41283
25009210800,"Peabody, MA",41282
6073008329,"Carmel Valley, San Diego, CA",41282
36029008400,"Buffalo, NY",41282
40109107703,"Midwest City, OK",41282
51710002100,"Lakewood, Norfolk, VA",41282
28067950302,"Laurel, MS",41281
6037201402,"Northeast Los Angeles, Los Angeles, CA",41281
53053071506,"Parkland, WA",41281
51073100301,"Hayes, Gloucester Point, VA",41279
45003021602,"Aiken, SC",41279
19115450100,"Letts, IA",41279
50001960900,"Shoreham, VT",41278
16043970300,"Saint Anthony, ID",41278
40097040501,"Locust Grove, OK",41277
6013386000,"El Cerrito, CA",41277
51177020310,"Spotsylvania Courthouse, VA",41277
48499950100,"Winnsboro, TX",41277
6037500900,"El Rancho, Pico Rivera, CA",41276
37021002505,"Candler, NC",41276
26111291200,"Midland, MI",41275
6017030200,"South Lake Tahoe, CA",41275
41051009907,"Gresham Butte, Gresham, OR",41275
12103026817,"Safety Harbor, FL",41274
48467950600,"Canton, TX",41273
48181001802,"Tom Bean, TX",41272
53007960100,"Entiat, WA",41272
41001950100,"Baker City, OR",41271
19081270400,"Britt, IA",41271
1009050102,"Oneonta, AL",41271
6059087805,"Southwest Anaheim, Anaheim, CA",41269
47149040403,"Smyrna, TN",41269
21145031301,"Paducah, KY",41268
26145012700,"Chesaning, MI",41268
42101031401,"Oxford Circle/ Castor, Philadelphia, PA",41267
6059086404,"Northeast Anaheim, Anaheim, CA",41266
21177960400,"Greenville, KY",41266
49053270700,"St. George, UT",41266
48029121606,"Northeast Side, San Antonio, TX",41265
12021010902,"City of Marco, Marco Island, FL",41265
6013362000,"Richmond, CA",41265
37171930501,"Mount Airy, NC",41265
29019001805,"Columbia, MO",41264
12015030503,"Pinehurst, Rotonda West, FL",41264
48201522201,"Northwest Houston, Houston, TX",41263
18157001502,"Lafayette, IN",41263
6107000100,"Three Rivers, CA",41263
48027021400,"Little River-Academy, TX",41262
31055007003,"South Omaha, Omaha, NE",41262
21157950500,"Benton, KY",41261
20113788600,"McPherson, KS",41261
51083930400,"Virgilina, VA",41261
55079170600,"South Milwaukee, WI",41260
27007450200,"Bemidji, MN",41259
55077960500,"Westfield, WI",41259
27031480100,"Grand Marais, MN",41258
6101050900,"Meridian, CA",41258
24005420900,"Dundalk, MD",41258
51153900404,"Woodbridge, VA",41256
42077005100,"Slatington, PA",41256
32001950302,"Fallon, NV",41256
33001965300,"Meredith, NH",41255
27137014000,"Hoyt Lakes, MN",41255
6059089001,"Riverview West, Santa Ana, CA",41254
36059304100,"Westbury, NY",41254
1127020200,"Jasper, AL",41254
42091200901,"Lansdale, PA",41254
47125101804,"Clarksville, TN",41253
22073005302,"West Monroe, LA",41253
17021958300,"Taylorville, IL",41253
39153504800,"Firestone Park, Akron, OH",41253
12033002400,"Pensacola, FL",41253
48331950700,"Rockdale, TX",41253
6111001503,"Ventura, CA",41253
18151971000,"Angola, IN",41252
45091061403,"Rock Hill, SC",41252
45015020903,"Hanahan, SC",41252
6109002200,"Sonora, CA",41252
41003010100,"Albany, OR",41250
19197680500,"Eagle Grove, IA",41248
17081050600,"Mount Vernon, IL",41248
48187210901,"Seguin, TX",41248
48241950400,"Jasper, TX",41247
40101001200,"Muskogee, OK",41246
6059075403,"Santa Ana, CA",41246
24043011100,"Hagerstown, MD",41246
37179020702,"Wingate, NC",41246
54001965700,"Philippi, WV",41245
26163583600,"Taylor, MI",41245
17197882702,"Cathedral Area, Joliet, IL",41245
9009352100,"Waterbury, CT",41245
2185000100,"Utqiagvik, AK",41244
6079012900,"Templeton, CA",41244
55009000401,"Green Bay, WI",41243
48113015206,"Irving, TX",41243
17095000200,"Galesburg, IL",41243
6085505009,"North San Jose, San Jose, CA",41243
51775010502,"Salem, VA",41242
21183920300,"Hartford, KY",41242
36081006100,"Queens County, NY",41242
13121009200,"Lindridge-Martin Manor, Atlanta, GA",41242
12071010412,"Pelican, Cape Coral, FL",41241
6019005406,"Fresno, CA",41241
12069031310,"Clermont, FL",41241
17031827901,"South Holland, IL",41240
48201311200,"Greater East End, Houston, TX",41240
5013480200,"Hampton, AR",41239
12127083203,"Breakaway Trails, Ormond Beach, FL",41238
28041950200,"Leakesville, MS",41238
11001005301,"Northwest Washington, Washington, DC",41238
16085970200,"McCall, ID",41237
25003923100,"Cheshire, MA",41237
1089010200,"Gurley, AL",41236
4013040516,"Festival Ranch, Buckeye, AZ",41236
22019002700,"Sulphur, LA",41236
10003016801,"Townsend, DE",41236
18001030700,"Geneva, IN",41235
13137000400,"Mount Airy, GA",41235
26005032000,"Plainwell, MI",41235
6001436900,"Longwood - Winton Grove, Hayward, CA",41235
42101006100,"Elmwood, Philadelphia, PA",41235
13223120503,"Hiram, GA",41235
48143950400,"Stephenville, TX",41234
41039002401,"Eugene, OR",41232
31047968000,"Lexington, NE",41232
6087100700,"Santa Cruz, CA",41231
21047200700,"Hopkinsville, KY",41231
15003007807,"Aiea, HI",41230
55139003000,"Menasha, WI",41230
32003005109,"Gibson Springs, Henderson, NV",41229
17119401200,"Wood River, IL",41229
27071790200,"International Falls, MN",41229
24021775400,"Brunswick, MD",41228
12011090900,"Hollywood Hills, Hollywood, FL",41228
13135050535,"Lawrenceville, GA",41228
6019005509,"Clovis, CA",41228
6073020902,"Pine Valley, CA",41228
47163041200,"Kingsport, TN",41227
26051000400,"Gladwin, MI",41226
6037553000,"Norwalk, CA",41225
36047095400,"Kings County, NY",41225
37001022001,"Graham, NC",41224
4013217700,"South Scottsdale, Scottsdale, AZ",41224
32003002949,"Las Vegas, NV",41224
26057000800,"Middleton, MI",41224
35061970200,"Bosque Farms, NM",41224
12086008417,"Miami, FL",41223
6099003001,"Ceres, CA",41223
39113165000,"Germantown, OH",41222
48439111537,"Grand Prairie, TX",41222
55073000900,"Schofield, WI",41221
40123088700,"Stonewall, OK",41220
21211040502,"Simpsonville, KY",41219
6065043217,"Temecula, CA",41219
1073005600,"Crestline, Irondale, AL",41219
4013613400,"Wildflower Point, Sun City, AZ",41218
24025305200,"Darlington, MD",41218
4019004638,"Marana, AZ",41218
24027605503,"Harper's Choice, Columbia, MD",41218
31145963100,"Indianola, NE",41218
53033028000,"Seattle, WA",41217
4015953601,"Kingman, AZ",41217
39153520600,"Cuyahoga Falls, OH",41217
21047200500,"Hopkinsville, KY",41217
6037121802,"North Hollywood, Los Angeles, CA",41217
25001014100,"Buzzards Bay, Bourne, MA",41216
6037134904,"Canoga Park, Los Angeles, CA",41215
26075006500,"Parma, MI",41215
12085000400,"Jensen Beach, FL",41215
8001008544,"Thornton, CO",41215
40131050409,"Catoosa, OK",41214
42077006800,"Fountain Hill, PA",41214
17019000500,"Champaign, IL",41214
39153503701,"Ellet, Akron, OH",41213
24025301301,"Harford County, MD",41213
37031970605,"Morehead City, NC",41213
42049011702,"North East, PA",41213
56027957200,"Lusk, WY",41213
21039960300,"Arlington, KY",41212
36111953300,"New Paltz, NY",41212
37183054015,"Northeast Raleigh, Raleigh, NC",41211
55139001400,"Oshkosh, WI",41211
55105003001,"Edgerton, WI",41211
15003010903,"Kailua, HI",41211
41027950300,"Hood River, OR",41211
8005006300,"Englewood, CO",41210
6077005132,"Manteca, CA",41210
55039040800,"Fond du Lac, WI",41210
20111000600,"Admire, KS",41209
18141011602,"Osceola, IN",41209
23005011500,"New Gloucester, ME",41209
36057070400,"Amsterdam, NY",41209
8069002007,"Kings Corner, Loveland, CO",41208
9001020100,"Downtown, Stamford, CT",41207
48439110600,"Westworth Village, TX",41206
12086003922,"Mid-Beach, Miami, FL",41206
6067009608,"Southwestern Sacramento, Elk Grove, CA",41206
27123036700,"West Seventh, Saint Paul, MN",41205
40143005002,"Tulsa, OK",41205
42051262702,"Markleysburg, PA",41205
53017950800,"East Wenatchee, WA",41204
1103005500,"Falkville, AL",41204
6099002801,"Waterford, CA",41204
8101001700,"Sunset, Pueblo, CO",41204
55021970500,"Portage, WI",41204
39169003000,"Marshallville, OH",41204
40143007510,"Broken Arrow, OK",41203
26149041300,"Colon, MI",41203
12099000803,"Palm Beach Gardens, FL",41203
36081026902,"Queens County, NY",41203
4013104215,"Glendale, AZ",41203
18107957400,"Crawfordsville, IN",41202
6083002102,"Santa Maria, CA",41202
4013082026,"Coldwater Springs, Avondale, AZ",41201
12057006103,"Bayshore Gardens, Tampa, FL",41200
37147000202,"Greenville, NC",41199
24013507801,"Westminster, MD",41199
5119004104,"Chicot West I-30 South, Alexander, AR",41199
4013082025,"Coldwater Springs, Avondale, AZ",41199
20185470600,"Stafford, KS",41198
53011041320,"Vancouver, WA",41198
18061060600,"Elizabeth, IN",41198
33011001200,"Hanover Hill, Manchester, NH",41197
12086018500,"Miami, FL",41197
6089012702,"Fall River Mills, CA",41196
6071007403,"NE - Sterling, San Bernardino, CA",41196
25005652000,"New Bedford, MA",41196
6077005206,"Tracy, CA",41196
21111012406,"Pleasure Ridge Park, Louisville, KY",41195
21111010104,"Lyndon, KY",41195
24033803521,"Bowie, MD",41195
55133202800,"Waukesha, WI",41194
27137013100,"Virginia, MN",41194
12011020414,"Tamarac, FL",41193
32510000702,"Carson City, NV",41193
42111021800,"Rockwood, PA",41193
37129012001,"Lands End, Wilmington, NC",41191
53035092902,"Port Orchard, WA",41191
36011040500,"Cayuga County, NY",41191
35045000705,"Bloomfield, NM",41190
9009351500,"Waterbury, CT",41190
6073018513,"Ivey Ranch / Rancho Del Oro, Oceanside, CA",41190
20155001200,"Hutchinson, KS",41189
6053011204,"Greenfield, CA",41188
36101961200,"Bath, NY",41188
55009000200,"Green Bay, WI",41188
41061970200,"Union, OR",41188
17095001200,"East Galesburg, IL",41187
6035040500,"Janesville, CA",41187
31157953500,"Scottsbluff, NE",41187
6099000601,"Modesto, CA",41187
12115002716,"Venice, FL",41187
12099005807,"Lake Worth, FL",41186
13103030305,"Rincon, GA",41186
39035106900,"Old Brooklyn, Cleveland, OH",41186
12021010803,"South Naples, Naples, FL",41186
39023002702,"Terra Villa, New Carlisle, OH",41185
17091011300,"Kankakee, IL",41183
33011018501,"Greenville, NH",41183
51800075702,"Suffolk, VA",41183
19153000701,"Des Moines, IA",41182
42037051500,"Catawissa, PA",41182
46099000405,"Sioux Falls, SD",41181
22063040901,"Holden, LA",41181
17031061000,"Lake View, Chicago, IL",41180
33011011102,"Nashua, NH",41179
8041004705,"Colorado Springs, CO",41179
6013324001,"Walnut Creek, CA",41179
36015000500,"Elmira, NY",41179
48029181705,"Far West Side, San Antonio, TX",41179
8101002807,"Regency, Pueblo, CO",41179
26115830700,"Milan, MI",41178
48439111011,"Fort Worth, TX",41178
37119003103,"Madison Park, Charlotte, NC",41177
47147080603,"Greenbrier, TN",41177
15007040204,"Kapaa, HI",41177
6075022803,"Mission District, San Francisco, CA",41176
39025040101,"Williamsburg, OH",41176
50023954800,"Montpelier, VT",41175
12011010407,"Deerfield Beach, FL",41175
39035177201,"Parma, OH",41175
36039081102,"Catskill, NY",41174
48181000101,"Bells, TX",41174
17031210400,"Avondale, Chicago, IL",41173
35025000502,"Hobbs, NM",41173
24017850400,"Nanjemoy, MD",41173
25025120700,"Jamaica Plain, Boston, MA",41173
26049011711,"Davison, MI",41173
24003708004,"Lothian, MD",41172
45079010308,"Irmo, SC",41172
24003751000,"Glen Burnie, MD",41172
55079009300,"Uptown, Milwaukee, WI",41172
36081049600,"Queens County, NY",41172
12057011408,"Tampa, FL",41171
22099020302,"Breaux Bridge, LA",41171
15007040700,"Kalaheo, HI",41170
18177010200,"Fountain City, IN",41168
27147960600,"Owatonna, MN",41167
36081009100,"Queens County, NY",41167
46013951500,"Aberdeen, SD",41167
42003523501,"Penn Hills, PA",41166
36005035000,"Bronx County, NY",41166
42051262800,"Uniontown, PA",41166
42101031800,"Oxford Circle/ Castor, Philadelphia, PA",41166
39075976700,"Millersburg, OH",41166
55069960900,"Merrill, WI",41165
36081103202,"Queens County, NY",41165
42003191500,"Mount Washington, Pittsburgh, PA",41165
17031831600,"Montclare, Chicago, IL",41164
6073021000,"Borrego Springs, CA",41163
4013107700,"Camelback East Village, Phoenix, AZ",41163
6073009305,"Serra Mesa, San Diego, CA",41163
40065968500,"Altus, OK",41162
6029001801,"West Park Community, Bakersfield, CA",41162
41037960200,"Lakeview, OR",41162
6001425104,"Emeryville, CA",41161
31153010401,"Bellevue, NE",41161
32003003306,"Los Prados, Las Vegas, NV",41161
26163580200,"Wyandotte, MI",41160
32003002830,"Silverado Ranch, Las Vegas, NV",41160
45045003013,"Simpsonville, SC",41159
53033027300,"SeaTac, WA",41159
6037910207,"Palmdale, CA",41158
18015959300,"Delphi, IN",41157
48257050204,"Forney, TX",41157
6073007600,"Mission Beach, San Diego, CA",41157
36117020402,"Williamson, NY",41157
53011041400,"Camas, WA",41157
31109000201,"University Place, Lincoln, NE",41157
4013071911,"Downtown, Peoria, AZ",41156
6047002000,"Gustine, CA",41156
26099220002,"New Baltimore, MI",41156
39151712900,"Minerva, OH",41156
29043020305,"Ozark, MO",41155
39101010400,"Marion, OH",41155
12001001813,"Blues Creek, Gainesville, FL",41155
36067004900,"Southside, Syracuse, NY",41155
6059011711,"Fullerton, CA",41155
36085008100,"Richmond County, NY",41155
6037602402,"Hawthorne, CA",41154
23011010802,"West Gardiner, ME",41154
24033801404,"National Harbor, Oxon Hill, MD",41153
25013812201,"West Springfield, MA",41153
53061940001,"Tulalip, WA",41152
8123002101,"Milliken, CO",41152
47037019117,"Antioch, Nashville, TN",41152
42121201400,"Kennerdell, PA",41152
34021002902,"Mercerville-Hamilton Square, Hamilton Township, NJ",41152
22047952900,"White Castle, LA",41151
13011970200,"Homer, GA",41151
34023004200,"Perth Amboy, NJ",41150
45051080200,"Galivants Ferry, SC",41150
15003003502,"Makiki - Lower Punchbowl - Tantalus, Honolulu, HI",41150
15003007000,"Naval Station Pearl Harbor, Honolulu, HI",41150
36005036000,"Bronx County, NY",41149
39065000300,"Dola, OH",41148
6059011602,"Northeast Anaheim, Anaheim, CA",41148
54019020300,"Oak Hill, WV",41148
36081015802,"Queens County, NY",41147
6037199300,"Montecito Heights, Los Angeles, CA",41146
24033800605,"Greater Upper Marlboro, Upper Marlboro, MD",41146
27123030704,"Greater East Side, Saint Paul, MN",41145
34017019200,"Hoboken, NJ",41145
40109108521,"Northwest Oklahoma City, Oklahoma City, OK",41145
16027020501,"Nampa, ID",41144
8041004701,"Northeast Colorado Springs, Colorado Springs, CO",41144
6111008900,"Redwood, Oxnard, CA",41144
36047007700,"Kings County, NY",41144
42031160102,"Clarion, PA",41144
12099007910,"West Palm Beach, FL",41143
42085031400,"Hermitage, PA",41143
42003090200,"Central Lawrenceville, Pittsburgh, PA",41143
31021963300,"Tekamah, NE",41142
39143961000,"Woodville, OH",41142
36117020700,"Palmyra, NY",41142
6073013302,"Chula Vista, CA",41142
6037120105,"Panorama City, Los Angeles, CA",41141
48485012400,"Wichita Falls, TX",41141
51121021000,"Christiansburg, VA",41140
36047044300,"Kings County, NY",41139
36007012202,"Port Crane, NY",41138
21223100100,"Milton, KY",41138
18073101100,"Rensselaer, IN",41137
53067012520,"Yelm, WA",41136
18089042100,"Hobart, IN",41135
34031175704,"Passaic, NJ",41135
26125136101,"Novi, MI",41135
6065046800,"Moreno Valley, CA",41135
40125501101,"Shawnee, OK",41134
55063000800,"La Crosse, WI",41133
29099700302,"Byrnes Mill, MO",41133
55101001501,"Racine, WI",41132
40153953100,"Mooreland, OK",41132
8005005620,"Littleton, CO",41131
12099000804,"Palm Beach Gardens, FL",41131
55075960600,"Wausaukee, WI",41131
48409011200,"Mathis, TX",41130
36061007300,"Lower Manhattan, New York, NY",41130
13297110100,"Monroe, GA",41130
25017310300,"Centralville, Lowell, MA",41130
36113070400,"Glens Falls, NY",41129
6029005900,"Mojave, CA",41129
20191962400,"Wellington, KS",41129
36081063800,"Queens County, NY",41128
53033023202,"Crossroads, Bellevue, WA",41128
36073040500,"Medina, NY",41127
17045070500,"Paris, IL",41127
17089853300,"Aurora, IL",41127
2068000100,"Healy, AK",41126
27043460300,"Faribault County, MN",41126
37087920600,"Waynesville, NC",41126
53057951500,"Sedro-Woolley, WA",41126
6085501800,"Willow Glen, San Jose, CA",41126
19073080300,"Jefferson, IA",41126
19113000207,"Cedar Rapids, IA",41125
24021750200,"Downtown, Frederick, MD",41125
10001041702,"Dover, DE",41125
16019970900,"Idaho Falls, ID",41124
18025952100,"Leavenworth, IN",41124
13089022302,"Decatur, GA",41123
6037432401,"El Monte City, El Monte, CA",41123
54003971400,"Martinsburg, WV",41123
17109011000,"Macomb, IL",41122
49055979100,"Bicknell, UT",41122
29053950500,"Pilot Grove, MO",41122
6097151301,"Rohnert Park, CA",41121
6053000103,"Salinas, CA",41121
4025000607,"Yavapai County, AZ",41120
26163580300,"Wyandotte, MI",41120
29186960100,"Ste Genevieve County, MO",41120
37129012009,"Eagles Nest, Wilmington, NC",41120
4013617000,"Paradise Valley Village, Phoenix, AZ",41119
49057201600,"Ogden, UT",41118
40061279300,"Stigler, OK",41118
51191010401,"Abingdon, VA",41118
19193000900,"Sioux City, IA",41118
48495950400,"Winkler County, TX",41118
36003950900,"Andover, NY",41117
27095970300,"Onamia, MN",41117
13135050416,"Stone Mountain, GA",41117
6037123510,"Van Nuys, Los Angeles, CA",41117
36067014500,"East Syracuse, NY",41117
12031014001,"Beaches, Neptune Beach, FL",41117
26151970500,"Port Sanilac, MI",41117
42069101600,"Scranton, PA",41114
51630000100,"Fredericksburg, VA",41114
42087960100,"Milroy, PA",41113
17031320400,"Chicago Loop, Chicago, IL",41113
55117001100,"Sheboygan, WI",41113
18097391000,"Indianapolis, IN",41112
53041971600,"Winlock, WA",41112
55139003500,"Neenah, WI",41110
40109105100,"Central Oklahoma City, Oklahoma City, OK",41108
12086018400,"Miami, FL",41108
48201532502,"Greater Inwood, Houston, TX",41108
27003051400,"Minneapolis, MN",41108
51540000800,"Greenbrier, Charlottesville, VA",41107
6031000402,"Lemoore, CA",41107
17115001801,"Decatur, IL",41107
18139974300,"Rushville, IN",41107
21017030400,"Paris, KY",41106
23011024200,"Waterville, ME",41106
9013530100,"Rockville, Vernon, CT",41105
31089974300,"O'Neill, NE",41105
6067009639,"Elk Grove, CA",41105
6097152202,"Santa Rosa, CA",41104
48113019204,"Richardson, TX",41104
26137950200,"Gaylord, MI",41104
4009961400,"Safford, AZ",41104
48183000401,"Longview, TX",41104
22087030300,"Arabi, LA",41104
27087940100,"Mahnomen, MN",41103
36081027900,"Queens County, NY",41102
6029003700,"Bakersfield, CA",41100
12115001507,"Sarasota, FL",41099
8123000900,"Greeley, CO",41098
1073010702,"Homewood, AL",41098
48141001110,"Upper Mesa Hills, El Paso, TX",41098
9013890100,"Stafford Springs, Stafford, CT",41097
17031630200,"Gage Park, Chicago, IL",41096
32003005834,"Las Vegas, NV",41096
36081016600,"Queens County, NY",41096
26125130000,"White Lake, White Lake charter Township, MI",41095
4019004332,"Green Valley, AZ",41095
25025120600,"Hyde Square, Boston, MA",41094
26091062000,"Jasper, MI",41094
17031750200,"South Side, Chicago, IL",41093
13299950600,"Waycross, GA",41093
45085001701,"Sumter, SC",41093
13077170306,"Newnan, GA",41092
48013960300,"Poteet, TX",41092
6071009714,"Apple Valley, CA",41092
48027021203,"Temple, TX",41091
21067002700,"Lansdowne, Lexington, KY",41090
12011091901,"Hollywood Lakes, Hollywood, FL",41090
33005971402,"Keene, NH",41090
39173022500,"Bowling Green, OH",41090
17079977400,"Newton, IL",41090
47149041403,"Murfreesboro, TN",41090
19113000800,"Noelridge Park, Cedar Rapids, IA",41089
33013003100,"Allenstown, NH",41089
48201511400,"Greater Heights, Houston, TX",41089
17201003707,"Rockford, IL",41089
42079211000,"Luzerne County, PA",41088
12103027308,"Tarpon Springs, FL",41088
24031700818,"Germantown, MD",41087
55127001604,"Fontana-on-Geneva Lake, WI",41087
20117070182,"Waterville, KS",41087
31055006905,"Paddock Road, Omaha, NE",41087
36111954100,"Wallkill, NY",41086
37025041503,"Concord, NC",41084
25011041000,"Greenfield, MA",41084
12101032104,"Wesley Chapel, FL",41083
26099242100,"Clinton Township, MI",41083
6037551700,"Downey, CA",41083
39085202400,"Fern Gardens, Mentor-on-the-Lake, OH",41082
42043022900,"Steelton, PA",41082
42077000102,"Allentown, PA",41081
42117950700,"Mansfield, PA",41081
6085503504,"Alum Rock, San Jose, CA",41081
48223950800,"Sulphur Springs, TX",41080
5031001000,"Monette, AR",41080
33017083001,"Somersworth, NH",41080
9003510800,"East Hartford, CT",41080
16057005200,"Moscow, ID",41080
36119003600,"North Side, Mount Vernon, NY",41080
4013082002,"Maryvale Village, Phoenix, AZ",41080
12086004500,"South Pointe, Miami, FL",41079
6037554001,"Bellflower, CA",41079
32019960900,"Yerington, NV",41078
6065044923,"Cathedral City, CA",41078
42089301205,"Saylorsburg, PA",41078
13135050313,"Duluth, GA",41078
6073003201,"Paradise Hills, San Diego, CA",41078
21087930300,"Greensburg, KY",41078
1073013902,"Hueytown, AL",41077
41051002902,"Northeast Portland, Portland, OR",41077
6037311801,"Burbank, CA",41077
34011010301,"Cedarville, Lawrence Township, NJ",41076
36103180300,"Shelter Island, NY",41076
36013035300,"Dunkirk, NY",41076
26163580900,"Wyandotte, MI",41075
18097310201,"Augusta Green, Indianapolis, IN",41075
12115000404,"Glen Oaks, Sarasota, FL",41075
5085020202,"Cabot, AR",41075
26163580700,"Wyandotte, MI",41074
42069101900,"Scranton, PA",41074
13089022402,"Atlanta, GA",41074
36119014200,"Peekskill, NY",41074
39035132200,"Bedford, OH",41073
26145012900,"Chesaning, MI",41073
48201322100,"Pasadena Highlands, Pasadena, TX",41073
24031703404,"Silver Spring, MD",41073
29097012200,"Oronogo, MO",41072
1033020500,"Tuscumbia, AL",41071
12127080806,"Ormond Beach, FL",41071
13063040609,"Jonesboro, GA",41070
54069001700,"Wheeling, WV",41070
41047010802,"Jefferson, OR",41070
26155031302,"Bancroft, MI",41070
26099258200,"Eastpointe, MI",41069
24027606707,"Columbia, MD",41069
4019004048,"Tucson, AZ",41068
6065042506,"Moreno Valley, CA",41068
25027760100,"Brookfield, MA",41068
41017000500,"Sisters, OR",41067
51095080202,"Williamsburg, VA",41067
6073000800,"North Park, San Diego, CA",41067
18071967902,"Seymour, IN",41066
18003003700,"Kyle Road, Fort Wayne, IN",41066
23007971400,"Jay, ME",41066
26163572900,"Dearborn Heights, MI",41065
6097151204,"Cotati, CA",41065
36081007700,"Queens County, NY",41065
26065006100,"Leslie, MI",41065
29099700605,"Pevely, MO",41064
32031003510,"Sparks, NV",41064
34017001400,"The Heights, Jersey City, NJ",41064
28049010400,"Clinton, MS",41064
6083001306,"Hidden Valley, Santa Barbara, CA",41064
29095010203,"South Kansas City, Kansas City, MO",41063
39093071100,"Eastern Heights, Elyria, OH",41063
6107002004,"Visalia, CA",41062
4013117100,"Midtown, Phoenix, AZ",41062
23005004702,"Gray, ME",41061
40103956600,"Red Rock, OK",41060
17031812801,"Oak Park, IL",41060
45063021024,"Lexington, SC",41060
24009861004,"Lusby, MD",41060
17017960100,"Ashland, IL",41060
17165955600,"Eldorado, IL",41060
42105950200,"Shinglehouse, PA",41059
55095960300,"Milltown, WI",41059
23003950700,"Wallagrass, ME",41059
6097153902,"Healdsburg, CA",41058
16067970200,"Heyburn, ID",41058
12115001905,"Siesta Key, FL",41057
34009021900,"Cape May, NJ",41057
48423001403,"Lindale, TX",41056
6085512313,"Morgan Hill, CA",41056
24005400900,"Catonsville, MD",41056
12031013100,"Venetia, Jacksonville, FL",41056
23031030100,"Springvale, Sanford, ME",41055
34029715901,"Lakewood, Lakewood Township, NJ",41054
42079215600,"Glen Lyon, PA",41054
6077005305,"Tracy, CA",41053
54005958200,"Ridgeview, WV",41053
42079200200,"Wilkes-Barre, PA",41053
39111966600,"Clarington, OH",41053
40143007415,"Broken Arrow, OK",41053
54107010400,"Vienna, WV",41052
21097950200,"Berry, KY",41052
6001405500,"Clinton, Oakland, CA",41052
51169030400,"Gate City, VA",41052
42039110501,"Conneaut Lake, PA",41052
19079960400,"Webster City, IA",41051
16055001001,"Hayden, ID",41051
41005022907,"Canby, OR",41051
6077005123,"Manteca, CA",41050
39169002100,"Wooster, OH",41050
6097153200,"Santa Rosa, CA",41050
9003405700,"West End, Bristol, CT",41049
21015070606,"Walton, KY",41049
8085966400,"Montrose, CO",41048
40049681800,"Lindsay, OK",41048
37081016006,"Greensboro, NC",41048
12085000901,"Stuart, FL",41048
36047012901,"Kings County, NY",41048
42003448000,"Leetsdale, PA",41048
48439113513,"Euless, TX",41047
29005950100,"Tarkio, MO",41046
12101032012,"Saddlebrook Corporate Center, Wesley Chapel, FL",41046
6055200501,"Napa, CA",41046
16055000602,"Post Falls, ID",41046
32001950600,"Fallon, NV",41045
1081040300,"Auburn, AL",41045
22079010300,"Pineville, LA",41045
37183052705,"Brentwood Estates, Raleigh, NC",41045
48355005412,"South Side, Corpus Christi, TX",41044
39049008161,"Westland, Columbus, OH",41044
4013061040,"Dysart Cactus, El Mirage, AZ",41044
37119005717,"Matthews, NC",41044
36081065600,"Queens County, NY",41044
6037197600,"Echo Park, Los Angeles, CA",41043
40071001302,"Blackwell, OK",41043
6001407102,"Jefferson, Oakland, CA",41042
46031941000,"Isabel, SD",41042
26027001200,"Edwardsburg, MI",41042
48355005410,"South Side, Corpus Christi, TX",41041
6059075901,"Orange, CA",41041
26057000900,"Ashley, MI",41041
6007003600,"Biggs, CA",41041
21083020700,"Hickory, KY",41041
39151714902,"Waynesburg, OH",41040
48465950201,"Del Rio, TX",41039
39117965200,"Mount Gilead, OH",41039
6065045233,"Bermuda Dunes, CA",41038
37189920701,"Watauga County, NC",41037
8005007702,"Lynn Knoll, Aurora, CO",41037
31055003000,"South Omaha, Omaha, NE",41037
36081008300,"Queens County, NY",41037
36043011302,"Town of Schuyler, NY",41037
6037481102,"San Gabriel, CA",41037
12101032107,"Country Walk, Wesley Chapel, FL",41037
47181950400,"Cypress Inn, TN",41037
6079010701,"Los Osos, Baywood-Los Osos, CA",41036
47125101802,"Clarksville, TN",41036
6101050503,"Yuba City, CA",41036
24033803610,"New Carrollton, MD",41036
33001965400,"Sanbornton, NH",41036
40117957200,"Cleveland, OK",41036
39015951201,"Fayetteville, OH",41036
4013108400,"Camelback East Village, Phoenix, AZ",41035
53033028902,"Des Moines, WA",41035
6111000302,"Fillmore, CA",41035
4013040521,"Crossriver, Sun City, AZ",41035
48113009611,"Northwest Dallas, Dallas, TX",41034
6065042213,"University, Riverside, CA",41034
42039110201,"Venango, PA",41034
13211010200,"Rutledge, GA",41033
34011041000,"Vineland, NJ",41032
32003003001,"Charleston Preservation, Las Vegas, NV",41032
6059032014,"Lake Forest, CA",41032
56025000700,"Casper, WY",41032
42043025400,"Millersburg, PA",41032
55099970100,"Fifield, WI",41031
27123030800,"North End, Saint Paul, MN",41031
23031030300,"South Sanford, Sanford, ME",41030
42003523400,"Churchill Valley, Pittsburgh, PA",41030
42011012600,"Reading, PA",41030
36047099600,"Kings County, NY",41029
36061008900,"Midtown, New York, NY",41028
18091042600,"Westville, IN",41028
45073030300,"Seneca, SC",41028
20147475300,"Phillipsburg, KS",41028
16039960200,"Mountain Home, ID",41027
6059087106,"Southwest Anaheim, Anaheim, CA",41027
51680001600,"Doral Acres, Lynchburg, VA",41026
26125145300,"Waterford Township, MI",41026
32003003247,"Desert Shores, Las Vegas, NV",41026
39061007100,"Clifton, Cincinnati, OH",41026
6087121600,"Opal Cliffs, Santa Cruz, CA",41026
51013103800,"Long Branch Creek, Arlington, VA",41026
51165012000,"Grottoes, VA",41025
37119005826,"Hwy 51 - Park Road, Charlotte, NC",41025
48201423402,"Greater Fondren Southwest, Houston, TX",41024
55073001104,"Weston, WI",41024
17083010300,"Dow, IL",41024
23025966700,"Skowhegan, ME",41023
35049010314,"Santa Fe, NM",41023
25013810700,"Chicopee, MA",41023
48121021526,"Shaddock Creek Estates, Frisco, TX",41023
48451001303,"San Angelo, TX",41023
1043965200,"Cullman, AL",41022
54033030500,"Mount Clare, WV",41020
16081960100,"Victor, ID",41019
33005970800,"Marlborough, NH",41019
37071030204,"Mount Holly, NC",41019
6083002909,"Goleta, CA",41018
6065040609,"Eastvale, CA",41018
12057010108,"Knights Community Club, Plant City, FL",41018
39049007010,"Westerville, OH",41017
25027702200,"Royalston, MA",41016
12095017014,"Orlando, FL",41016
32003003228,"Las Vegas, NV",41016
12086009028,"Miami, FL",41015
39057240100,"Xenia, OH",41014
6067008129,"Antelope Meadows, Citrus Heights, CA",41013
12005001404,"St. Andrews Bay, Lynn Haven, FL",41013
24033803526,"Kettering, MD",41013
12109020500,"St. Augustine, FL",41013
6029003114,"Bakersfield, CA",41013
36005022800,"Bronx County, NY",41013
30029000202,"Columbia Falls, MT",41012
6111007000,"Thousand Oaks, CA",41012
6037405400,"Covina, CA",41012
39149971900,"Sidney, OH",41011
36101962900,"South Corning, NY",41011
19107080400,"Ollie, IA",41010
49049001801,"Joaquin, Provo, UT",41009
51760040400,"Fan District, Richmond, VA",41008
42003468900,"Carnegie, PA",41007
36081011600,"Queens County, NY",41007
12043000100,"Okeechobee, FL",41007
19071970300,"Hamburg, IA",41006
42101031101,"Oxford Circle/ Castor, Philadelphia, PA",41005
12015020103,"Punta Gorda, FL",41004
51153900203,"Woodbridge, VA",41004
21145031600,"Paducah, KY",41001
55121100800,"Galesville, WI",41001
48439113518,"Euless, TX",41001
48141010222,"Canutillo, TX",41000
6085503208,"Serenede, San Jose, CA",40999
6065042624,"Moreno Valley, CA",40999
26021000800,"Saint Joseph, MI",40998
24005450200,"Essex, MD",40998
17091010800,"Momence, IL",40998
18019050701,"Jeffersonville, IN",40998
29159480100,"Pettis County, MO",40997
39147962700,"Fostoria, OH",40997
4019004622,"Rancho Feliz, Tucson, AZ",40997
36089492800,"Hammond, NY",40997
4005000400,"Flagstaff, AZ",40996
51177020202,"Fredericksburg, VA",40996
4009961100,"Pima, AZ",40996
53033029205,"Kent, WA",40995
47165020503,"Gallatin, TN",40995
48277000101,"Powderly, TX",40994
35001004725,"Taylor Ranch, Albuquerque, NM",40994
6037121101,"Sun Valley, Los Angeles, CA",40994
18097310110,"Indianapolis, IN",40994
6013366001,"San Pablo, CA",40994
42101037500,"Overbrook, Philadelphia, PA",40993
40143003100,"Riverview, Tulsa, OK",40993
51059416200,"Fort Belvoir, VA",40993
12081001701,"Bradenton Beach, FL",40993
6073018516,"Mira Costa, Oceanside, CA",40993
8041003706,"Northeast Colorado Springs, Colorado Springs, CO",40993
41051009102,"Southeast Portland, Portland, OR",40992
12099000905,"Palm Beach Gardens, FL",40992
50027965200,"Bethel, VT",40992
6057000200,"Grass Valley, CA",40992
26087332000,"North Branch, MI",40992
21085950200,"Clarkson, KY",40991
12105013902,"Winter Haven, FL",40991
29077004400,"Springfield, MO",40991
17031827801,"South Holland, IL",40991
51059422102,"Lorton, VA",40991
21179930500,"Bardstown, KY",40990
48491020312,"Leander, TX",40990
40019893000,"Ardmore, OK",40989
6037532500,"Huntington Park, CA",40989
39035106400,"Old Brooklyn, Cleveland, OH",40988
6001410000,"Chabot Park, Oakland, CA",40988
6095252914,"Vacaville, CA",40988
13073030202,"Martinez, GA",40987
36067004600,"Eastside, Syracuse, NY",40987
48245000307,"Beaumont, TX",40987
39057260100,"Cedarville, OH",40987
26121003500,"Whitehall, MI",40986
25027710600,"Fitchburg, MA",40986
37071032600,"Gastonia, NC",40986
39095006500,"Westgate, Toledo, OH",40985
26049011710,"Davison, MI",40985
20045000702,"Sunset Hills, Lawrence, KS",40983
12021010605,"East Naples, Naples, FL",40983
9013530200,"Rockville, Vernon, CT",40983
23031020000,"Buxton, ME",40982
13077170403,"Newnan, GA",40981
36019100200,"West Chazy, NY",40981
26081000400,"Creston, Grand Rapids, MI",40981
42003492900,"Clairton, PA",40980
53005010902,"Kennewick, WA",40980
25025071201,"Harrison Lenox, Boston, MA",40978
39113040401,"Montgomery County, OH",40978
47037010302,"Goodlettsville Heights, Goodlettsville, TN",40978
36119009000,"White Plains, NY",40977
51059421900,"Fort Belvoir, VA",40977
40143005801,"Owasso, OK",40976
17097861902,"Waukegan, IL",40976
34025802500,"Cliffwood Beach, Keyport, NJ",40975
53047970300,"Tonasket, WA",40975
36049950700,"Constableville, NY",40974
39165031100,"Oregonia, OH",40974
48441012500,"River Oaks/Brookhollow, Abilene, TX",40974
17031818000,"Broadview, IL",40974
53061052903,"Marysville, WA",40974
13185010301,"Valdosta, GA",40974
27023950600,"Montevideo, MN",40974
12095016408,"Winter Park, FL",40974
6085503121,"South San Jose, San Jose, CA",40973
19195690100,"Northwood, IA",40972
23031005300,"Saco, ME",40972
12099000406,"Villas of Ocean Dunes, Jupiter, FL",40971
18097320107,"College Commons, Indianapolis, IN",40970
47125100601,"Clarksville, TN",40970
8013013308,"Longmont, CO",40970
42013010800,"Williamsburg, PA",40969
16031950300,"Burley, ID",40969
4013107602,"Camelback East Village, Phoenix, AZ",40969
40079040301,"Bokoshe, OK",40969
32003002975,"Sovana, Las Vegas, NV",40969
20133951600,"Erie, KS",40968
29097010300,"Joplin, MO",40968
12115002303,"Venice, FL",40968
26077003500,"South Westnedge, Portage, MI",40967
26047970600,"Petoskey, MI",40967
39151712800,"Alliance, OH",40967
42115032300,"Susquehanna, PA",40967
42081011302,"Williamsport, PA",40967
8031015700,"Southwest, Denver, CO",40967
6037481101,"San Gabriel, CA",40966
55101000600,"Racine, WI",40966
18053010200,"Swayzee, IN",40966
48005001200,"Zavalla, TX",40965
6071002016,"Rancho Cucamonga, CA",40965
39017001001,"Hamilton, OH",40965
36027140200,"Arlington, NY",40965
12086005902,"Miami, FL",40965
22053000400,"Jennings, LA",40965
54107000903,"Parkersburg, WV",40965
18151970800,"Fremont, IN",40965
8087000500,"Fort Morgan, CO",40964
48201551900,"Trails At Steeplechase Apts 3, Houston, TX",40964
48181000102,"Whitewright, TX",40963
34005702601,"Mount Holly, NJ",40962
25025050600,"Central-Maverick Square / Paris Street, Boston, MA",40960
36045062400,"Watertown, NY",40960
6037553200,"Bellflower, CA",40960
17081050200,"Bluford, IL",40959
6001403702,"Adams Point, Oakland, CA",40958
55017010200,"Chippewa Falls, WI",40957
13139001402,"Gainesville, GA",40957
25025110401,"Roslindale, Boston, MA",40957
55025001300,"Bay Creek, Madison, WI",40957
48491020302,"Leander, TX",40957
18121030100,"Marshall, IN",40956
8041000202,"Northeast Colorado Springs, Colorado Springs, CO",40956
6111004505,"Pleasant Valley Villlage, Oxnard, CA",40956
27101900100,"Slayton, MN",40955
38017010107,"Village West, Fargo, ND",40955
5119002208,"West Markham, Little Rock, AR",40955
25025160300,"Chelsea, MA",40955
50011010500,"Franklin County, VT",40954
42029308000,"Oxford, PA",40954
39019720300,"Malvern, OH",40954
36029005300,"Delaware Park, Buffalo, NY",40953
6073007910,"Pacific Beach, San Diego, CA",40953
39025041000,"Batavia, OH",40953
36007013000,"Endwell, NY",40953
26045020104,"Waverly, Lansing, MI",40952
6065044517,"Desert Hot Springs, CA",40952
25009252300,"Methuen, MA",40951
44005040200,"Melville, Middletown, RI",40951
48245006500,"Port Arthur, TX",40950
39023002501,"Springfield, OH",40950
39001770200,"Seaman, OH",40950
39113050104,"Dayton, OH",40950
5131010102,"Greenwood, AR",40950
18089021700,"Hammond, IN",40949
37119006209,"Huntersville, NC",40949
53011041011,"West Minnehaha, Vancouver, WA",40949
30063001500,"Lolo, MT",40949
36081011900,"Queens County, NY",40948
42125775300,"Donora, PA",40948
25009261000,"Haverhill, MA",40948
49011125200,"Hill Air Force Base, UT",40947
48113018501,"Garland, TX",40947
39081000600,"Spahns Addition, Steubenville, OH",40947
36053940102,"Oneida, NY",40947
51073100400,"Gloucester County, VA",40947
18039001602,"Elkhart, IN",40947
6099002701,"Modesto, CA",40946
12086000601,"Hialeah, FL",40946
20021958300,"Columbus, KS",40945
56013000200,"Lander, WY",40945
12103025208,"Largo, FL",40945
48293970700,"Groesbeck, TX",40945
17031010400,"Rogers Park, Chicago, IL",40945
26125145700,"Waterford Township, MI",40945
6085504102,"Alum Rock, San Jose, CA",40944
54081001001,"Beckley, WV",40944
48087950300,"Wellington, TX",40944
21003920200,"Scottsville, KY",40944
6073018613,"San Luis Rey, Oceanside, CA",40943
17179021101,"Pekin, IL",40943
53027000300,"Hoquiam, WA",40943
39027964400,"Wilmington, OH",40943
6085509404,"Mountain View, CA",40942
4013061015,"Rancho Santa Fe, Avondale, AZ",40942
32031002205,"Reno, NV",40942
53011040712,"North Sifton - Orchards Area, Vancouver, WA",40942
6085509403,"Mountain View, CA",40941
26045020201,"Waverly, Lansing, MI",40941
1125010301,"Northport, AL",40940
48013960500,"Jourdanton, TX",40940
6037572201,"Wrigley, Long Beach, CA",40940
19125030500,"Knoxville, IA",40940
15009030402,"Makawao, HI",40939
54061010902,"Morgantown, WV",40939
47093004609,"Cedar Bluff, Knoxville, TN",40939
47093004403,"Knoxville, TN",40938
34039034100,"Roselle, NJ",40938
48199030800,"Silsbee, TX",40937
8085966602,"Montrose, CO",40936
39023002000,"Aberfelda Hills, Springfield, OH",40936
15003009704,"Waianae, HI",40936
21111011505,"Highview, Louisville, KY",40934
31053964200,"Fremont, NE",40934
6037670002,"Lomita, CA",40933
44009051504,"Narragansett, RI",40933
18113971900,"Kendallville, IN",40931
17195001300,"Sterling, IL",40931
42065950800,"Reynoldsville, PA",40931
26075000800,"Jackson, MI",40931
8005004952,"Glendale, CO",40929
48453001779,"Highland Lake Estates, Leander, TX",40929
42119090102,"New Columbia, PA",40929
42007601100,"Beaver Falls, PA",40929
18151971300,"Angola, IN",40928
8001008533,"Northglenn, CO",40928
39089755900,"Pataskala, OH",40928
12031016722,"Southside, Jacksonville, FL",40927
42039110502,"Conneaut Lake, PA",40926
19193000200,"Sioux City, IA",40925
41039002001,"Springfield, OR",40924
26065003103,"Lansing, MI",40924
17087977600,"Ozark, IL",40924
6037275311,"Los Angeles, CA",40924
48201323400,"Pasadena, TX",40923
1115040103,"Moody, AL",40923
36047022400,"Kings County, NY",40923
6001441926,"Sundale, Fremont, CA",40923
53011043100,"Vancouver Heights, Vancouver, WA",40923
25015820202,"Pelham, MA",40923
29095013313,"Grandview, MO",40923
6053011102,"Soledad, CA",40923
36035971400,"Amsterdam, NY",40922
6071002901,"Fontana, CA",40922
6067008128,"Antelope Woods, Citrus Heights, CA",40922
5125010510,"Bryant, AR",40922
26121003000,"Ravenna, MI",40922
6037405701,"Covina, CA",40921
21035010700,"Murray, KY",40921
48441012400,"Red Bud Area, Abilene, TX",40921
39099802702,"Kirkmere, Youngstown, OH",40920
8085966501,"Montrose, CO",40919
15003008703,"Waipahu, HI",40919
42097080400,"Milton, PA",40919
24033801901,"Temple Hills, MD",40919
53033011900,"Rainier Valley, Seattle, WA",40917
19175190200,"Creston, IA",40917
6095252802,"Travis Air Force Base, Fairfield, CA",40916
44007013600,"Edgewood, Cranston, RI",40916
55103970400,"Richland Center, WI",40916
6007000501,"Chico, CA",40916
22051024300,"Jefferson, LA",40916
12117022004,"Casselberry, FL",40916
46011958802,"Brookings, SD",40915
26073940600,"Mount Pleasant, MI",40915
1083020300,"Athens, AL",40915
6065031200,"Victoria, Riverside, CA",40914
6029003124,"The Seasons, Bakersfield, CA",40914
6095252501,"Fairfield, CA",40914
5143010506,"Fayetteville, AR",40914
48121021624,"Northwest Carrollton, Carrollton, TX",40913
24003740601,"Fort Meade, MD",40913
47167040800,"Brighton, TN",40912
6037294110,"Wilmington, Los Angeles, CA",40912
4019004329,"Presidio De La Tierra, Sahuarita, AZ",40911
19029190100,"Wiota, IA",40911
26125144800,"Waterford Township, MI",40911
36101961100,"Bath, NY",40911
42069102700,"South Side, Scranton, PA",40911
48339694700,"Montgomery, TX",40910
20113788500,"McPherson, KS",40909
6065040303,"Glen Avon, Riverside, CA",40909
6037271901,"Mar Vista, Los Angeles, CA",40909
18133956200,"Greencastle, IN",40909
48187210603,"Marion, TX",40909
5091020900,"Texarkana, AR",40908
11001010200,"Southwest Washington, Washington, DC",40908
6019001700,"Fowler, CA",40908
8041000400,"East Colorado Springs, Colorado Springs, CO",40908
31147968600,"Falls City, NE",40907
42091201604,"Roslyn, Abington, PA",40907
17035972500,"Toledo, IL",40906
48339694101,"Willis, TX",40906
39029950400,"Leetonia, OH",40905
6053011303,"King City, CA",40905
33015003500,"Derry, Derry, NH",40904
55035000400,"Altoona, WI",40903
13113140101,"Fayetteville, GA",40902
12057011205,"Tampa, FL",40902
12011020316,"Coral Springs, FL",40901
24033803522,"Bowie, MD",40901
26163594000,"Trenton, MI",40900
6097151305,"Rohnert Park, CA",40899
21123960101,"New Haven, KY",40898
39125960200,"Antwerp, OH",40898
48453001850,"North Austin, Austin, TX",40898
6019005701,"Clovis, CA",40898
21199930402,"Somerset, KY",40898
6037550201,"Norwalk, CA",40897
26017285202,"Essexville, MI",40897
6073018612,"Morro Hills, Oceanside, CA",40897
36093020102,"Schenectady, NY",40896
19083480600,"Eldora, IA",40896
12117022206,"Winter Park, FL",40895
10001042202,"Magnolia, DE",40895
36059407402,"Uniondale, NY",40894
26049012501,"Clio, MI",40894
42087960400,"McVeytown, PA",40894
19143460100,"Sibley, IA",40893
6095253107,"Vacaville, CA",40893
12103026601,"Clearwater, FL",40893
18067010600,"Kokomo, IN",40892
20057961900,"Dodge City, KS",40892
17075950500,"Watseka, IL",40892
53077002900,"Cowiche, WA",40892
40143007402,"Broken Arrow, OK",40891
42085032900,"Grove City, PA",40891
44009051102,"Charlestown, RI",40891
26163574000,"Dearborn, MI",40891
48029121120,"Stoneridge, San Antonio, TX",40890
27123032100,"Midway, Saint Paul, MN",40890
16083000200,"Twin Falls, ID",40890
48225950600,"Kennard, TX",40889
4013082205,"Estrella Village, Tolleson, AZ",40889
13047030201,"Ringgold, GA",40889
27131070501,"Northfield, MN",40889
18003003200,"Southwood Park, Fort Wayne, IN",40888
34029715000,"Lakewood, Lakewood Township, NJ",40888
4021000212,"Copper Basin, San Tan Valley, AZ",40888
17031190702,"Belmont Cragin, Chicago, IL",40888
40027201405,"Norman, OK",40888
25009266200,"Amesbury, MA",40887
36057072700,"Fultonville, NY",40886
6013313102,"Pittsburg, CA",40886
6067009318,"Country Park South, Sacramento, CA",40886
41039003101,"Eugene, OR",40886
23001046500,"Sabattus, ME",40886
51660000102,"Harrisonburg, VA",40886
26163569100,"Garden City, MI",40886
47033961200,"Friendship, TN",40885
51171040800,"New Market, VA",40885
6059075902,"Orange, CA",40885
23005002700,"Westbrook, ME",40885
29025950100,"Braymer, MO",40885
36067002901,"Westside, Syracuse, NY",40884
10003013200,"Wilmington, DE",40884
42003509400,"Turtle Creek, PA",40884
26125136102,"Novi, MI",40884
40119011200,"Yale, OK",40883
48453001864,"Summit Park At Wells Branch, Austin, TX",40883
26125128000,"Lake Orion, Orion charter Township, MI",40883
17011964900,"Princeton, IL",40883
47113001606,"Jackson, TN",40883
17031240500,"West Town, Chicago, IL",40883
12031014102,"Beaches, Jacksonville Beach, FL",40882
6037121102,"Sun Valley, Los Angeles, CA",40882
40145030300,"Wagoner, OK",40882
24005400701,"Catonsville, MD",40882
27053020302,"Minneapolis, MN",40881
1125010702,"Cottondale, AL",40881
12099006906,"Delray Beach, FL",40880
17121952000,"Salem, IL",40880
42049011701,"North East, PA",40879
51153900802,"Woodbridge, VA",40878
15009031503,"Lahaina, HI",40878
1073011207,"Center Point, AL",40878
12086009014,"Doral, FL",40878
26099255300,"Roseville, MI",40877
17197880115,"Bolingbrook, IL",40877
12005001900,"Bonita Avenue Relocation, Panama City, FL",40877
22079012400,"Alexandria, LA",40876
48453000206,"Allandale, Austin, TX",40876
12011050204,"North Fort Lauderdale, Fort Lauderdale, FL",40876
45083023403,"Duncan, SC",40876
47149041000,"Murfreesboro, TN",40876
39003011800,"Lima, OH",40876
6037199201,"Montecito Heights, Los Angeles, CA",40874
45083021402,"Spartanburg, SC",40874
6065049000,"Moreno Valley, CA",40872
25003922300,"Adams, MA",40872
39099810700,"Struthers, OH",40872
21111010004,"Louisville, KY",40872
46065977900,"Pierre, SD",40871
21031930500,"Rochester, KY",40871
36111954500,"Wawarsing, NY",40871
48277000900,"Paris, TX",40870
6073013313,"Otay Ranch, Chula Vista, CA",40870
31109001500,"Lincoln, NE",40869
47083120300,"Tennessee Ridge, TN",40868
6037536102,"South Gate, CA",40867
42043024900,"Williamstown, PA",40867
21067003701,"Lexington, KY",40866
48171950500,"Fredericksburg, TX",40866
26045020402,"Grand Ledge, MI",40866
6037551202,"Downey, CA",40866
26121003900,"Montague, MI",40866
48485012200,"Wichita Falls, TX",40866
40017301201,"Yukon, OK",40865
6037900606,"Lancaster, CA",40865
6019004506,"Fresno, CA",40865
36055013701,"Rochester, NY",40864
33017084400,"Rochester, NH",40864
6037432601,"El Monte City, El Monte, CA",40864
12021010801,"South Naples, Naples, FL",40863
48465950800,"Del Rio, TX",40862
51810046014,"Virginia Beach, VA",40862
4019004645,"Countryside Vista, Tucson, AZ",40862
36067014200,"Syracuse, NY",40861
42107001400,"Pottsville, PA",40860
36083040300,"Troy, NY",40860
6065042728,"Romoland, Menifee, CA",40859
51700032131,"North Newport News, Newport News, VA",40859
12099007808,"Loxahatchee, FL",40859
21059001701,"Owensboro, KY",40859
12086010604,"Cutler Bay, FL",40859
55079018900,"Layton Park, Milwaukee, WI",40858
1009050601,"Hayden, AL",40858
6037536103,"South Gate, CA",40857
15003006000,"Kalihi - Palama, Honolulu, HI",40855
25011040600,"Shutesbury, MA",40854
47163041500,"Kingsport, TN",40853
23005017001,"Standish, ME",40853
54003972101,"Bunker Hill, WV",40853
6111007800,"Simi Valley, CA",40853
10005050401,"Seaford, DE",40853
6013371000,"North & East, Richmond, CA",40852
48291700300,"Cleveland, TX",40851
47065011001,"Soddy-Daisy, TN",40850
12117021806,"Altamonte Springs, FL",40850
26125181300,"Madison Heights, MI",40850
51149850100,"Hopewell, VA",40849
51165011700,"Harrisonburg, VA",40849
13051011500,"Coffee Bluff, Savannah, GA",40848
39095008400,"Toledo, OH",40848
48439110102,"Fort Worth, TX",40847
36103145704,"Central Islip, NY",40847
30099000100,"Dutton, MT",40846
34039034200,"Roselle, NJ",40846
6037910208,"Palmdale, CA",40845
4007000100,"Pine, AZ",40844
36075021601,"Oswego, NY",40844
6073003108,"Spring Valley, CA",40843
48021950100,"Elgin, TX",40843
27169670400,"Winona, MN",40842
36089490200,"Massena, NY",40842
6025010600,"Brawley, CA",40841
19033950800,"Clear Lake, IA",40841
37179020401,"Monroe, NC",40841
45035010503,"Summerville, SC",40840
6067003203,"Southeastern Sacramento, Sacramento, CA",40839
18105001600,"Bloomington, IN",40839
36103145702,"Brentwood, NY",40839
6107003200,"Tipton, CA",40838
18175967600,"Salem, IN",40838
13135050532,"Lawrenceville, GA",40838
21047200900,"Hopkinsville, KY",40838
6013314200,"Bay Point, CA",40837
36045060200,"Clayton, NY",40837
40101001400,"Fort Gibson, OK",40836
4005002000,"Coconino County, AZ",40836
31157953800,"Gering, NE",40836
54033032000,"Bridgeport, WV",40835
6037573403,"Long Beach, CA",40835
37037020106,"Pittsboro, NC",40835
48085031714,"Far North Dallas, Dallas, TX",40835
36075021604,"Oswego, NY",40834
47119010301,"Spring Hill, TN",40834
51071930300,"Pearisburg, VA",40833
6001405700,"Tuxedo, Oakland, CA",40833
24033801208,"Clinton, MD",40833
50021963500,"Middletown Springs, VT",40832
47157021334,"Memphis, TN",40832
5053470100,"Sheridan, AR",40830
12081001104,"Bradenton, FL",40829
17043841703,"Carol Stream, IL",40829
23005004100,"Gorham, ME",40829
17031390600,"Kenwood, Chicago, IL",40828
6073016502,"El Cajon, CA",40828
48427950701,"Roma, TX",40827
31037964800,"Schuyler, NE",40827
6071000503,"Chino, CA",40827
27083360500,"Marshall, MN",40826
23031030202,"Sanford, Sanford, ME",40826
16065950301,"Rexburg, ID",40826
42121201500,"Kennerdell, PA",40826
30039961700,"Hall, MT",40825
39095007902,"Franklin Park, Toledo, OH",40825
39175938500,"Upper Sandusky, OH",40824
46099000202,"Sioux Falls, SD",40824
51810046009,"Virginia Beach, VA",40824
22069000500,"Natchitoches, LA",40824
42035030200,"Beech Creek, PA",40824
56015957800,"Torrington, WY",40823
8067971000,"Durango, CO",40822
48479001720,"Dominion Del Mar, Laredo, TX",40822
4021000803,"Florence, AZ",40822
12086001603,"Hialeah, FL",40821
20057961800,"Dodge City, KS",40821
34025808402,"Belmar, NJ",40821
50007000100,"New North End, Burlington, VT",40821
6075012301,"Tenderloin, San Francisco, CA",40820
6037134720,"Winnetka, Los Angeles, CA",40820
6001405600,"Bella Vista, Oakland, CA",40818
6053010505,"Salinas, CA",40818
4013420707,"The Groves, Mesa, AZ",40817
4003002100,"Hereford, AZ",40817
12101032111,"Meadow Pointe, Wesley Chapel, FL",40817
16001002412,"Garden City, ID",40816
42107002700,"Tamaqua, PA",40816
32003004925,"Orchards, Las Vegas, NV",40816
6001441923,"Centerville, Fremont, CA",40816
9005260200,"Canaan, CT",40815
4013217800,"South Scottsdale, Scottsdale, AZ",40815
41039004405,"Western, Eugene, OR",40815
4013061029,"Surprise, AZ",40814
39151714802,"Navarre, OH",40814
6111008005,"Simi Valley, CA",40814
48347950501,"Nacogdoches, TX",40814
34035050200,"Somerville, NJ",40814
6037553701,"Paramount, CA",40814
17197883804,"Crete, IL",40813
24027605402,"Columbia, MD",40813
36103111201,"Huntington Station, NY",40813
37145920602,"Hurdle Mills, NC",40813
6037536200,"South Gate, CA",40813
6085501700,"Central San Jose, San Jose, CA",40813
20155001800,"Pretty Prairie, KS",40813
48029181726,"Far West Side, San Antonio, TX",40812
24005451600,"Middle River, MD",40812
51041100804,"Richmond, VA",40811
48291700700,"Liberty, TX",40811
25003921400,"North Adams, MA",40810
4013050604,"Tonopah, AZ",40808
8069001009,"Fort Collins, CO",40808
4019004022,"Tucson, AZ",40807
49035100306,"Salt Lake City, UT",40807
35045000204,"Farmington, NM",40806
6039000503,"Madera, CA",40806
47009010900,"Maryville, TN",40806
26077001502,"Westwood, Kalamazoo, MI",40805
4027011202,"Wellton, AZ",40805
19113002300,"Cedar Rapids, IA",40805
39165030101,"Carlisle, OH",40805
51073100302,"Gloucester County, VA",40804
34023004700,"Perth Amboy, NJ",40804
6037543502,"Torrance, CA",40804
37119003102,"Closeburn - Glenkirk, Charlotte, NC",40803
6001404000,"Grand Lake, Oakland, CA",40803
6075031400,"Oceanview, San Francisco, CA",40802
17031030102,"Edgewater, Chicago, IL",40802
48439111012,"Meadowcreek, Fort Worth, TX",40801
8041003707,"Northwest Colorado Springs, Colorado Springs, CO",40801
48453001752,"Wood Creek, Austin, TX",40801
12035060301,"Palm Coast, FL",40799
26163584700,"Taylor, MI",40799
6065048901,"Moreno Valley, CA",40799
35025000600,"Hobbs, NM",40799
29099700601,"Pevely, MO",40799
50015953300,"Hyde Park, VT",40798
47165020203,"Portland, TN",40797
29113810301,"Troy, MO",40796
6071000826,"Upland, CA",40796
36087010602,"West Haverstraw, NY",40795
6037201503,"Northeast Los Angeles, Los Angeles, CA",40795
36097950300,"Watkins Glen, NY",40794
49011125807,"Layton, UT",40793
10003014403,"Newark, DE",40793
39095006000,"DeVeaux, Toledo, OH",40793
53057940500,"Anacortes, WA",40792
42049011802,"Corry, PA",40792
29510103700,"Clifton Heights, St. Louis, MO",40792
40005587600,"Atoka, OK",40792
39109345000,"West Milton, OH",40792
6067005903,"Carmichael, CA",40791
53063010402,"Spokane, WA",40791
6037543802,"Carson, CA",40791
6001437900,"Mission - Garin, Hayward, CA",40791
51165010400,"Broadway, VA",40791
36081037700,"Queens County, NY",40790
39007001101,"Jefferson, OH",40790
45003021202,"Aiken, SC",40790
6037482521,"South Montebello, Rosemead, CA",40789
39151713502,"Massillon, OH",40788
39089758600,"Newark, OH",40788
12117021204,"Chuluota, FL",40788
48485012300,"Wichita Falls, TX",40788
34013019200,"South Orange, NJ",40787
6065042731,"Sun City, Menifee, CA",40787
45045003010,"Simpsonville, SC",40786
6081610202,"Centennial, Redwood City, CA",40786
6013314102,"Pittsburg, CA",40785
36091060200,"South Glens Falls, NY",40785
37059080200,"Advance, NC",40784
48113014204,"Irving, TX",40783
47043060501,"Dickson, TN",40782
6097150306,"Sonoma, CA",40782
6037432402,"El Monte City, El Monte, CA",40782
29205450200,"Shelbina, MO",40781
55139003400,"Neenah, WI",40781
48113009900,"Northwest Dallas, Dallas, TX",40781
6037533203,"Huntington Park, CA",40780
35049940300,"Santa Fe, NM",40780
6079011101,"Downtown, San Luis Obispo, CA",40780
36059517200,"Glen Cove, NY",40780
48439113607,"Bedford, TX",40780
6107002009,"Visalia, CA",40779
47015960100,"Woodbury, TN",40779
12057000500,"Northwest Tampa, Tampa, FL",40779
37063001706,"American Village, Durham, NC",40779
16019971500,"Idaho Falls, ID",40778
36061001800,"Lower Manhattan, New York, NY",40778
48071710300,"Anahuac, TX",40778
27111960700,"Pelican Rapids, MN",40777
29225470201,"Marshfield, MO",40777
6067007504,"Sacramento, CA",40776
32003005101,"Whitney Ranch, Henderson, NV",40775
13067031112,"Smyrna, GA",40775
42003494000,"Elizabeth, PA",40775
16045960300,"Emmett, ID",40774
42003290100,"Carrick, Pittsburgh, PA",40774
36057070700,"Amsterdam, NY",40774
6079011704,"Pismo Beach, CA",40773
40145030506,"Broken Arrow, OK",40773
25003931100,"Clarksburg, MA",40773
6085504601,"Mountain View, CA",40772
26139020400,"Nunica, MI",40772
51087200502,"Richmond, VA",40771
48209010909,"Kyle, TX",40771
17071973300,"Oquawka, IL",40771
4019004413,"Tucson, AZ",40771
42073011700,"Ellwood City, PA",40770
32003005804,"Peccole Ranch, Las Vegas, NV",40770
34021004000,"Princeton, NJ",40767
54061011300,"Morgantown, WV",40767
6073008800,"Linda Vista, San Diego, CA",40767
36047001300,"Kings County, NY",40766
25017310700,"The Acre, Lowell, MA",40766
34003054200,"Teaneck, NJ",40766
53033003300,"Old Ballard, Seattle, WA",40766
22079013700,"Ball, LA",40766
48029121300,"Northeast Side, San Antonio, TX",40764
55087010500,"Appleton, WI",40764
55101001701,"Racine, WI",40764
42053530201,"Tionesta, PA",40764
36075020200,"Sandy Creek, NY",40763
36081046500,"Queens County, NY",40763
36055010700,"East Irondequoit, Rochester, NY",40763
39093080101,"North Ridgeville, OH",40763
23013971100,"Vinalhaven, ME",40763
10003014705,"Newark, DE",40763
37031970604,"Morehead City, NC",40762
54079020100,"Red House, WV",40762
41051010303,"Troutdale, OR",40761
18097321002,"Washington Township, Indianapolis, IN",40761
6075020900,"Mission District, San Francisco, CA",40761
55079018300,"Bay View, Milwaukee, WI",40761
6037199400,"Mount Washington, Los Angeles, CA",40760
6099000510,"Salida, CA",40759
6037502200,"Whittier, CA",40759
39091004300,"De Graff, OH",40759
13223120605,"Dallas, GA",40759
27137003600,"Duluth, MN",40759
47163042900,"Bristol, TN",40759
22117950500,"Franklinton, LA",40759
37101041502,"Johnston County, NC",40758
48201221300,"North Houston, Houston, TX",40758
30067000400,"Livingston, MT",40758
17089853100,"Aurora, IL",40757
17113005800,"Bloomington, IL",40757
16027021800,"Caldwell, ID",40757
23031026000,"Arundel, ME",40757
12086009306,"Hialeah, FL",40756
48471790200,"Huntsville, TX",40756
6023010600,"Garfield, Eureka, CA",40756
36113075000,"Chestertown, NY",40756
48029980100,"South San Antonio, San Antonio, TX",40756
22041950400,"Gilbert, LA",40755
39119912600,"Blue Rock, OH",40755
39061005701,"Pleasant Ridge, Cincinnati, OH",40755
13135050210,"Suwanee, GA",40755
51093280300,"Windsor, VA",40754
21233960400,"Providence, KY",40753
48309003602,"Riesel, TX",40753
18115965800,"Aurora, IN",40752
6107001400,"Exeter, CA",40752
25001014600,"East Falmouth, Falmouth, MA",40752
24003751500,"Laurel, MD",40751
46081966600,"Deadwood, SD",40750
27131070601,"Northfield, MN",40750
21151011400,"Paint Lick, KY",40750
48201420600,"Southwest Houston, Houston, TX",40749
48113018001,"Casa View Heights, Mesquite, TX",40749
53011042000,"Lincoln, Vancouver, WA",40749
18171951100,"Williamsport, IN",40749
19045000600,"Clinton, IA",40748
39035161300,"Lakewood, OH",40748
24015030100,"Earleville, MD",40748
24005420100,"Dundalk, MD",40747
29095012000,"Independence, MO",40747
26065005501,"Holt, Delhi charter Township, MI",40746
25009267101,"Salisbury, MA",40746
37025042502,"Concord, NC",40746
55009001600,"Green Bay, WI",40746
26163585900,"Romulus, MI",40746
46005956800,"Huron, SD",40746
2122000300,"Moose Pass, AK",40745
32003001610,"State Streets, Las Vegas, NV",40745
39025041403,"Cincinnati, OH",40745
12099004203,"Palm Springs, FL",40744
25025130406,"Upper Washington / Spring Street, Boston, MA",40744
39161020900,"Van Wert, OH",40743
35005001300,"Dexter, NM",40742
6037211803,"Central LA, Los Angeles, CA",40742
29097011700,"Carthage, MO",40741
36055003100,"Park Avenue, Rochester, NY",40741
51005080202,"Covington, VA",40741
47131965200,"Union City, TN",40741
4013420104,"Mesa, AZ",40741
48485012800,"Wichita Falls, TX",40741
26163573702,"Dearborn, MI",40741
6065044103,"Banning, CA",40741
39023001600,"Meadow Lane Estates, Springfield, OH",40740
51019030300,"Bedford, VA",40739
55005000600,"Rice Lake, WI",40739
12086004902,"Flagami, Miami, FL",40739
47165020208,"Portland, TN",40738
36065022400,"Rome, NY",40738
6053014105,"Marina, CA",40738
36015010200,"Pine Valley, NY",40737
36047152200,"Kings County, NY",40737
26099258600,"Eastpointe, MI",40736
26091061900,"Morenci, MI",40736
42079214000,"Nanticoke, PA",40736
39143962200,"Bellevue, OH",40736
42007601400,"New Brighton, PA",40736
53035092300,"Port Orchard, WA",40736
48391950200,"Refugio, TX",40736
36111952600,"Ulster Park, NY",40735
9015904100,"Danielson, Killingly, CT",40735
45035010813,"Summerville, SC",40733
37081016102,"Westwind Area, Greensboro, NC",40733
37053110102,"Knotts Island, NC",40732
6035040200,"Susanville, CA",40732
53037975600,"Ellensburg, WA",40732
29037060202,"Belton, MO",40732
48439106700,"Jenkins Heights - Crest Ridge, Fort Worth, TX",40731
39021010100,"Cable, OH",40731
48141004318,"Travis White, El Paso, TX",40730
48167721202,"League City, TX",40730
13073030203,"Martinez, GA",40729
39095009500,"Swanton, OH",40728
6083001704,"Carpinteria, CA",40728
18089021100,"Hammond, IN",40727
55025002401,"Sherman Village, Madison, WI",40726
9003471400,"Bloomfield, CT",40726
40119011101,"Glencoe, OK",40726
37105030501,"Sanford, NC",40725
26147655100,"Yale, MI",40725
22019000500,"Lake Charles, LA",40725
18049953200,"Rochester, IN",40725
42003497000,"Elizabeth, PA",40725
42085033100,"Volant, PA",40724
5033020302,"Van Buren, AR",40724
29097011300,"Carl Junction, MO",40724
48451001000,"San Angelo, TX",40723
48439113206,"Fort Worth, TX",40723
26063950300,"Kinde, MI",40723
51510201300,"Del Ray, Alexandria, VA",40722
20059954100,"Ottawa, KS",40722
6029002814,"Bakersfield, CA",40721
6087121401,"Santa Cruz, CA",40721
22111960100,"Marion, LA",40721
34031183101,"Paterson, NJ",40721
12103028002,"Don Cesar, Saint Pete Beach, FL",40719
40017300904,"Oklahoma City, OK",40719
39117965000,"Galion, OH",40718
39097040400,"West Jefferson, OH",40718
51101950102,"Aylett, VA",40717
18023950100,"Frankfort, IN",40716
1029959800,"Ranburne, AL",40716
47113001501,"Jackson, TN",40716
44003021001,"Warwick, RI",40715
6091010000,"Sattley, CA",40714
12069030807,"Tavares, FL",40714
18097380700,"Perry Township, Indianapolis, IN",40714
6065040202,"Rubidoux, Riverside, CA",40713
8067970600,"Bayfield, CO",40713
47093005704,"Knoxville, TN",40713
42101004202,"South Philadelphia, Philadelphia, PA",40713
45045001101,"Greenville, SC",40713
47043060100,"Cumberland Furnace, TN",40712
17031040402,"Lincoln Square, Chicago, IL",40712
1125010802,"Tuscaloosa, AL",40712
12031014412,"Southside, Jacksonville, FL",40712
12057013413,"Riverglen of Brandon, Riverview, FL",40712
32029970200,"Reno, NV",40711
18127050300,"Porter, IN",40711
6073014500,"La Mesa, CA",40710
36103147300,"Bay Shore, NY",40710
17031802609,"Prospect Heights, IL",40710
37183052401,"Southwest Raleigh, Raleigh, NC",40709
37097061003,"Statesville, NC",40709
12117021606,"Apopka, FL",40709
13297110503,"Monroe, GA",40708
26163569700,"Garden City, MI",40708
48365950400,"Carthage, TX",40708
42081010400,"Cogan Station, PA",40708
18089022000,"Hammond, IN",40707
34017017100,"Union City, NJ",40707
26099262300,"Warren, MI",40706
21093000901,"Rineyville, KY",40706
26131970100,"Bruce Crossing, MI",40706
8087000400,"Fort Morgan, CO",40706
6077005127,"Lathrop, CA",40705
35025000400,"Hobbs, NM",40705
4013108200,"Arcadia Lite, Phoenix, AZ",40704
41005023500,"Eagle Creek, OR",40703
51121021100,"Christiansburg, VA",40703
26071000500,"Crystal Falls, MI",40702
17095001500,"Abingdon, IL",40702
41061970300,"Cove, OR",40702
12117021320,"Oviedo, FL",40702
6065043702,"Hemet, CA",40702
18085961700,"Warsaw, IN",40701
55079021300,"Wilson Park, Milwaukee, WI",40701
12057013313,"Brandon, FL",40701
6097151502,"Santa Rosa, CA",40701
8075966200,"Sterling, CO",40701
19029190400,"Atlantic, IA",40701
6037101110,"Tujunga, Los Angeles, CA",40701
40099790700,"Davis, OK",40700
6059088701,"Garden Grove, CA",40700
37097060902,"Statesville, NC",40700
26147644000,"Marine City, MI",40700
48201322200,"Park Brothers, Pasadena, TX",40700
36033951200,"Tupper Lake, NY",40699
17031210601,"Avondale, Chicago, IL",40699
48439111543,"Southeast Arlington, Arlington, TX",40699
26149041101,"Constantine, MI",40699
8087000700,"Brush, CO",40698
6037119400,"Arleta, Los Angeles, CA",40698
17099962600,"Ottawa, IL",40698
12053040909,"Spring Hill, FL",40698
36103122801,"Deer Park, NY",40698
28047003403,"Biloxi, MS",40697
6095252704,"Suisun City, CA",40696
13175950700,"Dexter, GA",40696
48121021620,"Lewisville, TX",40696
6037552001,"Norwalk, CA",40695
18165020300,"Clinton, IN",40695
22047952600,"Maringouin, LA",40694
30041040400,"Havre, MT",40693
55017010500,"Chippewa Falls, WI",40693
48363000400,"Mineral Wells, TX",40693
13053020201,"Fort Benning, GA",40693
51700032002,"Newport News, VA",40693
37159051901,"Mount Ulla, NC",40692
6085501300,"Central San Jose, San Jose, CA",40692
48201233200,"Northeast Houston, Houston, TX",40692
26075006401,"Concord, MI",40692
26015010600,"Delton, MI",40692
48361022000,"Vidor, TX",40692
33011025500,"Hillsboro, NH",40692
48201533802,"Houston, TX",40691
45035010808,"Summerville, SC",40691
29099700207,"House Springs, MO",40691
24033803601,"Springdale, MD",40691
54037972503,"Charles Town, WV",40691
30013001000,"Great Falls, MT",40691
37179020902,"Monroe, NC",40691
6077003409,"Pacific, Stockton, CA",40690
8001009307,"Denver, CO",40690
6065043220,"Temecula, CA",40690
8077001707,"Pear Park, Grand Junction, CO",40689
4027000903,"Valle Sereno, Yuma, AZ",40689
6067008143,"Citrus Heights, CA",40689
13059002100,"Athens, GA",40688
9015907200,"Moosup, Plainfield, CT",40688
33017080500,"Lee, NH",40688
21047201400,"Herndon, KY",40688
47157021122,"Memphis, TN",40687
6013313101,"Pittsburg, CA",40687
12011110309,"Pembroke Pines, FL",40687
55057100400,"New Lisbon, WI",40687
29043020204,"Nixa, MO",40687
30057000100,"Ennis, MT",40686
27053109200,"Minneapolis, MN",40686
5045030200,"Enola, AR",40686
12095016728,"Orlando, FL",40685
20091051907,"Concorde Bridge, Overland Park, KS",40685
29099700203,"Fenton, MO",40685
41005023901,"Molalla, OR",40685
48005001002,"Diboll, TX",40684
6097151800,"Memorial Hospital Neighborhood, Santa Rosa, CA",40684
48223950300,"Sulphur Springs, TX",40684
36023970300,"Homer, NY",40683
4013812100,"Chandler, AZ",40682
17021958800,"Pana, IL",40682
48423001906,"Tyler, TX",40682
40131050802,"Talala, OK",40681
42055012502,"Waynesboro, PA",40681
13073030106,"Martinez, GA",40680
28033070422,"Southaven, MS",40680
41039000300,"Eugene, OR",40679
48245000304,"Beaumont, TX",40679
36071010300,"Newburgh, NY",40679
48201333700,"Greater Hobby Area, Houston, TX",40679
6095253108,"Vacaville, CA",40678
36111955000,"Accord, NY",40678
48303002101,"Caprock, Lubbock, TX",40677
39057280101,"Jamestown, OH",40677
48113001001,"Lower Greenville, Dallas, TX",40677
50005957600,"Danville, VT",40676
12073002411,"Tallahassee, FL",40676
6073014002,"Lemon Grove, CA",40676
42037050500,"Berwick, PA",40676
6065043508,"San Jacinto, CA",40675
26163577900,"Lincoln Park, MI",40675
4023966000,"Sonoita, AZ",40674
40143004700,"Red Fork/Park Grove, Tulsa, OK",40674
12031013727,"Westside, Jacksonville, FL",40674
1103005404,"Decatur, AL",40672
16035940000,"Orofino, ID",40672
50001960100,"Starksboro, VT",40672
8059011100,"Eiber, Lakewood, CO",40671
6077001200,"Pacific, Stockton, CA",40671
39085205701,"Lakeshore Fames, Madison, OH",40671
23005002200,"North Deering, Portland, ME",40671
48453001713,"Garrison Park, Austin, TX",40669
53045961000,"Shelton, WA",40669
28073020100,"Sumrall, MS",40669
17031010701,"Rogers Park, Chicago, IL",40668
6111003100,"West Village, Oxnard, CA",40668
6039000102,"North Fork, CA",40668
6073009101,"Bay Park, San Diego, CA",40668
25027703300,"Athol, MA",40666
12057010809,"Temple Terrace, FL",40666
21047201301,"Pembroke, KY",40666
51179010301,"Fredericksburg, VA",40664
39139003001,"Bellville, OH",40664
17031831100,"Avondale, Chicago, IL",40664
27035951600,"Brainerd, MN",40663
53061040300,"Delta, Everett, WA",40663
37055970101,"Kitty Hawk, NC",40663
20135956100,"Ransom, KS",40662
22051026600,"Marrero, LA",40662
18055955000,"Jasonville, IN",40662
48439111547,"Southeast Arlington, Arlington, TX",40662
18017951000,"Logansport, IN",40661
33017088000,"Milton, NH",40661
42061950300,"Huntingdon, PA",40661
6053011304,"King City, CA",40660
48025950100,"Beeville, TX",40660
42123970700,"Warren, PA",40660
42083420700,"Port Allegany, PA",40660
51013102801,"Columbia Forest, Arlington, VA",40660
13057090100,"Ball Ground, GA",40659
24005420600,"Baltimore, MD",40659
39173021500,"Portage, OH",40658
24037875902,"Lexington Park, MD",40657
47189031000,"Watertown, TN",40657
53071920801,"Walla Walla, WA",40657
26119910300,"Hillman, MI",40656
12086006706,"Brickell, Miami, FL",40656
5055480802,"Paragould, AR",40655
40047001602,"Enid, OK",40655
4021000210,"Skyline Ranch, Queen Creek, AZ",40655
36029010202,"Buffalo, NY",40654
47065010435,"Chattanooga, TN",40654
6065043314,"Hemet, CA",40654
36065024200,"Boonville, NY",40653
6037189101,"Central LA, Los Angeles, CA",40653
36111952200,"Kingston, NY",40653
24033801207,"Clinton, MD",40653
48355002900,"N.A.S., Corpus Christi, TX",40652
12053041502,"Regency Oaks, Spring Hill, FL",40652
21141960100,"Auburn, KY",40652
41059950300,"Athena, OR",40652
42065951000,"Punxsutawney, PA",40651
5007021405,"Garfield, AR",40651
49057200204,"Ogden, UT",40651
17145030100,"Pinckneyville, IL",40651
41005022500,"Rivercrest, Oregon City, OR",40650
19153002800,"Drake, Des Moines, IA",40650
6001405800,"Highland Terrace, Oakland, CA",40650
50003970200,"Dorset, VT",40650
40083600300,"Guthrie, OK",40649
51169030100,"Gate City, VA",40649
47159975100,"Carthage, TN",40649
48367140405,"Azle, TX",40649
22001961200,"Crowley, LA",40649
17055040800,"West Frankfort, IL",40649
48453001842,"Manor, TX",40648
6065041003,"La Sierra Acres, Riverside, CA",40648
29077003002,"Springfield, MO",40648
4013050611,"Buckeye, AZ",40648
26121002400,"Norton Shores, MI",40647
18003000704,"Fort Wayne, IN",40647
48029121804,"Uptown, San Antonio, TX",40647
53067012530,"Rainier, WA",40647
22103040801,"Slidell, LA",40646
39113003100,"Belmont, Dayton, OH",40645
5007020102,"Little Flock, AR",40644
4019004632,"Linda Vista Estates, Tucson, AZ",40644
48201210600,"Northside, Houston, TX",40643
30073977000,"Conrad, MT",40643
40119010200,"Stillwater, OK",40643
13103030203,"Guyton, GA",40643
6037405101,"Baldwin Park, CA",40643
42033331600,"Madera, PA",40642
18089040200,"Whiting, IN",40641
21111004600,"Beechmont, Louisville, KY",40641
36115090000,"Salem, NY",40640
42129805100,"Irwin, PA",40639
1073011104,"Birmingham, AL",40638
20209043600,"Turner, Kansas City, KS",40638
48113016612,"DeSoto, TX",40638
12009064126,"Melbourne, FL",40638
33017080203,"Durham, NH",40637
18115965700,"Rising Sun, IN",40637
17031810100,"Evanston, IL",40636
45077010902,"Easley, SC",40636
12011020207,"Margate, FL",40635
24045010300,"Salisbury, MD",40635
17097861702,"Waukegan, IL",40635
6075015300,"Lower Pacific Heights, San Francisco, CA",40635
25017312200,"South Lowell, Lowell, MA",40635
37081010401,"Old Irving Park, Greensboro, NC",40634
6061020300,"Auburn, CA",40634
42013010401,"Bellwood, PA",40634
18133956000,"Roachdale, IN",40634
9015904400,"Dayville, Killingly, CT",40634
6037406500,"Walnut Valley, West Covina, CA",40634
51710001400,"Suburban Acres, Norfolk, VA",40634
6101050501,"Yuba City, CA",40634
12031015922,"Royal Lakes, Jacksonville, FL",40633
36005042300,"Bronx County, NY",40633
32003004917,"Las Vegas, NV",40632
12057011524,"Greater Northdale, FL",40632
36081046800,"Queens County, NY",40632
6053010606,"Salinas, CA",40632
17081050400,"Bonnie, IL",40632
12081000403,"Bradenton, FL",40631
12057013003,"Plant City, FL",40631
47065011446,"Concord Audobon, Chattanooga, TN",40630
6065041301,"La Sierra Acres, Riverside, CA",40629
18089041302,"Gary, IN",40629
33003955800,"Effingham, NH",40628
47037010303,"Terra View, Goodlettsville, TN",40628
20163974700,"Plainville, KS",40627
6037121600,"North Hollywood, Los Angeles, CA",40627
39017011122,"Butler County, OH",40627
6081610500,"Redwood City, CA",40627
47113001605,"Jackson, TN",40626
6009000120,"Copperopolis, CA",40626
42077005703,"Fullerton, PA",40625
15003001803,"Waikīkī, Honolulu, HI",40625
25027730401,"North Lincoln Street, Worcester, MA",40625
39035154400,"Garfield Heights, OH",40625
27109001701,"Rochester, MN",40625
40109106604,"Central Oklahoma City, Oklahoma City, OK",40624
40037021500,"Sapulpa, OK",40623
53007960802,"Wenatchee, WA",40623
40099790600,"Sulphur, OK",40623
36067014300,"East Syracuse, NY",40623
24017850906,"Waldorf, MD",40623
56043000301,"Worland, WY",40622
47165020404,"Cottontown, TN",40622
17011965300,"Princeton, IL",40622
1125010405,"Tuscaloosa, AL",40622
15003002701,"Mānoaā, Honolulu, HI",40622
21179930700,"New Haven, KY",40622
36027150004,"Linden Acres, Red Hook, NY",40621
17031301702,"Little Village, Chicago, IL",40621
48201452801,"Alief, Houston, TX",40621
8041006700,"West Colorado Springs, Manitou Springs, CO",40621
32003005501,"Boulder City, NV",40621
6013327000,"Concord, CA",40621
47017962500,"Huntingdon, TN",40621
6037188100,"Atwater Village, Los Angeles, CA",40619
6037106406,"Sylmar, Los Angeles, CA",40618
53033011001,"Greater Duwamish, Seattle, WA",40618
16005000300,"Chubbuck, ID",40618
19035080100,"Cherokee, IA",40618
36029007202,"Waterfront, Buffalo, NY",40617
42073011100,"Wampum, PA",40617
48113012800,"Dallas, TX",40617
6031000100,"Hanford, CA",40617
6059075301,"Morrison / Eldridge Park, Santa Ana, CA",40617
42041010800,"New Cumberland, PA",40616
5071952200,"Lamar, AR",40616
23015975300,"Damariscotta, ME",40616
48439114206,"Fort Worth, TX",40615
53053071408,"Tacoma, WA",40615
6085502002,"Central San Jose, San Jose, CA",40614
46099010405,"Sioux Falls, SD",40613
6039000106,"Coarsegold, CA",40613
48113013005,"Lake Highlands, Dallas, TX",40613
35005000900,"Roswell, NM",40613
37051003405,"Fort Bragg, NC",40613
8059010604,"Barths, Wheat Ridge, CO",40612
9011870502,"Uncasville, Montville, CT",40611
6037183101,"Eagle Rock, Los Angeles, CA",40610
48057000200,"Port Lavaca, TX",40610
6071000207,"Montclair, CA",40610
18097370302,"Decatur, Indianapolis, IN",40610
33001966000,"Laconia, NH",40609
12011090801,"441 Corridor, Hollywood, FL",40609
36111952800,"Tillson, NY",40608
48201556000,"Hockley, TX",40608
36063023800,"Lockport, NY",40608
17197880117,"Bolingbrook, IL",40608
26061000700,"Painesdale, MI",40608
44007000800,"Downtown Providence, Providence, RI",40607
55079100300,"West Allis, WI",40607
37057060203,"Winston-Salem, NC",40607
26049012601,"Montrose, MI",40607
34029736001,"Little Egg Harbor Township, NJ",40607
21093001600,"Glendale, KY",40606
6067004001,"Southwestern Sacramento, Sacramento, CA",40605
24005451803,"Middle River, MD",40605
36075021000,"Fulton, NY",40605
8001009603,"South Westminster, Westminster, CO",40604
18141011900,"South Bend, IN",40604
48409010700,"Taft, TX",40604
12099000210,"Jupiter Landing, Jupiter, FL",40604
39011040300,"Wapakoneta, OH",40603
41045970700,"Nyssa, OR",40603
47179061601,"Jonesborough, TN",40602
13223120202,"Dallas, GA",40602
45007010103,"Easley, SC",40602
39085202500,"Lakeway, Mentor-on-the-Lake, OH",40601
55073000500,"Wausau, WI",40601
12031016604,"San Jose, Jacksonville, FL",40600
33011000203,"Manchester, NH",40600
45041001300,"Florence, SC",40600
24005451300,"Middle River, MD",40600
8021974800,"Antonito, CO",40599
12111381204,"Fort Pierce, FL",40599
23025966900,"Norridgewock, ME",40598
49035113310,"West Valley City, UT",40598
48113000702,"Oak Lawn, Dallas, TX",40597
17031061800,"Boystown, Chicago, IL",40596
13219030500,"Watkinsville, GA",40595
48493000102,"La Vernia, TX",40595
6067008120,"Tempo, Citrus Heights, CA",40594
26145010502,"Saginaw Township South, Saginaw, MI",40594
33001966200,"Laconia, NH",40593
39135430100,"Lewisburg, OH",40593
6065042711,"Sun City, Menifee, CA",40593
19025950300,"Lohrville, IA",40592
32003002940,"Las Vegas, NV",40592
19073080200,"Jefferson, IA",40592
55079187400,"Historic Third Ward, Milwaukee, WI",40592
20143085700,"Minneapolis, KS",40592
35001004743,"Parkway, Albuquerque, NM",40591
40153953300,"Woodward, OK",40591
29047020902,"Ravenwood-Somerset, Kansas City, MO",40591
36103147004,"Bay Shore, NY",40591
4013061009,"Goodyear, AZ",40590
55079003400,"Lindsay Park, Milwaukee, WI",40589
12101032109,"Northwood, Wesley Chapel, FL",40588
20173007400,"Eastborough, KS",40588
22103040305,"Madisonville, LA",40587
6101051000,"Yuba City, CA",40587
19103001700,"Twain, Iowa City, IA",40587
47003950100,"Bell Buckle, TN",40587
36091060901,"Schuylerville, NY",40587
42079218000,"Hanover, PA",40586
41065970800,"Maupin, OR",40584
23001046000,"Greene, ME",40584
6077005124,"Manteca, CA",40583
48029121501,"Northeast Side, Live Oak, TX",40583
37151031303,"Sophia, NC",40583
15009032000,"Lahaina, HI",40583
6001401200,"Temescal, Oakland, CA",40583
42027012300,"State College, PA",40582
39097040600,"London, OH",40582
6037199800,"Northeast Los Angeles, Los Angeles, CA",40582
29135385300,"California, MO",40582
36005022401,"Bronx County, NY",40580
36025971200,"Margaretville, NY",40580
6037294520,"Wilmington, Los Angeles, CA",40579
37035010102,"Conover, NC",40579
42003504100,"North Versailles, PA",40578
32003003261,"Las Vegas, NV",40578
55095960100,"Frederic, WI",40578
36081011400,"Queens County, NY",40578
36047093200,"Kings County, NY",40577
4013618500,"Deer Valley, Phoenix, AZ",40577
42081000100,"Williamsport, PA",40576
12009066200,"Indialantic By The Sea, Indialantic, FL",40575
27123034602,"Saint Paul, MN",40574
17167000400,"Springfield, IL",40573
17187870100,"Monmouth, IL",40573
19103001801,"Wood, Iowa City, IA",40573
24035810700,"Grasonville, MD",40573
26015010500,"Plainwell, MI",40572
6111003612,"Hollywood, Oxnard, CA",40572
26045021100,"Olivet, MI",40572
42115032901,"Susquehanna County, PA",40572
34023005100,"New Brunswick, NJ",40571
13047030402,"Ringgold, GA",40571
22063040201,"Livingston, LA",40569
49005001402,"Hyrum, UT",40569
27099000800,"Austin, MN",40569
27053104000,"Como, Minneapolis, MN",40568
35041000402,"Portales, NM",40568
39113040302,"Dayton, OH",40568
22111960500,"Antioch, Farmerville, LA",40566
48201253000,"Country Terrace, Highlands, TX",40566
48037011401,"Texarkana, TX",40565
39151714801,"Beach City, OH",40565
8069001003,"Thunder-Moor, Fort Collins, CO",40565
19111491100,"Fort Madison, IA",40563
8001009309,"Westminster, CO",40562
17067953800,"Carthage, IL",40561
39083006700,"Danville, OH",40561
24003740602,"Fort Meade, MD",40561
36081016400,"Queens County, NY",40560
47113001502,"Jackson, TN",40560
36069052200,"Naples, NY",40560
24003706302,"Annapolis, MD",40560
46035962800,"Mitchell, SD",40560
54061010600,"Morgantown, WV",40560
40035373100,"Welch, OK",40559
36051031400,"Dansville, NY",40559
20139010200,"Burlingame, KS",40558
13297110200,"Monroe, GA",40558
5007020604,"Bentonville, AR",40558
51013101703,"Radnor - Fort Myer Heights, Arlington, VA",40558
29159480200,"Sedalia, MO",40558
36039080600,"Coxsackie, NY",40557
51510200102,"Alexandria West, Alexandria, VA",40557
42033330400,"DuBois, PA",40557
48439110807,"Fort Worth, TX",40557
26005031100,"Allegan, MI",40556
48201221600,"Northline Terrace, Houston, TX",40556
48121020306,"Roanoke, TX",40556
36105951700,"Rock Hill, NY",40555
17143003101,"Peoria, IL",40555
48123970100,"Yoakum, TX",40555
18003000100,"Northside, Fort Wayne, IN",40555
36081055100,"Queens County, NY",40554
36081020800,"Queens County, NY",40554
39049004610,"Westgate, Columbus, OH",40553
21191930100,"Butler, KY",40552
12085000603,"Palm City, FL",40551
48029121116,"Uptown, San Antonio, TX",40551
28075001000,"Meridian, MS",40551
19113002600,"Southwest Area, Cedar Rapids, IA",40551
37087921302,"Canton, NC",40551
12011060113,"Sunrise, FL",40551
26023950900,"Quincy, MI",40551
29045950300,"Kahoka, MO",40548
6073013312,"Chula Vista, CA",40548
39139002500,"Shelby, OH",40547
25027737200,"Millbury, MA",40545
6059089106,"Garden Grove, CA",40545
48491020703,"Interchange Business Park, Round Rock, TX",40545
44007010900,"Central Falls, RI",40545
8123002014,"Frederick, CO",40545
39025041101,"Batavia, OH",40544
6019007500,"Caruthers, CA",40544
22119031800,"Minden, LA",40544
19113002800,"Cedar Rapids, IA",40544
26025001900,"Battle Creek, MI",40543
37011930400,"Newland, NC",40543
39151700700,"Canton, OH",40543
48201422600,"Southwest Houston, Houston, TX",40543
6057000900,"Nevada City, CA",40542
6065030700,"Wood Streets, Riverside, CA",40542
8013012202,"Central Boulder, Boulder, CO",40541
42003450700,"Coraopolis, PA",40541
12099007716,"Boca Raton, FL",40540
17163503402,"Fairview Heights, IL",40540
48181001102,"Whitesboro, TX",40540
1097002000,"Venetia, Mobile, AL",40540
47157003100,"East Memphis, Memphis, TN",40539
48201551500,"Meadow Vista, Houston, TX",40539
26163568900,"Westland, MI",40538
36011041000,"King Ferry, NY",40538
42129801600,"Vandergrift, PA",40538
40143006703,"Jenks, OK",40537
49049001802,"Joaquin, Provo, UT",40537
12086009027,"Miami, FL",40537
37085070903,"Angier, NC",40537
27105105300,"Rushmore, MN",40537
35001000113,"Albuquerque, NM",40536
13015960102,"White, GA",40535
12087971600,"Sugarloaf Shores, Summerland Key, FL",40533
32003002836,"Silverado Ranch, Las Vegas, NV",40532
34017015300,"West New York, NJ",40532
31157953300,"Scottsbluff, NE",40531
48367140602,"Weatherford, TX",40530
24033801210,"Clinton, MD",40530
6073007903,"Pacific Beach, San Diego, CA",40530
51067020500,"Boones Mill, VA",40530
6037400603,"Azusa, CA",40529
54081000700,"Beckley, WV",40528
55075960800,"Crivitz, WI",40528
37179020313,"Matthews, NC",40528
4013319600,"Tempe, AZ",40527
32003002844,"Silverado Ranch, Las Vegas, NV",40527
6067005606,"Arden Manor, Sacramento, CA",40526
26081012901,"Kelloggsville, Grand Rapids, MI",40526
21029020102,"Mount Washington, KY",40526
12071010305,"Lochmoor Waterway Estates, North Fort Myers, FL",40526
48381021702,"Amarillo, TX",40526
12057013203,"Citrus Wood, Valrico, FL",40526
40031002100,"Fletcher, OK",40525
21101020701,"Henderson, KY",40525
6037482401,"Garvey, Rosemead, CA",40525
53007960200,"Leavenworth, WA",40525
6037404402,"Azusa, CA",40525
29049960200,"Lathrop, MO",40525
34007608600,"Clementon, NJ",40523
40037020707,"Sapulpa, OK",40522
33011011101,"Nashua, NH",40522
6059075815,"Orange, CA",40522
12103026910,"Greenbriar Club, Clearwater, FL",40521
48039661602,"Alvin, TX",40520
10003014702,"Newark, DE",40520
27137011300,"Meadowlands, MN",40520
17031630900,"Gage Park, Chicago, IL",40520
27135970100,"Warroad, MN",40518
39113020900,"Dayton, OH",40518
37067004012,"Clemmons, NC",40518
32031002902,"Sparks, NV",40517
16055940000,"Worley, ID",40517
17031030604,"Edgewater Beach, Chicago, IL",40516
18045958000,"Kingman, IN",40515
6075020800,"Mission District, San Francisco, CA",40515
29047021403,"Liberty, MO",40514
6065042621,"Moreno Valley, CA",40514
29115490100,"Brookfield, MO",40514
9001072300,"Brooklawn - St. Vincent, Bridgeport, CT",40513
27057070700,"Park Rapids, MN",40513
48201542200,"Katy, TX",40513
26091060700,"Adrian, MI",40512
41067032901,"Cornelius, OR",40511
51013103501,"Arlington Ridge, Arlington, VA",40511
6007000904,"Chico, CA",40511
34001010300,"Absecon, NJ",40511
29185480100,"Lowry City, MO",40510
53057940700,"Anacortes, WA",40510
19087970300,"Mount Pleasant, IA",40509
39017010302,"Hamilton, OH",40509
36087012103,"Monsey, NY",40509
48227950600,"Big Spring, TX",40508
36047068000,"Kings County, NY",40507
13135050511,"Lawrenceville, GA",40506
41005020800,"Historic Milwaukie, Milwaukie, OR",40505
39103411001,"Lodi, OH",40505
51093280103,"Carrollton, VA",40505
6059087105,"Southwest Anaheim, Anaheim, CA",40505
6009000300,"San Andreas, CA",40504
13139001606,"Flowery Branch, GA",40504
18097342101,"Wayne, Indianapolis, IN",40504
17031830202,"Park Forest, IL",40504
42033331402,"Curwensville, PA",40503
46027965900,"Vermillion, SD",40503
53033025302,"Renton, WA",40503
36103145902,"Pine Aire, Bay Shore, NY",40503
21227010701,"Bowling Green, KY",40502
13077170405,"Newnan, GA",40502
12099005923,"Boynton Beach, FL",40501
45037970502,"North Augusta, SC",40501
53063010303,"Deer Park, WA",40501
1103005304,"Hartselle, AL",40501
23031031000,"Lebanon, ME",40500
4013112511,"Estrella Village, Phoenix, AZ",40500
36047048000,"Kings County, NY",40499
40027202004,"Moore, OK",40497
17031190900,"Belmont Cragin, Chicago, IL",40497
40109100900,"Central Oklahoma City, Oklahoma City, OK",40497
8085966100,"Nucla, CO",40496
51710006603,"Roosevelt Gardens Area, Norfolk, VA",40496
30063001600,"Frenchtown, MT",40496
6067008119,"Brook Tree North, Citrus Heights, CA",40496
28067950800,"Laurel, MS",40495
48285000600,"Yoakum, TX",40495
55127000400,"Whitewater, WI",40495
39055312400,"Middlefield, OH",40494
17091011900,"Bradley, IL",40494
47093006203,"Knoxville, TN",40494
39035161200,"Lakewood, OH",40493
48113016401,"Grand Prairie, TX",40493
13283960100,"Soperton, GA",40493
56021001502,"Cheyenne, WY",40491
15003005900,"Kalihi - Palama, Honolulu, HI",40491
55101001400,"Racine, WI",40490
39025040203,"Loveland, OH",40488
48201452600,"Eldridge View, Houston, TX",40487
6107003501,"West Porterville, Porterville, CA",40487
18015959800,"Flora, IN",40487
39109315100,"Piqua, OH",40486
31109000900,"East Campus, Lincoln, NE",40485
8101002918,"Pueblo West, CO",40485
47145030100,"Oak Ridge, TN",40484
41059950800,"Hermiston, OR",40484
39033975000,"Galion, OH",40484
55105002200,"Beloit, WI",40484
18099020600,"Plymouth, IN",40483
20035493100,"Burden, KS",40483
6077005307,"Tracy, CA",40483
37097061104,"Statesville, NC",40483
21059000900,"Owensboro, KY",40483
48029121206,"El Dorado, San Antonio, TX",40483
42069102100,"Scranton, PA",40482
29095008200,"South Kansas City, Kansas City, MO",40482
47115050101,"Whitwell, TN",40482
17179021801,"Pekin, IL",40482
51800075801,"Suffolk, VA",40482
48201311800,"Gulfgate/ Pine Valley, Houston, TX",40480
6037402002,"Claremont, CA",40480
42079211304,"Harveys Lake, PA",40479
19033951000,"Rockwell, IA",40479
6089011001,"Grant, Redding, CA",40478
41039003000,"Cal Young, Eugene, OR",40478
33011001800,"Somerville, Manchester, NH",40478
49011125801,"Layton, UT",40478
35001000118,"Stardust Skies North, Albuquerque, NM",40478
37179021015,"Waxhaw, NC",40477
48387950600,"Bogata, TX",40477
10003013615,"Wilmington, DE",40477
6013368002,"San Pablo, CA",40477
12086000118,"Sunny Isles Beach, FL",40477
17031050900,"North Center, Chicago, IL",40475
38017010106,"West Acres, Fargo, ND",40474
28121020211,"Brandon, MS",40474
6037550500,"Downey, CA",40474
6007000402,"Chico, CA",40473
48201323500,"Alta Vista Acres, Pasadena, TX",40472
42043022300,"Harrisburg, PA",40472
39043041500,"Sandusky, OH",40472
12071080203,"Sea Oats, Sanibel, FL",40471
12105011833,"Lakeland, FL",40471
54035963600,"Ripley, WV",40471
41051007900,"Northeast Portland, Portland, OR",40471
48201250600,"Humble, TX",40470
26161465000,"Whitmore Lake, MI",40470
18085962700,"Silver Lake, IN",40470
6059063601,"Westside Costa Mesa, Costa Mesa, CA",40470
48453001856,"Manor, TX",40469
37147001301,"Winterville, NC",40469
25003934200,"West Stockbridge, MA",40468
24031703501,"Silver Spring, MD",40468
22039950800,"Ville Platte, LA",40467
4013050608,"Sundance, Buckeye, AZ",40466
42049011202,"Erie, PA",40465
17091010702,"Bradley, IL",40465
12019030201,"OakLeaf Plantation, Orange Park, FL",40465
29029950100,"Lake Ozark, MO",40464
47037015625,"Hermitage, Nashville, TN",40464
40007951700,"Beaver, OK",40464
53009001600,"Port Angeles, WA",40464
53033010001,"Greater Duwamish, Seattle, WA",40464
6079011902,"Arroyo Grande, CA",40463
29101980000,"Whiteman Air Force Base, MO",40462
1115040402,"Steele, AL",40462
37081016409,"Jamestown, NC",40462
39035141500,"Cleveland Heights, OH",40461
6037406411,"Walnut Valley, West Covina, CA",40461
5087960300,"Wesley, AR",40460
21211040200,"Shelbyville, KY",40460
6001405402,"Clinton, Oakland, CA",40460
8001009104,"Thornton, CO",40460
6075025100,"Bernal Heights, San Francisco, CA",40459
6059086901,"Southwest Anaheim, Anaheim, CA",40459
42003101400,"Morningside, Pittsburgh, PA",40459
42011002700,"Reading, PA",40459
51165011900,"Penn Laird, VA",40458
6071008705,"Yucaipa, CA",40458
26091061200,"Palmyra, MI",40458
53033007500,"Capitol Hill, Seattle, WA",40458
12081002016,"Lakewood Ranch, FL",40457
49057210800,"Ogden, UT",40457
42097081200,"Bunker Hill, Shamokin, PA",40456
40103957000,"Perry, OK",40456
37001021703,"Burlington, NC",40455
41051001802,"Southeast Portland, Portland, OR",40455
17055040200,"Benton, IL",40455
36081012601,"Queens County, NY",40455
12103027603,"Indian Rocks Beach, FL",40454
13135050419,"Norcross, GA",40454
12101032009,"Land O Lakes, Land O' Lakes, FL",40454
39173021400,"Weston, OH",40454
13227050200,"Jasper, GA",40454
40027201000,"Norman, OK",40453
53077001701,"Yakima, WA",40453
35015000401,"Carlsbad, NM",40452
6037480902,"Alhambra, CA",40452
50019951600,"North Troy, Troy, VT",40452
42101021400,"Manayunk, Philadelphia, PA",40452
51550021402,"Deep Creek North, Chesapeake, VA",40452
48187210801,"Seguin, TX",40452
39043041700,"Castalia, OH",40452
27123030400,"North End, Saint Paul, MN",40451
39139002300,"Ontario, OH",40451
39155931200,"Vienna, Vienna Center, OH",40451
6037554801,"Artesia, CA",40450
25017311700,"Highlands, Lowell, MA",40450
12019030304,"Orange Park, FL",40450
47009011604,"Maryville, TN",40449
42015950500,"Sayre, PA",40449
49041975500,"Monroe, UT",40449
53077000902,"Yakima, WA",40448
47149040701,"Christiana, TN",40448
6051000102,"Bridgeport, CA",40448
17001000201,"Quincy, IL",40447
42077009500,"West Side, Bethlehem, PA",40447
28049011103,"Jackson, MS",40447
26087340500,"Almont, MI",40446
29189214900,"St. Louis, MO",40445
36005041900,"Bronx County, NY",40445
26125135000,"Wixom, MI",40445
6037408137,"West Covina, CA",40445
19033950600,"Mason City, IA",40445
6067009312,"Meadows, Sacramento, CA",40444
13153021108,"Bonaire, GA",40444
37031970502,"Morehead City, NC",40444
21157950600,"Benton, KY",40444
6099000906,"Modesto, CA",40444
26113960300,"McBain, MI",40444
40031002301,"Lawton, OK",40443
22079013300,"Lecompte, LA",40441
8031000302,"Northwest, Denver, CO",40441
51550021301,"Chesapeake, VA",40441
53053060904,"West End, Tacoma, WA",40440
4013103400,"Paradise Valley Village, Phoenix, AZ",40440
42003020100,"Central Downtown Historic District, Pittsburgh, PA",40440
41011001100,"Myrtle Point, OR",40439
22071012200,"Marlyville - Fontainebleau, New Orleans, LA",40439
6073016702,"Lakeside, CA",40438
19103000200,"Coralville, IA",40438
32003002946,"Las Vegas, NV",40437
48201323300,"South Pasadena Villas, Pasadena, TX",40437
6075980600,"Bayview, San Francisco, CA",40437
13117130301,"Cumming, GA",40436
48257050701,"Terrell, TX",40436
42085032800,"Grove City, PA",40436
48479001713,"Village Heights, Laredo, TX",40435
46015973200,"Chamberlain, SD",40435
24031701218,"North Bethesda, MD",40435
6033000600,"Clearlake Oaks, CA",40435
6037124201,"North Hollywood, Los Angeles, CA",40434
6037302201,"Citrus Grove, Glendale, CA",40434
5035030202,"West Memphis, AR",40433
39143961100,"Gibsonburg, OH",40433
23001045000,"Leeds, ME",40433
25017383200,"Framingham, MA",40433
6037197300,"Echo Park, Los Angeles, CA",40432
51153901408,"Manassas, VA",40432
37001020902,"Graham, NC",40432
36075020301,"Pulaski, NY",40432
48141004313,"Vista Hills Park, El Paso, TX",40431
31131967000,"Nebraska City, NE",40430
48201520200,"Northwest Houston, Houston, TX",40430
48439111516,"Southeast Arlington, Arlington, TX",40430
20127963700,"Council Grove, KS",40430
36029010102,"Cheektowaga, NY",40430
54069001800,"Wheeling, WV",40430
17031580502,"Brighton Park, Chicago, IL",40430
48339693500,"Conroe, TX",40429
42051262500,"Lemont Furnace, PA",40429
21107970800,"Madisonville, KY",40429
26139022203,"Holland, MI",40429
48049951200,"Early, TX",40428
48201221200,"Northside, Houston, TX",40428
1117030103,"Harpersville, AL",40428
6037195902,"Silver Lake, Los Angeles, CA",40428
55115100800,"Eland, WI",40427
12101032901,"Zephyrhills Colony Company, Zephyrhills, FL",40427
39049006923,"Forest Park West, Columbus, OH",40427
41071030900,"Dayton, OR",40427
39151711212,"Canal Fulton, OH",40426
27079950200,"Le Sueur, MN",40426
17089851400,"Elgin National Watch Historic District, Elgin, IL",40426
16017950900,"Sagle, ID",40425
39113020400,"Dayton, OH",40425
6065042410,"Moreno Valley, CA",40424
6071009109,"Phelan, CA",40423
19113000700,"Kenwood Park, Cedar Rapids, IA",40423
36047049400,"Kings County, NY",40423
19171290600,"Tama, IA",40423
17005951300,"Greenville, IL",40423
48201532600,"Inwood North, Houston, TX",40421
6071011600,"Helendale, CA",40420
17105960600,"Pontiac, IL",40420
18103952000,"Denver, IN",40419
36117021501,"Wolcott, NY",40418
41039005400,"South Hills, Eugene, OR",40418
20009971800,"Great Bend, KS",40418
47125101904,"Clarksville, TN",40418
51121020600,"Alleghany, Blacksburg, VA",40418
9003496700,"West Hartford, CT",40418
19029190500,"Atlantic, IA",40418
34029734003,"Barnegat, Barnegat Township, NJ",40418
39151713402,"Massillon, OH",40417
22103040604,"Covington, LA",40417
22027950100,"Homer, LA",40417
18069962100,"Warren, IN",40416
48201521300,"Northwest Houston, Houston, TX",40416
6065041004,"Arlanza, Riverside, CA",40416
26091060401,"Addison, MI",40416
48029191202,"North Central, San Antonio, TX",40415
12083002203,"Ocala, FL",40415
10003016305,"New Castle, DE",40415
26125166600,"Farmington Hills, MI",40415
40109107221,"Central Oklahoma City, Oklahoma City, OK",40415
23031024000,"East Waterboro, Waterboro, ME",40414
25005642200,"Fall River, MA",40414
53053071505,"Tacoma, WA",40414
8059010902,"Eiber, Lakewood, CO",40414
48485013600,"Iowa Park, TX",40414
41009970900,"Scappoose, OR",40414
48029172004,"San Antonio, TX",40413
18109510500,"Martinsville, IN",40413
39097041200,"Mount Sterling, OH",40413
18113972300,"Cromwell, IN",40413
9007541402,"Middletown, CT",40412
27053103600,"Nicollet Island, Minneapolis, MN",40412
20013480700,"Hiawatha, KS",40412
31145963300,"McCook, NE",40412
51145500400,"Powhatan, VA",40412
1097006301,"Semmes, AL",40412
49035111904,"Millcreek, UT",40411
16017950200,"Sandpoint, ID",40411
36065940100,"Verona, NY",40410
34039039100,"Plainfield, NJ",40408
1071951000,"Pisgah, AL",40407
15003008302,"Ewa, Ewa Beach, HI",40406
24009860900,"Lusby, MD",40406
5045030102,"Greenbrier, AR",40406
6037125402,"North Hollywood, Los Angeles, CA",40404
4019004427,"Continental Ranch Desert Traditions, Tucson, AZ",40403
39035152703,"Euclid, OH",40402
24023000400,"Swanton, MD",40402
48493000201,"Floresville, TX",40401
13135050431,"Tucker, GA",40401
48339692300,"Porter, TX",40400
29021000600,"Saint Joseph, MO",40400
19193001800,"Sioux City, IA",40399
12103025413,"Morningside/Meadows, Clearwater, FL",40399
48439113705,"Grapevine, TX",40399
6037208501,"Central LA, Los Angeles, CA",40399
1009050200,"Oneonta, AL",40398
20209043700,"Turner, Kansas City, KS",40398
37129010400,"Forest Hills, Wilmington, NC",40397
25013813701,"Monson Center, Monson, MA",40397
6065041910,"Corona, CA",40397
34025808200,"Bradley Beach, NJ",40394
45045002602,"Taylors, SC",40394
26081013000,"East Grandville, Grandville, MI",40393
39069000400,"Napoleon, OH",40393
22113950700,"Abbeville, LA",40393
6071009906,"Victorville, CA",40392
32003002969,"Las Vegas, NV",40392
6065046403,"Lake Elsinore, CA",40392
8067970900,"Durango, CO",40391
22009030100,"Moreauville, LA",40391
36047012000,"Kings County, NY",40391
32003001803,"Las Vegas, NV",40390
51179010504,"Fredericksburg, VA",40390
5119004220,"Otter Creek, Little Rock, AR",40390
48201410500,"Montrose, Houston, TX",40390
26141950500,"Posen, MI",40389
6037125100,"Valley Village, Los Angeles, CA",40389
24033805802,"Hyattsville, MD",40388
16005000500,"Pocatello, ID",40388
6065044520,"Thousand Palms, CA",40388
1033020400,"Sheffield, AL",40388
32009950100,"Silver Peak, NV",40388
6073003202,"Paradise Hills, San Diego, CA",40387
33005970500,"Jaffrey, Jaffrey, NH",40387
6031000404,"Lemoore, CA",40387
12071050208,"Fort Myers, FL",40386
21067003000,"Garden Springs, Lexington, KY",40386
26011970300,"Omer, MI",40386
24031701602,"Silver Spring, MD",40386
36075021501,"Mexico, NY",40386
12103025111,"Seminole, FL",40385
12115002004,"Sarasota, FL",40385
12099007742,"Boca Raton, FL",40385
48281950100,"Lometa, TX",40385
39021011505,"Mechanicsburg, OH",40385
48023950300,"Seymour, TX",40385
17141961500,"Polo, IL",40385
6037270200,"Palms, Los Angeles, CA",40385
48467950400,"Wills Point, TX",40384
36081046700,"Queens County, NY",40384
53063013900,"Medical Lake, WA",40384
20087020102,"Oskaloosa, KS",40384
48457950400,"Spurger, TX",40384
6037195600,"Los Angeles, CA",40382
36093021200,"Schenectady, NY",40382
18097390102,"Indianapolis, IN",40382
51009010200,"Amherst, VA",40381
36047007600,"Kings County, NY",40381
19163013400,"Bettendorf, IA",40381
6037570100,"Ramona Park, Long Beach, CA",40380
36063024301,"Wilson, NY",40380
48439111522,"East Arlington, Arlington, TX",40379
29225470102,"Marshfield, MO",40379
41067033301,"Forest Grove, OR",40378
51153900600,"Woodbridge, VA",40378
40147000500,"Bartlesville, OK",40376
1103005200,"Hartselle, AL",40376
48453001742,"Apache Shores, Austin, TX",40376
6077003403,"Valley Oak, Stockton, CA",40376
26125145400,"Waterford Township, MI",40375
39169000300,"Wooster, OH",40374
17031242800,"West Town, Chicago, IL",40374
36103145901,"Bay Shore, NY",40373
1091973400,"Demopolis, AL",40373
6037603302,"Gardena, CA",40373
12117021704,"Apopka, FL",40372
53045961300,"Shelton, WA",40372
6053014107,"Seaside, CA",40372
6109005100,"Jamestown, CA",40372
24033803606,"Lanham, MD",40372
36081084900,"Queens County, NY",40371
12095013803,"Orlando, FL",40371
39167020300,"Marietta, OH",40369
48029171925,"Far West Side, San Antonio, TX",40369
6037702400,"Lucerne - Higuera, Culver City, CA",40369
40035373500,"Vinita, OK",40369
6037213100,"Central LA, Los Angeles, CA",40368
4025001603,"Rimrock, Lake Montezuma, AZ",40366
33013032701,"Concord, NH",40366
37127011300,"Nash County, NC",40366
5007021305,"Bentonville, AR",40366
19153001900,"Gray's Woods, Des Moines, IA",40366
48245007001,"Port Arthur, TX",40365
30013002100,"Great Falls, MT",40365
10003014907,"Bear, DE",40365
26081010302,"Cedar Springs, MI",40365
23005012000,"Raymond, ME",40365
37179020502,"Monroe, NC",40364
42003191600,"Beechview, Pittsburgh, PA",40364
20041084500,"Chapman, KS",40363
35049001001,"Santa Fe, NM",40363
6059011000,"Fullerton, CA",40363
29077004802,"Republic, MO",40363
25025160601,"Chelsea, MA",40362
12057010105,"Plant City, FL",40362
6037119002,"Arleta, Los Angeles, CA",40362
27123036100,"Concord-Robert, Saint Paul, MN",40362
39021011506,"Woodstock, OH",40362
12073000901,"Greater Brandt Hills, Tallahassee, FL",40361
1089010623,"Madison, AL",40361
4019004042,"Tucson, AZ",40361
36067013701,"Liverpool, NY",40360
48201452202,"Westchase, Houston, TX",40360
20091053502,"Havencroft, Olathe, KS",40359
40143007511,"Broken Arrow, OK",40359
51510200406,"Landmark, Alexandria, VA",40357
40133583200,"Seminole, OK",40356
21067003918,"Lexington, KY",40356
48339694600,"Montgomery, TX",40356
5081030300,"Foreman, AR",40355
48439113509,"Euless, TX",40355
42069101300,"Scranton, PA",40355
55039041500,"Ripon, WI",40353
13057091101,"Woodstock, GA",40353
36045061800,"Adams Center, NY",40353
12011030904,"Pompano Beach, FL",40353
34017017800,"Union City, NJ",40352
29173470300,"Center, MO",40350
21123960102,"Hodgenville, KY",40350
35001004748,"Ventana Ranch, Albuquerque, NM",40349
36107020401,"Apalachin, NY",40349
6037212701,"Central LA, Los Angeles, CA",40349
26163595000,"Riverview, MI",40349
6029005403,"Ridgecrest, CA",40348
29095011401,"Independence, MO",40348
17031221600,"Bucktown, Chicago, IL",40347
48215020724,"McAllen, TX",40347
55085970602,"Rhinelander, WI",40347
8049000100,"Kremmling, CO",40346
1073011400,"Warrior, AL",40346
6083001604,"Carpinteria, CA",40346
48453001841,"Pflugerville, TX",40345
6037297602,"San Pedro, Los Angeles, CA",40344
40125501001,"McLoud, OK",40343
39019720700,"Carrollton, OH",40343
17031700402,"Ashburn, Chicago, IL",40343
51087200125,"Henrico, VA",40343
37151030801,"Asheboro, NC",40343
1073004701,"Highland Park, Birmingham, AL",40342
17031830006,"Matteson, IL",40342
39023003102,"Indian Mound Estates, Enon, OH",40342
6053014800,"Gonzales, CA",40342
27159480300,"Wadena, MN",40341
25005651002,"New Bedford, MA",40341
42117950300,"Westfield, PA",40341
16047960100,"Gooding, ID",40340
54061011900,"Morgantown, WV",40339
21211040102,"Bagdad, KY",40339
22005030402,"Gonzales, LA",40339
42133023100,"Red Lion, PA",40339
6065031701,"Arlington Heights, Riverside, CA",40339
36101963000,"Corning, NY",40338
21195931600,"McCarr, KY",40338
6059087801,"Stanton, CA",40338
17095001400,"Gilson, IL",40337
1073012701,"Irondale, AL",40337
46109940700,"New Effington, SD",40337
24031703214,"Silver Spring, MD",40336
4013061027,"Mountain Vista Ranch, Surprise, AZ",40336
48439114205,"Azle, TX",40336
56023978000,"Etna, WY",40336
48139061100,"Waxahachie, TX",40335
20099950700,"Oswego, KS",40335
53061041806,"Twin Creeks, Everett, WA",40334
6065041911,"Corona, CA",40334
6037201700,"Northeast Los Angeles, Los Angeles, CA",40334
6001402900,"Downtown Oakland, Oakland, CA",40334
6037106403,"Sylmar, Los Angeles, CA",40334
8101003004,"University, Pueblo, CO",40333
6057000802,"Nevada City, CA",40333
26033971000,"Pickford, MI",40333
6087110600,"Freedom, CA",40332
17201001700,"Rockford, IL",40332
53077002200,"Zillah, WA",40332
36065023300,"Yorkville, NY",40332
39003011600,"Lima, OH",40331
41071030701,"McMinnville, OR",40331
6053001400,"Salinas, CA",40331
36117021700,"Clyde, NY",40331
48215023510,"McAllen, TX",40330
37159051802,"Mount Ulla, NC",40329
30053000300,"Libby, MT",40329
6053012700,"Monterey, CA",40329
22033003904,"Broadmoor/Sherwood Forest, Baton Rouge, LA",40329
48085031003,"Princeton, TX",40328
17031824800,"Posen, IL",40328
35049001304,"Santa Fe, NM",40327
6037574902,"Circle Area, Long Beach, CA",40327
47065011321,"Chattanooga, TN",40327
24043010802,"Williamsport, MD",40326
51069050100,"Clear Brook, VA",40326
36067001900,"Eastwood, Syracuse, NY",40326
48339692601,"Conroe, TX",40326
6037122000,"North Hollywood, Los Angeles, CA",40326
34039035300,"Linden, NJ",40326
42027011100,"Bellefonte, PA",40325
6059089004,"Riverview West, Santa Ana, CA",40325
13089021218,"Atlanta, GA",40325
12033002500,"Toilla Segunda, Pensacola Beach, FL",40324
53061041400,"Pinehurst, Everett, WA",40324
45055970402,"Lugoff, SC",40324
51041100807,"Richmond, VA",40324
1083020402,"Athens, AL",40324
29183310502,"Saint Charles, MO",40323
18021040400,"Brazil, IN",40323
54033031500,"Salem, WV",40323
4013811700,"Chandler, AZ",40323
48039663300,"Lake Jackson, TX",40323
44007015000,"Pawtucket, RI",40323
42021010500,"Johnstown, PA",40322
6047001901,"Planada, CA",40322
26021020100,"Buchanan, MI",40321
55057100100,"Necedah, WI",40320
39065000500,"Harrod, OH",40320
48439113918,"Summerfields, Fort Worth, TX",40318
42061951300,"Saxton, PA",40318
34005701205,"Burlington, NJ",40318
41067030501,"Portland, OR",40318
6065042408,"Moreno Valley, CA",40317
48381020200,"Amarillo, TX",40317
10003012300,"Wilmington, DE",40317
45045002905,"Mauldin, SC",40317
4013217600,"South Scottsdale, Scottsdale, AZ",40316
4021002002,"Eloy, AZ",40316
22015011002,"Elm Grove, LA",40316
6037106010,"Sylmar, Los Angeles, CA",40316
23005011202,"Brunswick, Brunswick, ME",40315
20105086100,"Lincoln, KS",40315
12086003919,"Mid-Beach, Miami Beach, FL",40315
32003003320,"Elkhorn Cimarron Estates, Las Vegas, NV",40314
17089852903,"Aurora, IL",40314
47117955400,"Lewisburg, TN",40314
40143006507,"Tulsa, OK",40314
31079001100,"Grand Island, NE",40314
20115489700,"Marion, KS",40314
6037650003,"Northwest Torrance, Torrance, CA",40314
27123031200,"North End, Saint Paul, MN",40313
8119010201,"Cripple Creek, CO",40313
48041002002,"College Station, TX",40313
32003001712,"Las Vegas, NV",40313
48147950702,"Trenton, TX",40312
36081023600,"Queens County, NY",40312
26091061500,"Adrian, MI",40312
53011041332,"Parkside, Vancouver, WA",40312
48337950600,"Montague, TX",40311
48201333902,"Southbelt/ Ellington, Houston, TX",40311
1043965300,"Cullman, AL",40311
6037195903,"Silver Lake, Los Angeles, CA",40310
42107003800,"Pine Grove, PA",40310
48121020504,"Denton, TX",40310
48439110101,"Haltom City, TX",40310
42071014502,"Peach Bottom, PA",40310
6037910715,"Palmdale, CA",40310
24033800109,"Laurel, MD",40310
1101005409,"Montgomery, AL",40309
20143085600,"Bennington, KS",40309
48113017602,"Skyline, Mesquite, TX",40309
42003080900,"Bloomfield, Pittsburgh, PA",40308
26155031800,"Durand, MI",40308
12071010407,"Pelican, Cape Coral, FL",40307
48029141700,"San Antonio, TX",40307
48439110500,"River Oaks, TX",40307
35001003805,"Cedar Crest, NM",40306
48201310800,"Greater East End, Houston, TX",40305
26127010300,"New Era, MI",40304
48439114003,"Saginaw, TX",40304
42089300301,"Monroe County, PA",40303
36019100600,"West Chazy, NY",40303
53075000200,"Pullman, WA",40303
20015020500,"El Dorado, KS",40302
48309003701,"Robinson, TX",40302
47167040400,"Garland, TN",40302
48201320500,"Meadowbrook/ Allendale, Houston, TX",40302
36071002100,"Port Jervis, NY",40302
28121020402,"Pearl, MS",40300
6053010306,"Prunedale, CA",40299
55025002302,"North Lake Mendota, Madison, WI",40299
48183000402,"Longview, TX",40299
36071011601,"Huguenot, NY",40299
40109106607,"Central Oklahoma City, Oklahoma City, OK",40298
42101000700,"Center City, Philadelphia, PA",40298
42013011002,"Duncansville, PA",40297
6065031502,"Ramona, Riverside, CA",40296
20155001400,"Hutchinson, KS",40296
39139002101,"Mansfield, OH",40295
51810045427,"Virginia Beach, VA",40295
31121966800,"Central City, NE",40295
37179020314,"Matthews, NC",40295
51171040500,"Woodstock, VA",40295
22071001747,"New Orleans East Area, New Orleans, LA",40294
39013010802,"Bethesda, OH",40294
51013102200,"Arlington Mill, Arlington, VA",40294
6073018512,"Oceana, Oceanside, CA",40293
40055967200,"Mangum, OK",40293
16009940000,"Plummer, ID",40292
26081000700,"West Grand, Grand Rapids, MI",40292
25003935200,"Pittsfield, MA",40291
6037310501,"Burbank, CA",40291
6067007011,"North Sacramento, Sacramento, CA",40291
4013522800,"Mesa, AZ",40291
27119020600,"Crookston, MN",40291
36065023200,"Whitesboro, NY",40290
26163599000,"Flat Rock, MI",40290
29217950500,"Nevada, MO",40288
1025957901,"Jackson, AL",40288
36071011300,"Middletown, NY",40287
53059950200,"Washougal, WA",40287
48121021735,"Lewisville, TX",40287
47163040700,"Kingsport, TN",40287
6037216800,"Central LA, Los Angeles, CA",40286
17031161300,"Irving Park, Chicago, IL",40286
6111000400,"Santa Paula, CA",40286
20191962500,"Wellington, KS",40286
26125121000,"Oakland County, MI",40285
53063012901,"Veradale, Spokane Valley, WA",40285
12117022209,"Winter Park, FL",40285
17055040600,"Benton, IL",40285
36033950300,"Brushton, NY",40284
19097950500,"Maquoketa, IA",40283
37183053607,"Morrisville, NC",40283
13135050719,"Snellville, GA",40282
13089022001,"Tucker, GA",40282
21111012106,"Louisville, KY",40282
18097321100,"Highland-Kessler, Indianapolis, IN",40281
36073040400,"Medina, NY",40281
8123000402,"Greeley, CO",40281
6059087401,"Anaheim Colony Historic District, Anaheim, CA",40281
15003005500,"Kalihi - Palama, Honolulu, HI",40280
36027410000,"Arlington, NY",40280
48141001107,"Falcon Hills, El Paso, TX",40280
4013107601,"Camelback East Village, Phoenix, AZ",40280
12011060118,"Sunrise, FL",40279
17179020500,"Marquette Heights, IL",40279
6073019601,"Vista, CA",40278
21239050107,"Versailles, KY",40278
26055550700,"Traverse City, MI",40278
42107003700,"Tower City, PA",40276
53033011102,"Brighton, Seattle, WA",40276
17119403402,"Collinsville, IL",40276
6071011800,"Barstow, CA",40276
1103000300,"Decatur, AL",40275
36101961900,"Canisteo, NY",40275
26117970600,"Pierson, MI",40274
34017007600,"Downtown Jersey City, Jersey City, NJ",40274
51740210400,"Midtown, Portsmouth, VA",40274
29147470400,"Maryville, MO",40273
4021001711,"Maricopa, AZ",40272
20191962300,"Caldwell, KS",40272
48187210902,"Seguin, TX",40271
36063021000,"Niagara Falls, NY",40271
48201220300,"North Houston, Houston, TX",40271
48401950300,"Kilgore, TX",40271
39095006400,"DeVeaux, Toledo, OH",40270
5007020101,"Pea Ridge, AR",40270
6095252703,"Suisun City, CA",40270
1041963700,"Luverne, AL",40270
6059075404,"Santa Ana, CA",40270
36111953400,"New Paltz, NY",40269
37031970200,"Harkers Island, NC",40268
6073020019,"San Marcos, CA",40268
41047002301,"Sunnyslope, Salem, OR",40268
48201520100,"Westview, Houston, TX",40267
6065042733,"Lake Elsinore, CA",40267
17143004802,"Bartonville, IL",40266
16049940000,"Kamiah, ID",40266
44007010200,"East Providence, RI",40266
6037320202,"San Fernando, CA",40266
48491021503,"Egger Acres, Round Rock, TX",40265
6001407000,"Allendale, Oakland, CA",40265
26093733601,"Pinckney, MI",40265
6071009119,"Hesperia, CA",40265
6059099411,"Huntington Beach, CA",40263
17081050800,"Mount Vernon, IL",40263
53007961200,"Wenatchee, WA",40263
50001960500,"Addison County, VT",40262
12011100101,"Hallandale Beach, FL",40260
48231961200,"Greenville, TX",40260
48005000301,"Lufkin, TX",40260
22089062100,"Saint Rose, LA",40260
54011010700,"Ona, WV",40259
18109510202,"Mooresville, IN",40259
46005957100,"Huron, SD",40258
4011960300,"Duncan, AZ",40257
25017312000,"Back Central, Lowell, MA",40257
36061026700,"Fort George, New York, NY",40257
40065968400,"Altus, OK",40256
39173020100,"Northwood, OH",40256
55009001701,"Green Bay, WI",40256
6071002704,"Rialto, CA",40256
18163003200,"Westside, Evansville, IN",40255
51087200409,"Richmond, VA",40255
5007021201,"Siloam Springs, AR",40255
12011010406,"Deerfield Beach, FL",40255
48201321402,"South Houston, TX",40255
36031961100,"Crown Point, NY",40255
26161420000,"Ypsilanti, MI",40254
48257051201,"Kaufman, TX",40253
21209040502,"Georgetown, KY",40253
6059074200,"Bristol Manor, Santa Ana, CA",40253
37157040300,"Eden, NC",40253
40027202005,"Moore, OK",40252
33005971600,"Hinsdale, NH",40252
48201453000,"Southwest Houston, Houston, TX",40251
4025001801,"Sedona, AZ",40251
6109003100,"Twain Harte, CA",40250
21027960300,"Hardinsburg, KY",40250
53067010510,"Olympia, WA",40249
12099005947,"Boynton Beach, FL",40249
48453001861,"Windermere, Pflugerville, TX",40249
20009971300,"Hoisington, KS",40247
29077004201,"Springfield, MO",40247
45063021028,"Lexington, SC",40247
31049955400,"Chappell, NE",40247
16053970100,"Hazelton, ID",40247
55083100300,"Lakewood, WI",40246
6073013506,"Spring Valley, CA",40245
13151070502,"Hampton, GA",40245
17167001200,"Historic West-Side, Springfield, IL",40244
32003005851,"Rhodes Ranch, Las Vegas, NV",40244
42103950702,"Dingmans Ferry, PA",40244
41051001400,"Richmond, Portland, OR",40243
48183000300,"Longview, TX",40243
22019003000,"Sulphur, LA",40243
28049011202,"Terry, MS",40243
26081010301,"Kent City, MI",40243
41039001101,"Creswell, OR",40243
29189220300,"St. Louis, MO",40241
48201240901,"Foxwood, Humble, TX",40241
13097080507,"Douglasville, GA",40241
8059011805,"South Alameda, Lakewood, CO",40240
42079217100,"Hazleton, PA",40239
18081610201,"Greenwood, IN",40239
4021000204,"San Tan Valley, AZ",40238
24031701703,"Takoma Park, MD",40238
36061018500,"Upper West Side, New York, NY",40237
42027011000,"Bellefonte, PA",40237
44001030700,"Bristol, RI",40237
36047024200,"Kings County, NY",40235
12111381900,"Port St. Lucie, FL",40235
42037050800,"Bloomsburg, PA",40235
39061023222,"Reading, OH",40234
6073006802,"Loma Portal, San Diego, CA",40234
53005011002,"Kennewick, WA",40232
51510200500,"Seminary Hill, Alexandria, VA",40232
21067002800,"Hill N Dale, Lexington, KY",40231
39151713201,"Canton, OH",40231
37085070902,"Angier, NC",40231
25005640800,"Fall River, MA",40231
9005310200,"Torrington, CT",40230
36007014400,"Vestal, NY",40230
30001000300,"Dillon, MT",40229
12103028004,"Saint Pete Beach, FL",40229
48439105511,"Far Southwest, Fort Worth, TX",40228
40109106906,"Central Oklahoma City, Oklahoma City, OK",40227
21173920100,"Mount Sterling, KY",40227
37119005829,"Charlotte, NC",40227
6059088502,"Anaheim Resort, Garden Grove, CA",40227
6111000304,"Fillmore, CA",40226
12011020325,"Coral Springs, FL",40226
51510200104,"Alexandria West, Alexandria, VA",40225
49049000400,"American Fork, UT",40224
18033020500,"Auburn, IN",40223
24033803512,"Upper Marlboro, MD",40223
18163000600,"University South, Evansville, IN",40223
6029005801,"Rosamond, CA",40223
48201453900,"Houston, TX",40222
6071010012,"Hesperia, CA",40221
24031705602,"Chevy Chase, MD",40220
27123035500,"Cathedral Hill, Saint Paul, MN",40219
32003002848,"Paradise Valley, Las Vegas, NV",40219
6079011501,"San Luis Obispo, CA",40219
48001951000,"Elkhart, TX",40219
48061011302,"Harlingen, TX",40219
54041967400,"Weston, WV",40218
1031010700,"Enterprise, AL",40218
45091061202,"Rock Hill, SC",40217
8069002401,"Red Feather Lakes, CO",40217
53011041500,"Camas, WA",40217
36009961100,"Allegany, NY",40215
36055013205,"West Henrietta, NY",40215
16027020700,"Nampa, ID",40215
55079110100,"West Milwaukee, WI",40215
12086000707,"Hialeah, FL",40214
39151712601,"Louisville, OH",40214
39041010100,"Delaware, OH",40214
6059074003,"Delhi, Santa Ana, CA",40213
6077003109,"Stockton, CA",40213
26065006301,"Mason, MI",40213
40109107808,"Del City, OK",40212
39061010900,"Westwood, Cincinnati, OH",40212
48157675300,"Rosenberg, TX",40212
40081961400,"Meeker, OK",40211
26091060500,"Clayton, MI",40211
42071011805,"Lancaster, PA",40211
17199020202,"Carbondale, IL",40211
39147963800,"Bloomville, OH",40211
6019004001,"Kerman, CA",40211
26139020900,"Grand Haven, MI",40210
48479001706,"Calton Gardens, Laredo, TX",40210
22073005301,"West Monroe, LA",40210
54033031600,"Salem, WV",40210
12105011836,"Lakeland, FL",40209
55035000100,"Augusta, WI",40209
40151954300,"Alva, OK",40209
12081001203,"Bradenton, FL",40209
42011013301,"Barto, PA",40208
16027020503,"Nampa, ID",40208
42069103000,"South Side, Scranton, PA",40208
39133600602,"Windham, OH",40208
41005021900,"Gladstone, OR",40208
21209040602,"Georgetown, KY",40207
34017017300,"Union City, NJ",40205
37103920100,"Pollocksville, NC",40204
18167010701,"Terre Haute, IN",40203
16019970601,"Idaho Falls, ID",40202
18147953100,"Rockport, IN",40202
26035000700,"Farwell, MI",40201
23017965800,"Hartford, ME",40201
34017002800,"McGinley Square, Jersey City, NJ",40200
16039960300,"Mountain Home, ID",40200
39085204000,"Fairport Harbor, OH",40200
29095012803,"Raytown, MO",40200
46129965200,"Mobridge, SD",40198
39085206600,"The Corniola Realty Company's, Eastlake, OH",40198
39081011500,"Bloomingdale, OH",40197
24011955301,"Denton, MD",40197
39049001901,"Fifth by Northwest, Columbus, OH",40197
35009000303,"Clovis, NM",40196
51550020807,"Greenbrier East, Chesapeake, VA",40195
41005024200,"Estacada, OR",40195
22073005100,"West Monroe, LA",40194
48339694000,"Conroe, TX",40193
36047072400,"Kings County, NY",40193
18049953000,"Rochester, IN",40193
25027707300,"Gardner, MA",40193
1103005303,"Hartselle, AL",40192
37119005611,"Harris - Houston, Charlotte, NC",40192
12099000505,"North Palm Beach, FL",40192
12099005954,"Boynton Beach, FL",40191
35001003725,"Academy Acres North, Albuquerque, NM",40190
6077005108,"Manteca, CA",40190
18017950900,"Logansport, IN",40189
45007010500,"Williamston, SC",40189
37069060401,"Franklinton, NC",40189
48201531100,"North Houston, Houston, TX",40188
55135101100,"Clintonville, WI",40188
37063001806,"Durham, NC",40187
18139974400,"Rushville, IN",40187
12095017017,"Orlando, FL",40186
55079100600,"West Allis, WI",40185
27053026819,"Brooklyn Park, MN",40185
20137951700,"Norton, KS",40185
22043020401,"Pollock, LA",40185
24510010400,"Canton, Baltimore, MD",40185
9003417200,"New Britain, CT",40185
6071002502,"Fontana, CA",40184
24019970300,"East New Market, MD",40184
6037113234,"Canoga Park, Los Angeles, CA",40184
17031243000,"West Town, Chicago, IL",40184
37135010704,"Chapel Hill, NC",40183
48341950400,"Dumas, TX",40182
48439111514,"Southeast Arlington, Arlington, TX",40182
29015460100,"Cole Camp, MO",40182
6001434000,"San Leandro, CA",40181
53011041333,"Burnt Bridge Creek, Vancouver, WA",40181
6037117201,"North Hills, Los Angeles, CA",40181
12095012500,"Orlando, FL",40181
21191930200,"Falmouth, KY",40181
51099040400,"King George, VA",40180
48219950700,"Levelland, TX",40179
29021002300,"Saint Joseph, MO",40179
39035177103,"Parma, OH",40179
4019004073,"Rita Ranch, Tucson, AZ",40178
48159950100,"Mount Vernon, TX",40178
30013001100,"Great Falls, MT",40177
6043000200,"Coulterville, CA",40177
17055040100,"Sesser, IL",40177
6061021403,"Downtown Lincoln, Lincoln, CA",40177
26099251600,"Saint Clair Shores, MI",40177
40101000802,"Muskogee, OK",40176
36047011700,"Kings County, NY",40176
13021013606,"Lizella, GA",40176
49049010506,"Santaquin, UT",40176
36081043900,"Queens County, NY",40175
1117030703,"Columbiana, AL",40175
39139002102,"Mansfield, OH",40174
6037406102,"Covina, CA",40174
12117021201,"Geneva, FL",40173
8067970800,"Durango, CO",40173
6079010703,"Los Osos, Baywood-Los Osos, CA",40173
34017016000,"West New York, NJ",40173
6071009910,"Victorville, CA",40173
39151713401,"Canton, OH",40173
20047969700,"Kinsley, KS",40172
39165032100,"South Lebanon, OH",40172
26021021400,"Oronoko charter Township, Berrien Springs, MI",40171
6037910504,"Palmdale, CA",40171
6071002602,"Southridge Village, Fontana, CA",40170
18145710500,"Shelbyville, IN",40170
48215024301,"Edinburg, TX",40170
36047007200,"Kings County, NY",40170
13127000101,"Saint Simons Island, GA",40169
6069000502,"Hollister, CA",40169
19163012100,"Davenport, IA",40169
26115832200,"South Monroe, Monroe, MI",40169
6017030504,"South Lake Tahoe, CA",40168
4013816700,"Sossaman Estates, Queen Creek, AZ",40168
53061041811,"Lynnwood, WA",40168
48201422800,"Westside, Houston, TX",40167
37101041101,"Clayton, NC",40167
40119010101,"Stillwater, OK",40166
6001403900,"Grand Lake, Oakland, CA",40166
18113972200,"Ligonier, IN",40165
8005087100,"Dayton Triangle, Aurora, CO",40165
6073008701,"Linda Vista, San Diego, CA",40165
13137000100,"Clarkesville, GA",40164
22079010600,"Boyce, LA",40164
12086000134,"Aventura, FL",40164
12099007813,"Royal Palm Beach, FL",40163
8041001800,"East Colorado Springs, Colorado Springs, CO",40163
1127020300,"Jasper, AL",40162
41059950600,"Pendleton, OR",40162
28089030105,"Ridgeland, MS",40162
9009351300,"Waterbury, CT",40161
36081018101,"Queens County, NY",40161
42075003901,"Palmyra, PA",40160
1043964300,"Falkville, AL",40160
27161790500,"Waseca, MN",40159
39061009902,"West Price Hill, Cincinnati, OH",40159
26115833700,"Erie, MI",40159
8067970704,"Durango, CO",40156
32031003307,"Incline Village, NV",40156
29089960200,"New Franklin, MO",40156
20079030300,"Newton, KS",40156
27053012003,"Southwest Minneapolis, Minneapolis, MN",40156
30063001303,"South 39th Street, Missoula, MT",40155
36101961000,"Avoca, NY",40154
35061971400,"Los Lunas, NM",40154
29007950600,"Mexico, MO",40153
24037876002,"Great Mills, MD",40153
10003010502,"Wilmington, DE",40153
47021070202,"Ashland City, TN",40153
41051004900,"Northwest District, Portland, OR",40152
19193000500,"Sioux City, IA",40152
29051020300,"Eugene, MO",40152
55067960400,"Antigo, WI",40152
35001003707,"Highlands North, Albuquerque, NM",40151
29187950901,"Farmington, MO",40150
12031014336,"Arlington, Jacksonville, FL",40149
6059086405,"Northeast Anaheim, Anaheim, CA",40149
36073040200,"Medina, NY",40149
55115100500,"Shawano, WI",40148
19041080200,"Spencer, IA",40148
6001422100,"Northwest Berkeley, Berkeley, CA",40148
17183010900,"Sidell, IL",40147
1073012913,"Hoover, AL",40147
17169970100,"Rushville, IL",40147
36115088000,"Fort Edward, NY",40146
12057006802,"Ballast Point, Tampa, FL",40146
48439105600,"South Hills, Fort Worth, TX",40145
42101038000,"Frankford, Philadelphia, PA",40144
34025804700,"Eatontown, NJ",40144
39023002200,"Springfield, OH",40144
48107950300,"Lorenzo, TX",40143
6059042108,"San Clemente, CA",40143
48113017806,"Town East Estates, Mesquite, TX",40143
44009050801,"Westerly, Westerly, RI",40142
10003012200,"Wilmington, DE",40142
48479001601,"Base, Laredo, TX",40142
18097310111,"Eagle Cove, Indianapolis, IN",40141
6037214503,"Central LA, Los Angeles, CA",40141
12019031101,"Middleburg, FL",40141
37183053105,"Fuquay Varina, NC",40141
19163011600,"Davenport, IA",40141
34021003602,"Trenton, NJ",40139
48453001303,"Zilker, Austin, TX",40139
26161414500,"Ypsilanti, MI",40139
1041963800,"Brantley, AL",40138
21227011600,"Oakland, KY",40138
37003040200,"Township of Taylorsville, NC",40137
21041950300,"Carrollton, KY",40137
4021002101,"Arizona City, AZ",40137
26159010900,"Paw Paw, MI",40136
6073010003,"Otay Mesa West, San Diego, CA",40136
16009950100,"Saint Maries, ID",40136
47093004500,"Knoxville, TN",40135
24021750702,"College Estates, Frederick, MD",40135
39119911000,"Zanesville, OH",40135
6113010204,"West Sacramento, CA",40135
1083020801,"Athens, AL",40134
41045970600,"Vale, OR",40134
5125010407,"Bauxite, AR",40134
6053014302,"Marina, CA",40134
36113076000,"Brant Lake, NY",40132
51177020408,"Spotsylvania Courthouse, VA",40132
21111010901,"Bon Air, Louisville, KY",40132
48201324100,"Pasadena, TX",40132
1047956701,"Selma, AL",40131
47157021112,"Memphis, TN",40131
51169030500,"Hiltons, VA",40131
21177960700,"Beech Creek, KY",40131
53077001601,"Yakima, WA",40131
6037900508,"Lancaster, CA",40130
48113019202,"Richardson, TX",40129
39093080500,"North Ridgeville, OH",40129
6001435300,"Upper B Street, Hayward, CA",40128
36081041100,"Queens County, NY",40128
8069001601,"Fort Collins, CO",40128
6037535605,"South Gate, CA",40128
36103159509,"Mastic Beach, NY",40127
12127091005,"Oakdale, Osteen, FL",40127
5119003711,"Stonehill, North Little Rock, AR",40127
40109106602,"Central Oklahoma City, Oklahoma City, OK",40126
47163042300,"Blountville, TN",40125
48355005407,"South Side, Corpus Christi, TX",40125
19067480300,"Marble Rock, IA",40125
6037311802,"Burbank, CA",40125
5143010301,"Springdale, AR",40124
22079013500,"Forest Hill, LA",40124
48427950402,"Rio Grande City, TX",40122
23017965600,"Rumford, Rumford, ME",40122
24033801407,"Fort Washington, MD",40122
51087200906,"Glen Allen, VA",40122
50021962100,"Pittsfield, VT",40121
21239050104,"Versailles, KY",40121
4019004043,"Eastside, Tucson, AZ",40121
1107050200,"Ethelsville, AL",40121
40103956900,"Perry, OK",40121
26049011212,"Grand Blanc, MI",40120
34015501605,"Williamstown, Monroe Township, NJ",40120
34017000800,"The Heights, Jersey City, NJ",40120
8031005002,"East, Denver, CO",40119
18097356200,"Mile Square, Indianapolis, IN",40119
18091042200,"La Porte, IN",40119
17141961600,"Rochelle, IL",40119
55081950200,"Sparta, WI",40117
50015953600,"Stowe, VT",40117
17031030400,"Edgewater, Chicago, IL",40116
21067002900,"Lexington, KY",40116
24023000600,"Oakland, MD",40116
26151970400,"Carsonville, MI",40116
40149964900,"Foss, OK",40115
42079213400,"Larksville, PA",40115
28035010101,"Petal, MS",40115
54021967800,"Glenville, WV",40115
56007968100,"Hanna, WY",40115
6073010110,"Nestor, San Diego, CA",40115
29047020604,"Kansas City, MO",40114
13083040102,"Trenton, GA",40114
26121003400,"Muskegon, MI",40112
17175951500,"Wyoming, IL",40111
21177960800,"Dunmor, KY",40111
39007000300,"Ashtabula, OH",40111
55127000901,"Elkhorn, WI",40110
4019004625,"Tucson, AZ",40110
6053013000,"Monterey, CA",40109
51015070400,"Crimora, VA",40109
12086012500,"Hialeah Gardens, FL",40109
26147649000,"Algonac, MI",40108
12031011903,"Northwest, Jacksonville, FL",40108
36047061003,"Kings County, NY",40107
5119003609,"Jacksonville, AR",40107
28109950502,"Carriere, MS",40107
17031071700,"Lincoln Park, Chicago, IL",40106
48085032004,"Meadows, Plano, TX",40106
6031000601,"Hanford, CA",40106
8009964600,"Walsh, CO",40106
48245000308,"Beaumont, TX",40105
22103040706,"Pearl River, LA",40105
55101001003,"Racine, WI",40105
42079215701,"Hunlock Creek, PA",40104
34017016200,"Union City, NJ",40103
31161951700,"Rushville, NE",40103
54007968000,"Gassaway, WV",40102
26093741100,"Brighton, MI",40102
48289950100,"Buffalo, TX",40102
12086009038,"Doral, FL",40102
48009020100,"Wichita Falls, TX",40101
6037502602,"El Rancho, Pico Rivera, CA",40100
48171950300,"Fredericksburg, TX",40100
48029180102,"Inner West Side, San Antonio, TX",40100
15003005700,"Kalihi - Palama, Honolulu, HI",40099
12105014804,"Lakeland, FL",40099
23027041000,"Winterport, ME",40098
18141001300,"South Bend, IN",40098
10005051004,"Lewes, DE",40098
17163501603,"Belleville, IL",40096
19169001000,"Ames, IA",40095
35001000801,"Kirtland Air Force Base, Albuquerque, NM",40095
22099020400,"Saint Martinville, LA",40094
36057070800,"Amsterdam, NY",40094
6037113235,"Los Angeles County, CA",40094
48245001302,"Beaumont, TX",40094
9009352400,"Waterbury, CT",40094
6037400604,"Azusa, CA",40093
49035113536,"West Valley City, UT",40093
20015020800,"Augusta, KS",40093
48157675800,"East Bernard, TX",40093
48121021744,"Lewisville, TX",40090
26141950200,"Rogers City, MI",40090
4013420401,"N. Center Neighborhood, Mesa, AZ",40088
42063960100,"Rossiter, PA",40087
29163460500,"Clarksville, MO",40087
18127050501,"Portage, IN",40087
36089491500,"Ogdensburg, NY",40087
33013044000,"Northfield, NH",40087
51650010312,"Northampton, Hampton, VA",40087
26109960400,"Wallace, MI",40087
6111008800,"Marina West, Oxnard, CA",40087
6037550100,"Norwalk, CA",40086
36027040001,"Dover Plains, NY",40086
48497150602,"Rhome, TX",40086
47037015609,"Hermitage, Nashville, TN",40086
17031520200,"East Side, Chicago, IL",40086
23005001500,"Oakdale, Portland, ME",40086
18099020302,"Culver, IN",40086
1125010103,"Northport, AL",40085
22055002101,"Carencro, LA",40085
24033801214,"Clinton, MD",40085
48201310500,"Greater East End, Houston, TX",40085
39119912700,"Zanesville, OH",40084
21211040402,"Shelbyville, KY",40083
49035113309,"West Valley City, UT",40083
6111007901,"Simi Valley, CA",40083
5085020205,"Cabot, AR",40082
6037273800,"Venice, Los Angeles, CA",40082
40109106606,"Central Oklahoma City, Oklahoma City, OK",40082
6037121222,"Sun Valley, Los Angeles, CA",40081
39155931500,"Hubbard, OH",40081
37113970502,"Highlands, NC",40080
12086009039,"Doral, FL",40080
6037481202,"San Gabriel, CA",40079
17197881302,"Joliet, IL",40078
6065031001,"Magnolia Center, Riverside, CA",40078
6007002300,"Paradise, CA",40078
36029017200,"Tonawanda, NY",40077
39171950900,"Edgerton, OH",40077
54097967100,"Buckhannon, WV",40077
18081610900,"Franklin, IN",40076
51005080301,"Covington, VA",40076
6085503507,"Alum Rock, San Jose, CA",40076
6037109700,"Granada Hills, Los Angeles, CA",40075
17031829600,"South Chicago Heights, IL",40075
8041006802,"Briargate, Colorado Springs, CO",40074
54099020600,"Lavalette, WV",40074
23023970302,"Topsham, Topsham, ME",40074
26125160800,"Southfield, MI",40074
18053010100,"Marion, IN",40074
40017301409,"Southwest Oklahoma City, Mustang, OK",40073
42115032100,"Montrose, PA",40072
13117130103,"Gainesville, GA",40072
31099966700,"Minden, NE",40072
22013970400,"Castor, LA",40072
42049011505,"Harborcreek, PA",40072
53035092200,"Port Orchard, WA",40070
16055001002,"Hayden, ID",40070
42089301301,"Kunkletown, PA",40070
13135050315,"Peachtree Corners, GA",40069
9003514400,"Bowers, Manchester, CT",40068
51153901702,"Manassas, VA",40068
19163012000,"Davenport, IA",40068
20043020100,"Highland, KS",40068
42045402800,"Sharon Hill, PA",40067
26125181400,"Madison Heights, MI",40067
8005082300,"Horseshoe Park, Aurora, CO",40066
17057953300,"Canton, IL",40066
37183052901,"Wake County, NC",40066
53053072106,"Tacoma, WA",40065
41017001200,"Bend, OR",40065
1125012600,"Tuscaloosa, AL",40064
48201550500,"Houston, TX",40064
1003011408,"Gulf Shores, AL",40064
27105105500,"Worthington, MN",40064
6065042730,"Romoland, Menifee, CA",40062
48503950600,"Graham, TX",40062
12086010613,"Cutler Bay, FL",40062
39049009381,"Treebourne Village, Reynoldsburg, OH",40062
41053020500,"Dallas, OR",40061
31079000800,"Grand Island, NE",40061
42029308200,"Chester County, PA",40061
18005010500,"Columbus, IN",40060
53077001702,"Moxee, WA",40060
39013011700,"Bellaire, OH",40060
48379950200,"Point, TX",40059
39059977800,"Byesville, OH",40059
39035185202,"South Euclid, OH",40059
42101020800,"East Falls, Philadelphia, PA",40059
47093006403,"Corryton, TN",40059
16019970502,"Ammon, ID",40059
51031020700,"Altavista, VA",40059
6037603006,"Gardena, CA",40058
36073040801,"Holley, NY",40058
29121960300,"Macon, MO",40058
21171930300,"Tompkinsville, KY",40058
48091310603,"Spring Branch, TX",40057
39103416200,"Brunswick, OH",40057
19113001400,"Cedar Rapids, IA",40057
49053270100,"Virgin, UT",40055
6073018519,"Tri-City, Oceanside, CA",40055
48451001704,"San Angelo, TX",40055
21087930400,"Greensburg, KY",40054
36061010300,"Midtown, New York, NY",40054
26163583900,"Taylor, MI",40054
8101002911,"Pueblo West, CO",40053
42085031300,"Hermitage, PA",40053
48021950600,"Smithville, TX",40052
17021958700,"Pana, IL",40052
1101005502,"Pike Road, AL",40052
8059011602,"North Alameda, Lakewood, CO",40052
12103026821,"Clearwater, FL",40052
29077002502,"Southeast Springfield, Springfield, MO",40049
55101000901,"Racine, WI",40049
55071000700,"Manitowoc, WI",40049
17089854200,"Aurora, IL",40047
41005021602,"Southgate, Portland, OR",40047
51059452502,"Lincolnia, VA",40046
48387950100,"Annona, TX",40046
6071010016,"Hesperia, CA",40045
6059088101,"Stanton, CA",40044
4019004630,"Sunset Creek, Tucson, AZ",40044
8077000800,"Pear Park, Grand Junction, CO",40044
39113050503,"Miamisburg, OH",40044
42107001000,"Ashland, PA",40044
18093950500,"Bedford, IN",40044
36081055700,"Queens County, NY",40044
39099813500,"North Lima, OH",40043
6061020908,"Vineyard, Roseville, CA",40043
53067012510,"Yelm, WA",40043
6029006303,"Arvin, CA",40042
6037620601,"North Redondo, Redondo Beach, CA",40042
30031000200,"Belgrade, MT",40042
35025001004,"Lovington, NM",40042
8123001404,"Greeley, CO",40042
48113017400,"Mesquite Park, Mesquite, TX",40042
17197883700,"Steger, IL",40040
12019030301,"Orange Park, FL",40039
45045002606,"Taylors, SC",40039
48439111542,"Southeast Arlington, Arlington, TX",40038
51027010300,"Buchanan County, VA",40038
42055010900,"Chambersburg, PA",40037
22073010400,"Calhoun, LA",40037
37025040600,"Concord, NC",40037
6093000100,"Tulelake, CA",40037
17031600600,"Bridgeport, Chicago, IL",40037
12009063107,"Coral Springs, Melbourne, FL",40036
48113000202,"Lower Greenville, Dallas, TX",40036
27007450400,"Hines, MN",40036
6037185100,"Mount Washington, Los Angeles, CA",40036
12011090602,"Driftwood, Hollywood, FL",40035
40109106801,"Central Oklahoma City, Bethany, OK",40035
49035113801,"Kearns, UT",40035
29019001901,"Harrisburg, MO",40034
48151950300,"Roby, TX",40033
39059977100,"Quaker City, OH",40033
36047040000,"Kings County, NY",40033
4021001305,"Casa Grande, AZ",40033
6073020602,"Central Escondido, Escondido, CA",40033
17031826202,"Calumet City, IL",40033
20173005502,"Haysville, KS",40033
48257051300,"Kemp, TX",40033
39155931601,"Hubbard, OH",40032
36105950300,"Fremont Center, NY",40032
17097860807,"Fox Lake, IL",40031
48355005411,"South Side, Corpus Christi, TX",40031
1001020801,"Prattville, AL",40031
30017962000,"Miles City, MT",40031
26087331500,"Columbiaville, MI",40031
47037015402,"Hermitage, Nashville, TN",40031
51770002100,"Roanoke, VA",40030
24005403402,"Pikesville, MD",40030
6085503217,"South San Jose, San Jose, CA",40029
12086000607,"Hialeah, FL",40028
1083020101,"Athens, AL",40028
26081004100,"Garfield Park, Grand Rapids, MI",40028
36019100800,"Plattsburgh, NY",40027
6037920041,"Santa Clarita, CA",40027
53033007600,"Capitol Hill, Seattle, WA",40027
48113019019,"Lake Highlands, Dallas, TX",40027
40123089000,"Ada, OK",40026
29099700503,"House Springs, MO",40026
40147001300,"Ramona, OK",40025
6077004302,"Lodi, CA",40025
36073401200,"Lyndonville, NY",40025
22037951300,"Clinton, LA",40024
55039040700,"Fond du Lac, WI",40024
47105060100,"Lenoir City, TN",40024
16019970503,"Idaho Falls, ID",40024
12086009023,"Miami, FL",40024
17031816402,"Melrose Park, IL",40022
42121201100,"Oil City, PA",40021
25003920101,"Williamstown, Williamstown, MA",40021
49035101600,"Central City, Salt Lake City, UT",40020
13077170603,"Sharpsburg, GA",40020
19099040200,"Ira, IA",40019
13089023000,"Avondale Estates, GA",40019
9007541500,"Middletown, CT",40019
15003005300,"Kalihi - Palama, Honolulu, HI",40018
20209044806,"Bonner - Loring, Kansas City, KS",40017
44007010600,"Riverside, East Providence, RI",40017
19009070300,"Exira, IA",40017
42039110600,"Crawford County, PA",40016
48113012603,"Dallas, TX",40016
20173005501,"Haysville, KS",40015
47119010302,"Columbia, TN",40015
12081001914,"Duette, FL",40015
48029180604,"Inner West Side, San Antonio, TX",40014
17073031100,"Galva, IL",40014
45007010104,"Easley, SC",40014
18055955300,"Lyons, IN",40013
1089011300,"Owens Cross Roads, AL",40013
18127050407,"Portage, IN",40012
49011125301,"Sunset, UT",40012
39007000200,"Conneaut, OH",40011
8041004901,"Colorado Springs, CO",40011
36029015504,"Angola, NY",40010
6019006700,"Reedley, CA",40010
37025041100,"Kannapolis, NC",40010
29145020502,"Joplin, MO",40008
8031000501,"Northwest, Denver, CO",40008
6073016301,"El Cajon, CA",40007
25013801603,"Sixteen Acres, Springfield, MA",40007
21111010311,"Louisville, KY",40007
13185010201,"Hahira, GA",40007
39049008141,"Galloway Ridge, Galloway, OH",40007
21111012105,"Louisville, KY",40006
48167721900,"Texas City, TX",40005
26125127400,"Clarkston, MI",40005
36075021602,"Oswego, NY",40005
55079021400,"Milwaukee, WI",40005
36047048600,"Kings County, NY",40004
54103030400,"Littleton, WV",40004
41001950600,"Halfway, OR",40004
36067010400,"Cicero, NY",40003
12086015600,"Miami, FL",40003
32003005341,"Highland Hills, Henderson, NV",40001
1089010624,"Harvest, AL",40001
37021002205,"Arden, NC",40000
51161030201,"Roanoke, VA",39999
29095010002,"South Kansas City, Kansas City, MO",39999
25005613901,"Taunton, MA",39998
26025003200,"Albion, MI",39998
48113020400,"Downtown, Dallas, TX",39997
1073011706,"Morris, AL",39997
47129110300,"Wartburg, TN",39997
17163501604,"Belleville, IL",39996
15003006302,"Kalihi Valley, Honolulu, HI",39996
48181000302,"Pottsboro, TX",39995
6037131800,"Reseda, Los Angeles, CA",39995
9011870200,"Conning Towers-Nautilus Park, Groton, CT",39995
39157021800,"Port Washington, OH",39995
39099810100,"Campbell, OH",39994
42035030800,"Mill Hall, PA",39993
33001966100,"Laconia, NH",39993
13151070402,"Locust Grove, GA",39993
39035177304,"Parma, OH",39993
45051070200,"Conway, SC",39992
53063013600,"Thorpe Westwood, Spokane, WA",39992
51143011100,"Danville, VA",39990
12099007763,"Wellington, FL",39990
6113010606,"Davis, CA",39990
45083022801,"Inman, SC",39990
24510270804,"Lake Walker, Baltimore, MD",39990
12086013900,"Hialeah Gardens, FL",39990
51191010602,"Meadowview, VA",39990
32003002832,"Las Vegas, NV",39990
42003281500,"Crafton Heights, Pittsburgh, PA",39989
6079012401,"Nipomo, CA",39989
13051010806,"Savannah, GA",39989
46029954501,"Watertown, SD",39988
17031140200,"Albany Park, Chicago, IL",39988
36061003002,"Alphabet City, New York, NY",39987
9009165400,"Hamden, CT",39987
48363000100,"Graford, TX",39987
12103022402,"Jungle Terrace, Saint Petersburg, FL",39987
6067007010,"North Sacramento, Sacramento, CA",39987
6071001104,"Ontario, CA",39987
6073020210,"East Grove, Escondido, CA",39986
42097081300,"Edgewood, PA",39986
39023002502,"Springfield, OH",39985
45079002500,"Midtown - Downtown, Columbia, SC",39985
6099002603,"Ceres, CA",39985
21049020105,"Winchester, KY",39984
6073006801,"Point Loma Heights, San Diego, CA",39984
6059086402,"Northeast Anaheim, Anaheim, CA",39984
39033974100,"New Washington, OH",39984
4013116730,"Ahwatukee Foothills Village, Phoenix, AZ",39984
32003005357,"Henderson, NV",39984
48141010328,"Los Paseos, El Paso, TX",39983
32003002841,"Las Vegas, NV",39983
6037215102,"Central LA, Los Angeles, CA",39983
48201410701,"Montrose, Houston, TX",39983
6073003209,"Bay Terraces, San Diego, CA",39983
12099007839,"West Palm Beach, FL",39981
6037207710,"Central LA, Los Angeles, CA",39981
42013010700,"Altoona, PA",39981
29045950100,"Luray, MO",39980
37071032401,"Belmont, NC",39980
12095017503,"Apopka, FL",39980
1003011102,"Fairhope, AL",39979
46069976700,"Highmore, SD",39979
37151031504,"Archdale, NC",39978
48453000401,"Central Austin, Austin, TX",39977
22019002100,"Iowa, LA",39977
42125743700,"Houston, PA",39977
4025000801,"Prescott, AZ",39976
47037019110,"Hickory Valley, Nashville, TN",39976
6073008702,"Birdland, San Diego, CA",39975
19097950100,"Maquoketa, IA",39975
12057014119,"Apollo Beach, FL",39975
31157953600,"Scottsbluff, NE",39975
42097080100,"Watsontown, PA",39975
13177020402,"Leesburg, GA",39974
55013970400,"Danbury, WI",39973
23031023500,"Shapleigh, ME",39973
36033950501,"Malone, NY",39972
36117021100,"Newark, NY",39972
36047050400,"Kings County, NY",39971
6037293307,"Harbor City, Los Angeles, CA",39970
34017016400,"Union City, NJ",39970
39153531102,"Akron, OH",39970
12009061202,"Enterprise Park, Titusville, FL",39969
48467950800,"Van, TX",39969
53063014200,"Cheney, WA",39969
48005001300,"Huntington, TX",39968
5007020206,"Rogers, AR",39968
26111291700,"Coleman, MI",39968
20177002601,"West Southwest 3, Topeka, KS",39967
39113021501,"Dayton, OH",39967
6013305000,"Antioch, CA",39967
6065043311,"Hemet, CA",39966
23005016500,"East Baldwin, Baldwin, ME",39966
51810045407,"Virginia Beach, VA",39965
49039972300,"Gunnison, UT",39965
38035011900,"Grand Forks Air Force Base, ND",39965
48203020200,"Harleton, TX",39963
48187210504,"Seguin, TX",39963
53051970500,"Newport, WA",39963
48439111538,"Grand Prairie, TX",39963
13153021201,"Kathleen, GA",39962
13151070104,"Stockbridge, GA",39962
22055002002,"Scott, LA",39960
5061950100,"Dierks, AR",39959
18111100600,"Brook, IN",39959
48453002434,"Creedmoor, TX",39959
39015951800,"Georgetown, OH",39958
6065041412,"Riverside, CA",39958
12011110343,"Miramar, FL",39957
36061009700,"Midtown, New York, NY",39957
21077960102,"Verona, KY",39957
48339693000,"Conroe, TX",39957
36075021502,"Oswego, NY",39956
4007000800,"Roosevelt, AZ",39956
6053011801,"Northeast Carmel, Carmel-by-the-Sea, CA",39955
23005003300,"South Portland, ME",39955
6089012303,"Cottonwood, CA",39955
41003001002,"Corvallis, OR",39954
22017024700,"Freestate, North Highlands, Shreveport, LA",39953
18163003400,"North Country Club, Evansville, IN",39953
21155970700,"Lebanon, KY",39952
39103410000,"Spencer, OH",39951
15003002600,"McCully - Moiliili, Honolulu, HI",39951
48353950500,"Roscoe, TX",39951
6001436300,"Burbank, Hayward, CA",39951
39119911200,"Frazeysburg, OH",39950
32003005829,"Las Vegas, NV",39950
51059421800,"Alexandria, VA",39949
15009031101,"Kahului, HI",39949
24003730506,"South Gate, Glen Burnie, MD",39948
25009205800,"Lynn, MA",39948
12105012803,"Winter Haven, FL",39948
6037195201,"Central LA, Los Angeles, CA",39948
1117030501,"Calera, AL",39947
49035113527,"West Jordan, UT",39947
33019975200,"Grantham, NH",39947
36081066400,"Queens County, NY",39946
1111000200,"Woodland, AL",39945
32005001400,"Minden, NV",39945
17031818300,"Hillside, IL",39945
54033030602,"Clarksburg, WV",39945
31031955900,"Valentine, NE",39945
42039111000,"Titusville, PA",39944
6037534502,"Huntington Park, CA",39944
8059011300,"Edgewater, CO",39941
40109108203,"Edmond, OK",39941
6097153705,"Forestville, CA",39941
48439113810,"Watauga, TX",39940
36061019100,"Bloomingdale, New York, NY",39940
42003431500,"Bellevue, PA",39940
39107967400,"Celina, OH",39939
6037573401,"Signal Hill, CA",39939
26075005700,"Jackson, MI",39939
24047950700,"Ocean Pines, MD",39938
45019004611,"Mount Pleasant, SC",39938
32003005852,"Rhodes Ranch, Las Vegas, NV",39937
9003406001,"Bristol, CT",39937
33011001700,"Hallsville, Manchester, NH",39937
48121021743,"Lewisville, TX",39936
39067976000,"Cadiz, OH",39936
6017030505,"South Lake Tahoe, CA",39936
42041010300,"Camp Hill, PA",39935
53057951700,"Burlington, WA",39935
20173008800,"Orchard Park, Wichita, KS",39934
39035106200,"Old Brooklyn, Cleveland, OH",39934
49035113907,"Magna, UT",39934
25009252400,"Methuen, MA",39934
48113018801,"Garland, TX",39933
15003001600,"Diamond Head - Kapahulu - St. Louis, Honolulu, HI",39933
12086006504,"Coral Way, Miami, FL",39933
45063021034,"West Columbia, SC",39933
53015001900,"Longview, WA",39933
4013420501,"N. Center Revitilization Association, Mesa, AZ",39932
44007014100,"Cranston, RI",39931
35001004717,"Tres Placitas, Albuquerque, NM",39930
4013619500,"Paradise Valley Village, Phoenix, AZ",39930
36069050301,"Clifton Springs, NY",39930
18039001701,"Elkhart, IN",39929
48029181504,"Northwest Side, San Antonio, TX",39929
6111004715,"Tierra Vista, Oxnard, CA",39929
30031000900,"Bozeman, MT",39928
1039962500,"Opp, AL",39928
39165032300,"Morrow, OH",39928
39089757400,"Etna, OH",39928
6085512603,"Gilroy, CA",39928
51670820400,"Hopewell, VA",39927
12086011102,"Homestead, FL",39927
16055000700,"Coeur d'Alene, ID",39926
19147960300,"Emmetsburg, IA",39925
24031706012,"Bethesda, MD",39925
48221160205,"Granbury, TX",39925
13051010803,"Pooler, GA",39925
39155930500,"West Farmington, OH",39924
20207096600,"Yates Center, KS",39924
53035080600,"Bremerton, WA",39924
8005081200,"Sable Ridge, Aurora, CO",39923
40015162200,"Apache, OK",39923
6099003700,"Turlock, CA",39921
18133956600,"Greencastle, IN",39921
48403950200,"Pineland, TX",39920
47133950100,"Monroe, TN",39919
48201310300,"South Central Houston, Houston, TX",39918
48381022001,"Amarillo, TX",39918
36055015304,"Brockport, NY",39918
48113015100,"Irving, TX",39918
36055012000,"East Rochester, NY",39918
6097153704,"Guerneville, CA",39916
48503950400,"Graham, TX",39916
34011040400,"Vineland, NJ",39916
51023040200,"Buchanan, VA",39915
39095005802,"Whitmer-Trilby, Toledo, OH",39915
17031580700,"Brighton Park, Chicago, IL",39915
39023002301,"South Vienna, OH",39914
53053071901,"Lakewood, WA",39914
6079010202,"Paso Robles, CA",39913
1073011600,"Mount Olive, AL",39913
47103975500,"Flintville, TN",39913
36103146404,"Central Islip, NY",39913
6073002905,"Mid-City, San Diego, CA",39913
29089960300,"Fayette, MO",39912
12071010701,"Caloosahatchee, Cape Coral, FL",39912
41067032610,"Hillsboro, OR",39912
25013810100,"Depot Village, Palmer, MA",39911
25009205500,"Lynn, MA",39911
6059087102,"Northwest Anaheim, Anaheim, CA",39911
18099020201,"Plymouth, IN",39910
48113009605,"Northwest Dallas, Dallas, TX",39909
35013001701,"Santa Teresa, NM",39908
2020002711,"Bayshore / Klatt, Anchorage, AK",39908
48029181721,"Braun's Farm, San Antonio, TX",39908
6087121500,"Santa Cruz, CA",39908
12019031200,"Green Cove Springs, FL",39907
12009066700,"Flamingo Homes, Indian Harbour Beach, FL",39907
22015011001,"Bossier City, LA",39907
51177020108,"Fredericksburg, VA",39907
29189221000,"St. Louis, MO",39906
51177020311,"Spotsylvania Courthouse, VA",39905
20139010400,"Osage City, KS",39905
29021001700,"Saint Joseph, MO",39905
34031125100,"Botany Village, Clifton, NJ",39905
29159480300,"Sedalia, MO",39905
24005430200,"Lansdowne - Baltimore Highlands, Lansdowne, MD",39905
32003002838,"Las Vegas, NV",39904
37171931102,"Dobson, NC",39903
48281950302,"Lampasas, TX",39903
6081610302,"Redwood City, CA",39902
18003003301,"Summerfield, Fort Wayne, IN",39902
48375011800,"Amarillo, TX",39901
6037269903,"Palms, Los Angeles, CA",39901
6037294610,"Wilmington, Los Angeles, CA",39900
37129011903,"Carleton Place, Wilmington, NC",39900
48201532800,"Northside, Houston, TX",39900
1003010400,"Bay Minette, AL",39900
6059076103,"Anaheim Resort, Garden Grove, CA",39898
53005010703,"West Richland, WA",39898
29063080100,"Cameron, MO",39898
6013389200,"El Cerrito, CA",39898
6007003300,"Oroville, CA",39897
39061021571,"Cincinnati, OH",39896
51177020205,"Fredericksburg, VA",39896
41067031300,"Central Beaverton, Beaverton, OR",39895
36047072200,"Kings County, NY",39894
17023060100,"Marshall, IL",39894
37171931103,"Pinnacle, NC",39893
42003501000,"McKeesport, PA",39892
1043964800,"Cullman, AL",39892
36051031300,"Dansville, NY",39892
48201232500,"El Dorado/ Oates Prarie, Houston, TX",39892
13039010402,"Saint Marys, GA",39892
6073003107,"Jamacha-Lomita, San Diego, CA",39892
47031970802,"Tullahoma, TN",39891
26005030800,"Douglas, MI",39891
31067964800,"Beatrice, NE",39891
39021011504,"Urbana, OH",39891
42003110600,"Highland Park, Pittsburgh, PA",39890
26029001100,"East Jordan, MI",39890
17031500300,"South Side, Chicago, IL",39890
19073080100,"Grand Junction, IA",39889
20181453700,"Goodland, KS",39888
16021970100,"Bonners Ferry, ID",39888
12115002304,"Venice, FL",39888
40047001401,"Enid, OK",39888
6099000203,"Oakdale, CA",39888
36061012100,"Hell's Kitchen, New York, NY",39887
21101020900,"Corydon, KY",39886
39117965100,"Mount Gilead, OH",39886
4019004631,"Las Lindas, Tucson, AZ",39886
29109470300,"Monett, MO",39885
51059421400,"Groveton, Alexandria, VA",39885
45063021306,"Gilbert, SC",39884
6067007206,"Elverta, CA",39883
42089301204,"Effort, PA",39883
6085504318,"Berryessa, San Jose, CA",39883
6053000102,"Salinas, CA",39883
1117030406,"Montevallo, AL",39883
55003950500,"Ashland, WI",39883
8041004703,"Colorado Springs, CO",39883
55029100700,"Sturgeon Bay, WI",39882
4013061012,"Palm Valley, Goodyear, AZ",39882
12057013903,"Lithia, FL",39882
36027140101,"Poughkeepsie, NY",39881
6037571502,"Bixby North, Long Beach, CA",39881
39145002900,"Wheelersburg, OH",39881
42085032702,"Mercer, PA",39881
37115010400,"Marshall, NC",39880
12086490100,"Flagami, Miami, FL",39879
8005080600,"Heather Ridge, Aurora, CO",39879
6001427600,"West Alameda, Alameda, CA",39879
42009961100,"Bedford, PA",39879
39019720100,"Mechanicstown, OH",39879
31137967000,"Holdrege, NE",39878
6065042719,"Nuevo, CA",39878
42009960300,"New Paris, PA",39878
42033331000,"Woodland, PA",39877
6037530203,"South Montebello, Montebello, CA",39877
34017004800,"Hackensack River Waterfront, Jersey City, NJ",39876
45015020506,"Moncks Corner, SC",39876
6071000208,"Montclair, CA",39875
19045000500,"Clinton, IA",39874
6025011803,"El Centro, CA",39874
37179020901,"Monroe, NC",39874
48339692602,"New Caney, TX",39874
39173021701,"Bowling Green, OH",39873
5143011002,"Lincoln, AR",39873
42079215200,"Wilkes-Barre Township, PA",39873
6035040305,"Susanville, CA",39873
47037019500,"Downtown, Nashville, TN",39873
17201003809,"Loves Park, IL",39872
23005001300,"West End, Portland, ME",39872
12071010602,"Caloosahatchee, Cape Coral, FL",39872
36103169901,"Riverhead, NY",39872
42003240600,"Troy Hill, Pittsburgh, PA",39872
6071001707,"Ontario, CA",39871
42009960600,"Everett, PA",39870
24005440702,"Rosedale, MD",39870
20155000300,"Hutchinson, KS",39870
41051003502,"North Portland, Portland, OR",39869
35045000708,"Farmington, NM",39868
41051005900,"Southwest Portland, Portland, OR",39868
29189218600,"Kirkwood, MO",39867
22105953500,"Amite City, LA",39867
26021010400,"Benton Harbor, MI",39867
39035183100,"Shaker Heights, OH",39866
18183050300,"South Whitley, IN",39866
17031590600,"McKinley Park, Chicago, IL",39866
21221970100,"Cadiz, KY",39866
5029950100,"Springfield, AR",39866
36013037000,"Jamestown, NY",39865
48201223100,"Parkwood Estates, Houston, TX",39865
17097861403,"Round Lake, IL",39865
22099020900,"Saint Martinville, LA",39865
48439111307,"Mansfield, TX",39864
48201520500,"Northwest Houston, Houston, TX",39864
31061964700,"Franklin, NE",39864
6037700101,"Central LA, West Hollywood, CA",39862
48201311900,"Southeast Houston, Houston, TX",39862
48217960700,"Hillsboro, TX",39861
48113007914,"Northeast Dallas, Dallas, TX",39861
32003005849,"Las Vegas, NV",39861
26107960300,"Rodney, MI",39861
48231961400,"Caddo Mills, TX",39860
6059074005,"Sunwood Central, Santa Ana, CA",39860
26147633200,"North Street, MI",39860
17031810301,"Evanston, IL",39860
8001008353,"Northeast, Aurora, CO",39860
18159020400,"Tipton, IN",39860
18035002601,"Muncie, IN",39859
54011010500,"Salt Rock, WV",39859
25005630101,"North Attleborough Center, North Attleborough, MA",39859
6037189600,"Central LA, Los Angeles, CA",39858
18031969100,"Greensburg, IN",39858
16019970403,"Idaho Falls, ID",39858
6031001001,"Hanford, CA",39857
36013037600,"Forestville, NY",39857
21239050300,"Versailles, KY",39857
47179061402,"Johnson City, TN",39857
36111952300,"Kingston, NY",39856
41017001800,"Larkspur, Bend, OR",39856
6071000303,"Pomona, CA",39856
6065043271,"Wildomar, CA",39854
48193950200,"Hamilton, TX",39852
39153532702,"Northfield, OH",39851
53017950100,"Mansfield, WA",39851
6099000506,"Modesto, CA",39851
48389950100,"Pecos, TX",39851
17065973100,"McLeansboro, IL",39850
22085000200,"Noble, LA",39849
23011015500,"Mount Vernon, ME",39849
26163584200,"Taylor, MI",39849
4013319800,"South Tempe, Tempe, AZ",39848
41027950400,"Hood River, OR",39848
48093950100,"De Leon, TX",39848
6073019602,"Vista, CA",39848
51700032211,"Central Newport News, Newport News, VA",39847
36029012400,"Buffalo, NY",39847
1089002802,"Ashtynn Manor, Huntsville, AL",39847
50021963000,"Rutland, VT",39846
27053110100,"Powderhorn, Minneapolis, MN",39846
6059086602,"Northwest Anaheim, Anaheim, CA",39844
39035161400,"Lakewood, OH",39844
39039958300,"Hicksville, OH",39844
21015070200,"Florence, KY",39843
29077004801,"Greene County, MO",39843
42021011600,"Nanty-Glo, PA",39843
4013103608,"Deer Valley, Phoenix, AZ",39843
37109070902,"Denver, NC",39842
53067011624,"Olympia, WA",39842
25025160400,"Chelsea, MA",39842
53011041331,"Image, Vancouver, WA",39841
8123001908,"Fort Lupton, CO",39840
26155031500,"Perry, MI",39840
36035970100,"Northville, NY",39839
22031950200,"Logansport, LA",39839
6037482522,"South Montebello, Montebello, CA",39838
12117020806,"Lake Mary, FL",39838
22019002600,"Westlake, LA",39838
1071950900,"Scottsboro, AL",39838
21103090200,"New Castle, KY",39837
39061026102,"Harrison, OH",39837
12057012304,"Valrico, FL",39837
6037190202,"Central LA, Los Angeles, CA",39837
40113940003,"Ponca City, OK",39836
12101031011,"Bear Creek, Port Richey, FL",39836
12015021002,"Punta Gorda, FL",39836
6037462400,"Bungalow Heaven, Pasadena, CA",39836
12131950102,"DeFuniak Springs, FL",39836
48213950200,"Brownsboro, TX",39836
19039960200,"Osceola, IA",39835
55087940000,"Oneida, Oneida, WI",39834
47149040702,"Christiana, TN",39834
30111001704,"West End, Billings, MT",39833
37037020800,"Pittsboro, NC",39833
39167021200,"Washington County, OH",39833
6095250300,"Vallejo, CA",39832
6037199202,"Montecito Heights, Los Angeles, CA",39832
25009260200,"Haverhill, MA",39832
6037432700,"El Monte City, El Monte, CA",39832
36007014500,"Vestal, NY",39832
34041032400,"Alpha, NJ",39831
6037405202,"Baldwin Park, CA",39831
13227050500,"Big Canoe, GA",39831
6013392200,"Richmond, CA",39831
6037434003,"El Monte, CA",39830
32003002953,"Las Vegas, NV",39829
12057011206,"Tampa, FL",39829
17031063301,"Lake View East, Chicago, IL",39829
37119006403,"Davidson, NC",39828
42127960500,"Tyler Hill, PA",39828
19163012701,"Davenport, IA",39828
48245001301,"Beaumont, TX",39828
48201232800,"Riviera East, Houston, TX",39828
36053940600,"Canastota, NY",39827
12069030207,"Eustis, FL",39827
36067011800,"Baldwinsville, NY",39826
39049006942,"Northgate, Columbus, OH",39826
42007605300,"Wampum, PA",39825
13115000202,"Armuchee, GA",39824
12069031309,"Minneola, FL",39823
19123950700,"Oskaloosa, IA",39823
41019100000,"Glide, OR",39822
39133600704,"Ravenna, OH",39822
26049010912,"Flint, MI",39821
12099005602,"Hypoluxo, FL",39820
26043950300,"Norway, MI",39820
24023000100,"Friendsville, MD",39820
4013618900,"Deer Valley, Phoenix, AZ",39819
47161110700,"Dover, TN",39819
6037127711,"Van Nuys, Los Angeles, CA",39818
29510112100,"DeBaliviere Place, St. Louis, MO",39818
6111003013,"South Bank, Oxnard, CA",39817
34017018400,"Hoboken, NJ",39817
21111007601,"Crescent Hill, Louisville, KY",39817
35043010602,"Corrales, NM",39817
6073017304,"Solana Beach, CA",39816
13057090200,"Waleska, GA",39815
35001000122,"Classic Uptown, Albuquerque, NM",39814
48439104300,"Frisco Heights, Fort Worth, TX",39814
18017951100,"Royal Center, IN",39814
6065043509,"San Jacinto, CA",39814
16063950100,"Shoshone, ID",39813
4013422616,"Mesa, AZ",39813
36027150006,"Red Hook, NY",39813
53011040703,"Orchards Area Concerned Citizens, Vancouver, WA",39812
8095967600,"Holyoke, CO",39811
6037533401,"Maywood, CA",39811
37107011001,"Kinston, NC",39811
37081010601,"Lindley Park, Greensboro, NC",39810
17161022200,"Moline, IL",39810
32003001611,"State Streets, Las Vegas, NV",39809
18097380402,"Indianapolis, IN",39809
33009960900,"Dorchester, NH",39809
42095017300,"Easton, PA",39808
34013009400,"Forest Hill, Newark, NJ",39808
22087030800,"Chalmette, LA",39807
41067031703,"Cooper Mountain - Aloha North, Aloha, OR",39807
24510272004,"Cheswolde, Baltimore, MD",39807
42051263100,"Smithfield, PA",39807
17147954700,"Bement, IL",39806
1031010100,"Troy, AL",39806
4019004411,"Tucson, AZ",39806
42095010800,"Bethlehem, PA",39805
6071003200,"Fontana, CA",39805
48201343700,"La Porte, TX",39805
40131050104,"Claremore, OK",39804
21037052100,"Bellevue, KY",39804
19003950100,"Prescott, IA",39804
47111970300,"Lafayette, TN",39803
48483950300,"Shamrock, TX",39803
42085031900,"Greenville, PA",39803
26009960100,"Central Lake, MI",39803
6053012302,"Pacific Grove, CA",39802
19153000300,"Union Park, Des Moines, IA",39802
17025972000,"Louisville, IL",39801
42041010100,"Enola, PA",39800
48457950100,"Colmesneil, TX",39800
20091052201,"South Park, Shawnee, KS",39800
47187051201,"Thompson's Station, TN",39799
51003011301,"Charlottesville, VA",39798
39139001900,"Mansfield, OH",39797
6059001303,"La Habra, CA",39797
21103090100,"Campbellsburg, KY",39796
17031590700,"McKinley Park, Chicago, IL",39796
6071011900,"Barstow, CA",39796
6037920336,"Santa Clarita, CA",39796
48039664400,"Freeport, TX",39796
48439110204,"Fort Worth, TX",39795
6037132001,"Van Nuys, Los Angeles, CA",39795
47093006003,"Knoxville, TN",39795
53053072905,"Joint Base Lewis-McChord, WA",39795
39017014300,"Middletown, OH",39793
5131001304,"Fort Smith, AR",39793
48187210507,"New Braunfels, TX",39792
53067012330,"Lacey, WA",39792
12057010210,"New Tampa, Tampa, FL",39792
48029121803,"Uptown, San Antonio, TX",39792
36047052600,"Kings County, NY",39792
6067007426,"North Country, Antelope, CA",39791
39155930200,"Farmdale, OH",39791
6075025401,"Bernal Heights, San Francisco, CA",39791
47093006302,"Knoxville, TN",39790
45073030100,"Mountain Rest, SC",39790
39155921400,"Warren, OH",39790
32003005902,"Moapa, NV",39789
26091060302,"Onsted, MI",39789
12057011612,"Pat Acres, Tampa, FL",39789
6037554101,"Bellflower, CA",39789
48231961300,"Greenville, TX",39788
6001425103,"Emeryville, CA",39788
34025801600,"Keansburg, NJ",39788
2020001200,"South Addition, Anchorage, AK",39787
41029003002,"Jacksonville, OR",39786
39155932900,"Warren, OH",39785
34013007501,"North Ironbound, Newark, NJ",39784
6067007433,"Antelope, CA",39784
41039000904,"Veneta, OR",39784
32003005434,"Foothills, Henderson, NV",39784
51013102701,"Douglas Park, Arlington, VA",39783
6073021600,"Coronado, CA",39783
51710000700,"Northside, Norfolk, VA",39783
22109001400,"Houma, LA",39782
40105172300,"Nowata, OK",39782
5027950400,"Magnolia, AR",39782
54069000200,"Wheeling, WV",39782
6029000905,"Hillcrest, Bakersfield, CA",39782
47065011413,"Harrison, TN",39781
54039013600,"Saint Albans, WV",39781
34039035900,"Rahway, NJ",39781
42043021903,"Harrisburg, PA",39781
27123033100,"Dayton's Bluff, Saint Paul, MN",39781
54033030400,"Clarksburg, WV",39781
24001001900,"Frostburg, MD",39781
29189210703,"St. Louis, MO",39781
23005017002,"Standish, ME",39780
48201232403,"Houston, TX",39779
51087200503,"Richmond, VA",39778
13117130102,"Cumming, GA",39777
37119005518,"Prosperity Church Road, Charlotte, NC",39777
27021960802,"Pillager, MN",39777
6029006500,"California City, CA",39775
47093006103,"Powell, TN",39775
29073960100,"Hermann, MO",39775
41047001300,"South Central, Salem, OR",39774
6059099247,"Riverview West, Santa Ana, CA",39774
53063011102,"Nevada / Lidgerwood, Spokane, WA",39774
23017965900,"Bethel, ME",39774
49039972200,"Moroni, UT",39773
47093005904,"Hardin Valley, Knoxville, TN",39773
55079100400,"West Allis, WI",39772
25003932300,"Hinsdale, MA",39772
42115032600,"Montrose, PA",39772
38017000501,"Downtown, Fargo, ND",39772
51019030601,"Goodview, VA",39772
20173001400,"Riverside, Wichita, KS",39772
29033960100,"Bosworth, MO",39772
6077003802,"Weston Ranch, Stockton, CA",39771
54083966400,"Elkins, WV",39771
50023955700,"Waitsfield, VT",39771
36007014600,"Vestal, NY",39771
25021400200,"North Brookline, Brookline, MA",39770
13245001602,"Augusta, GA",39770
49053271702,"St. George, UT",39769
1089010302,"New Market, AL",39769
6073008901,"Linda Vista, San Diego, CA",39768
6065042517,"Moreno Valley, CA",39768
17119403200,"Collinsville, IL",39768
6037211410,"Central LA, Los Angeles, CA",39768
4013092724,"Country Meadows, Peoria, AZ",39768
45041000202,"Florence, SC",39766
18085961400,"North Webster, IN",39766
6073015301,"El Cajon, CA",39765
51149850502,"Disputanta, VA",39765
6037535701,"South Gate, CA",39765
9003415700,"New Britain, CT",39765
9009352701,"Waterbury, CT",39765
6037212306,"Central LA, Los Angeles, CA",39764
6067008132,"Twin Creeks, Citrus Heights, CA",39763
46065978000,"Pierre, SD",39762
35043010723,"Rio Rancho, NM",39762
5005950200,"Mountain Home, AR",39762
25001014402,"East Falmouth, Falmouth, MA",39761
41047001501,"Keizer, OR",39761
19153011001,"West Des Moines, IA",39761
48201233101,"Northeast Houston, Houston, TX",39761
48201534002,"Willowood, Houston, TX",39761
17031804405,"Elgin, IL",39760
53033026801,"Highline, Seattle, WA",39760
23005002800,"Westbrook, ME",39760
18003003500,"Fort Wayne, IN",39760
12086007001,"Coral Way, Miami, FL",39759
5093010800,"Manila, AR",39759
15003008301,"Ewa, Ewa Beach, HI",39759
32003002825,"Las Vegas, NV",39759
4013082210,"Avondale, AZ",39759
44007002300,"Elmhurst, Providence, RI",39758
37183052809,"Garner, NC",39758
48469000700,"Victoria, TX",39757
24023000200,"Grantsville, MD",39757
6037530102,"South Montebello, Montebello, CA",39757
35015000600,"Carlsbad, NM",39756
20091053556,"Ridgeview South, Olathe, KS",39756
17183000700,"Danville, IL",39756
36047072600,"Kings County, NY",39756
41059951200,"Hermiston, OR",39756
17031301801,"Little Village, Chicago, IL",39755
48201534201,"Wagon Wheel Estates, Houston, TX",39755
6037190802,"Central LA, Los Angeles, CA",39754
4005001600,"Sedona, AZ",39754
40143006906,"Regency Park, Tulsa, OK",39754
8101002915,"Pueblo, CO",39754
36109000600,"Ithaca, NY",39754
48201321500,"Mount Vernon, South Houston, TX",39753
6073018510,"Loma Alta, Oceanside, CA",39753
15003010802,"Mokapu, Kailua, HI",39752
6019006403,"Squaw Valley, CA",39752
39095005503,"Toledo, OH",39752
6071003603,"Rialto, CA",39752
22089062800,"Boutte, LA",39752
6065042720,"Homeland, CA",39752
5093010700,"Blytheville, AR",39751
37129012010,"Wilmington, NC",39751
30029000402,"Whitefish, MT",39750
8013013505,"Longmont, CO",39750
16069960300,"Lewiston, ID",39750
39035152303,"Euclid, OH",39749
17035972400,"Greenup, IL",39749
6067008135,"Greengate, Citrus Heights, CA",39748
6087121403,"Santa Cruz, CA",39748
6075015802,"North of the Panhandle, San Francisco, CA",39748
24015030905,"Rising Sun, MD",39748
6067007501,"Sacramento, CA",39747
37179020203,"Matthews, NC",39747
18153050100,"Shelburn, IN",39747
54003971102,"Falling Waters, WV",39747
23011017000,"Sidney, ME",39747
4025001002,"Prescott, AZ",39747
48441012900,"Abilene, TX",39746
37167931100,"Norwood, NC",39745
53011041206,"Marrion, Vancouver, WA",39745
9011696500,"Norwich, CT",39745
26163569200,"Garden City, MI",39745
48091310100,"New Braunfels, TX",39745
39035137101,"Brooklyn, OH",39745
48187210606,"McQueeney, TX",39744
42129807600,"Latrobe, PA",39743
27071790500,"Big Falls, MN",39743
24005421102,"Dundalk, MD",39742
26005032100,"Plainwell, MI",39742
20089576200,"Mankato, KS",39742
18135952100,"Modoc, IN",39742
39035152302,"Euclid, OH",39742
51660000207,"Harrisonburg, VA",39742
6073007702,"Pacific Beach, San Diego, CA",39742
6059042313,"Dana Point, CA",39742
6037201602,"Northeast Los Angeles, Los Angeles, CA",39741
55117000100,"East Side, Sheboygan, WI",39741
16079960200,"Pinehurst, ID",39740
6001451404,"Livermore, CA",39740
6071002606,"Southridge Village, Fontana, CA",39739
1117030800,"Wilsonville, AL",39739
25013813802,"Brimfield, MA",39739
42003427000,"Millvale, PA",39738
6037462900,"Pasadena, CA",39738
5119003707,"Sherwood, AR",39738
21055930400,"Marion, KY",39738
13135050103,"Buford, GA",39737
49049000509,"Pleasant Grove, UT",39737
26115831200,"Monroe County, MI",39737
42079200600,"Wilkes-Barre, PA",39736
47071920300,"Savannah, TN",39736
51800075803,"Suffolk, VA",39736
55111000300,"Baraboo, WI",39736
24033801213,"Fort Washington, MD",39736
27071790100,"International Falls, MN",39735
12031013906,"Arlington, Atlantic Beach, FL",39735
53053071403,"Spanaway, WA",39734
12011090802,"Hollywood Hills, Hollywood, FL",39734
48245000102,"Beaumont, TX",39733
12099005917,"Lake Worth, FL",39733
42061951100,"Shade Gap, PA",39733
17031830800,"Lincoln Square, Chicago, IL",39732
33011000300,"Rimmon Heights, Manchester, NH",39731
18089042401,"Merrillville, IN",39730
12071030204,"Fort Myers, FL",39730
6037602301,"Hawthorne, CA",39730
31111960200,"North Platte, NE",39730
42079214300,"Nanticoke, PA",39728
36123150400,"Penn Yan, NY",39728
36119003700,"North Side, Mount Vernon, NY",39728
6065045119,"Palm Desert, CA",39727
18121030300,"Rockville, IN",39726
36005009800,"Bronx County, NY",39725
6073005800,"Downtown, San Diego, CA",39725
37087920800,"Waynesville, NC",39725
36077590100,"Cooperstown, NY",39724
39093070102,"Spring Valley, Elyria, OH",39724
39035106600,"Old Brooklyn, Cleveland, OH",39724
36101961700,"Campbell, NY",39724
18003011501,"Fort Wayne, IN",39724
41047010307,"Woodburn, OR",39722
26117971300,"Greenville, MI",39722
38067950200,"Walhalla, ND",39721
42085032602,"Mercer, PA",39721
13135050533,"Lawrenceville, GA",39721
42029302400,"West Chester, PA",39721
47167040304,"Munford, TN",39721
12105012206,"Lakeland, FL",39720
36119001800,"Northwest Yonkers, Yonkers, NY",39720
53011040808,"Vancouver, WA",39720
51177020113,"Spotsylvania Courthouse, VA",39719
6065049800,"Murrieta, CA",39719
23003951900,"Presque Isle, ME",39719
6087121700,"Capitola, CA",39719
39049002780,"Berwick, Bexley, OH",39719
37153970100,"Ellerbe, NC",39719
29095014604,"Independence, MO",39718
24017850202,"Indian Head, MD",39717
36119001102,"Nodine Hill, Yonkers, NY",39717
51103030300,"White Stone, VA",39717
39173022200,"Fostoria, OH",39717
6067008122,"Hoffman Gardens, Fair Oaks, CA",39717
36039081000,"Catskill, NY",39716
12103028103,"South Pasadena, FL",39716
37021003202,"Fletcher, NC",39715
6073013301,"Chula Vista, CA",39714
26115830600,"Milan, MI",39714
47093005604,"Knoxville, TN",39713
29183312205,"O'Fallon, MO",39713
28109950100,"Poplarville, MS",39713
4013092710,"Glendale, AZ",39713
34013019600,"Maplewood, NJ",39713
37037020500,"Bear Creek, NC",39712
54011001900,"Huntington, WV",39712
39035183502,"Shaker Heights, OH",39712
41051004002,"North Portland, Portland, OR",39710
12086013200,"Hialeah, FL",39709
51510200103,"Alexandria West, Alexandria, VA",39708
1125010804,"Cottondale, AL",39707
4013614700,"Deer Valley, Phoenix, AZ",39707
47165021104,"Hendersonville, TN",39706
26065002901,"Lansing, MI",39706
34017000200,"The Heights, Jersey City, NJ",39705
6037404702,"Baldwin Park, CA",39705
39049008242,"Scioto Woods, Columbus, OH",39705
12011020311,"Coral Springs, FL",39705
48201522100,"Northwest Houston, Houston, TX",39705
8059011806,"South Alameda, Lakewood, CO",39703
24510260501,"Joseph Lee, Baltimore, MD",39703
25009260600,"Haverhill, MA",39703
41035971100,"Klamath Falls, OR",39703
25025091200,"Dorchester, Boston, MA",39703
4013071909,"Sun Air Estates, Peoria, AZ",39702
39061022602,"Cincinnati, OH",39702
1021060401,"Thorsby, AL",39701
39035185102,"South Euclid, OH",39701
6083001203,"Alta Mesa, Santa Barbara, CA",39701
20177001603,"South/Southeast 1, Topeka, KS",39700
36081061601,"Queens County, NY",39699
23019029000,"Stacyville, ME",39699
48113001900,"Oak Lawn, Dallas, TX",39698
47111970100,"Red Boiling Springs, TN",39698
1103001000,"Decatur, AL",39698
35001003722,"North Domingo Baca, Albuquerque, NM",39698
6037575002,"Circle Area, Long Beach, CA",39698
26121001901,"Muskegon, MI",39698
26137950400,"Johannesburg, MI",39698
4019004062,"Rita Ranch, Tucson, AZ",39696
48381020600,"Amarillo, TX",39696
26163571700,"Dearborn Heights, MI",39695
51165010900,"Timberville, VA",39695
41039002404,"Eugene, OR",39694
10003014808,"Newark, DE",39694
6001432600,"Old San Leandro, San Leandro, CA",39694
48251130213,"Joshua, TX",39694
41039003102,"Harlow, Eugene, OR",39692
45063021020,"Lexington, SC",39692
17031060900,"Lake View East, Chicago, IL",39691
54097967000,"Rock Cave, WV",39691
28067951100,"Moselle, MS",39691
41031960100,"Madras, OR",39690
45063021009,"Lexington, SC",39690
1029959700,"Heflin, AL",39690
13139001604,"Flowery Branch, GA",39689
13227050400,"Jasper, GA",39688
47093003500,"Knoxville, TN",39687
39061023001,"Cincinnati, OH",39687
4019004644,"Tucson, AZ",39687
12099007752,"Lake Worth, FL",39687
19145490200,"Shenandoah, IA",39686
5131010201,"Greenwood, AR",39686
48451001301,"San Angelo, TX",39686
6085512311,"Morgan Hill, CA",39685
26077002102,"Portage, MI",39685
6047000201,"Delhi, CA",39685
6001433103,"Lower Bal, San Leandro, CA",39685
6037534700,"Huntington Park, CA",39685
6087123300,"Watsonville, CA",39685
21073070402,"Frankfort, KY",39685
37169070501,"King, NC",39685
48141004309,"El Paso, TX",39685
42129806000,"West Newton, PA",39684
47147080101,"Orlinda, TN",39684
37147000603,"Winterville, NC",39684
6037550300,"Norwalk, CA",39684
42049010201,"Lake City, PA",39684
12099007818,"West Palm Beach, FL",39684
36047098400,"Kings County, NY",39683
12105014123,"Winter Haven, FL",39683
22053000300,"Welsh, LA",39683
51165010800,"Broadway, VA",39683
32003005854,"Rhodes Ranch, Las Vegas, NV",39683
13215010104,"Columbus, GA",39682
28057950200,"Mantachie, MS",39682
6083002708,"Lompoc, CA",39682
6037127606,"Van Nuys, Los Angeles, CA",39682
6111004400,"Port Hueneme, CA",39682
48439113927,"Fort Worth, TX",39682
20091053555,"Olathe, KS",39682
17031805107,"Arlington Heights, IL",39682
45073030602,"Seneca, SC",39681
36085000300,"Richmond County, NY",39681
6037603102,"Gardena, CA",39681
17031813900,"Cicero, IL",39680
34017016900,"Union City, NJ",39680
6037123901,"North Hollywood, Los Angeles, CA",39680
26111291601,"Sanford, MI",39680
42107003200,"Pottsville, PA",39680
25017353500,"Riverside, Cambridge, MA",39680
42015950200,"Rome, PA",39678
17099964200,"Streator, IL",39677
55079100100,"West Allis, WI",39677
6037430101,"Duarte, CA",39677
12011110340,"Pembroke Pines, FL",39676
41067031614,"Cooper Mountain - Aloha North, Aloha, OR",39676
37083930200,"Roanoke Rapids, NC",39675
37071030601,"Cherryville, NC",39675
24005492401,"Owings Mills, MD",39675
6085503508,"Alum Rock, San Jose, CA",39675
48201233001,"Northeast Houston, Houston, TX",39674
8001008505,"Northglenn, CO",39674
48201314400,"Astrodome, Houston, TX",39674
47119010801,"Columbia, TN",39673
48113012601,"Dallas, TX",39673
4013082018,"Maryvale Village, Phoenix, AZ",39673
13247060404,"Conyers, GA",39672
24001002200,"Westernport, MD",39672
6037208710,"Central LA, Los Angeles, CA",39672
40009966800,"Sayre, OK",39672
39033974300,"Bucyrus, OH",39672
42011000600,"Reading, PA",39671
25025050700,"Central-Maverick Square / Paris Street, Boston, MA",39671
36029002400,"Lovejoy, Buffalo, NY",39671
17113000301,"Normal, IL",39670
20039951100,"Oberlin, KS",39670
6107001301,"Visalia, CA",39670
6037551900,"Norwalk, CA",39670
6019004215,"Fresno, CA",39669
26081013400,"Wyoming Park, Wyoming, MI",39668
4013318501,"Tempe, AZ",39668
29207470100,"Advance, MO",39668
26153000200,"Manistique, MI",39668
51197050302,"Crockett, VA",39668
37021002301,"Arden, NC",39668
48201450802,"Briarforest, Houston, TX",39667
8063962200,"Stratton, CO",39667
42021012200,"Ashville, PA",39666
18105001402,"Bloomington, IN",39666
28039950302,"Lucedale, MS",39666
12086007704,"Miami, FL",39665
24033801217,"Clinton, MD",39665
6059074006,"South Coast Metro, Santa Ana, CA",39665
42047950200,"Ridgway, PA",39664
13177020300,"Leesburg, GA",39664
23005002400,"Peaks Island, Portland, ME",39663
6065044932,"Cathedral City, CA",39663
55079017100,"Burnham Park, Milwaukee, WI",39663
12103025407,"Largo, FL",39663
36045060600,"Evans Mills, NY",39663
26155030300,"Owosso, MI",39663
26103000300,"Marquette, MI",39662
26127010500,"Walkerville, MI",39662
6071012103,"Lucerne Valley, CA",39662
42007604901,"Aliquippa, PA",39662
36013036700,"Clymer, NY",39661
21067004103,"Lexington, KY",39661
51099040300,"King George, VA",39660
22033003202,"Baker, LA",39660
41047002303,"South Gateway, Salem, OR",39660
12081000809,"Sarasota, FL",39660
40143007702,"Glenpool, OK",39659
32003002808,"Las Vegas, NV",39659
51015071000,"Greenville, VA",39659
6065043279,"Wildomar, CA",39659
47149040200,"La Vergne, TN",39659
12111382006,"Port St. Lucie, FL",39658
37097061203,"Mooresville, NC",39658
29099701200,"De Soto, MO",39658
45091061201,"Rock Hill, SC",39656
19155030200,"Council Bluffs, IA",39656
25027732002,"Biotech Park Area, Worcester, MA",39656
17019001000,"Champaign, IL",39656
20001953000,"Humboldt, KS",39656
32003005855,"Rhodes Ranch, Las Vegas, NV",39656
48201321401,"South Houston, TX",39656
36109002300,"Lansing, NY",39655
21107970900,"Earlington, KY",39655
42125783200,"Charleroi, PA",39655
12103027318,"Curlew, Palm Harbor, FL",39655
26157001300,"Millington, MI",39654
39151714302,"Massillon, OH",39653
47119010400,"Columbia, TN",39653
31109003301,"Capitol Beach, Lincoln, NE",39653
49035111906,"Salt Lake City, UT",39652
6065042729,"Menifee, CA",39651
25001010100,"Provincetown, MA",39651
21151010701,"Richmond, KY",39651
6037503202,"East Whitter, Whittier, CA",39649
47093006401,"Knoxville, TN",39649
26093724003,"Howell, MI",39648
31153010107,"Bellevue, NE",39647
40085094200,"Marietta, OK",39647
12081000406,"Bradenton, FL",39646
36081039900,"Queens County, NY",39646
18097381205,"Perry Township, Indianapolis, IN",39646
42017105704,"Morrisville, PA",39646
27053012101,"Nokomis, Minneapolis, MN",39645
26081003400,"South East End, Grand Rapids, MI",39645
25025051000,"East Boston, Boston, MA",39645
48171950400,"Fredericksburg, TX",39643
17031031100,"Uptown, Chicago, IL",39643
4013116612,"Laveen Village, Phoenix, AZ",39643
27057070300,"Laporte, MN",39642
39007000702,"Ashtabula, OH",39642
15003010905,"Kailua, HI",39641
12105011832,"Highland City, FL",39641
32003001716,"Las Vegas, NV",39641
53053072108,"Lakewood, WA",39641
37069060501,"Youngsville, NC",39640
32003003635,"North Las Vegas, NV",39640
33015057000,"Northwood, NH",39640
40109106702,"Central Oklahoma City, Warr Acres, OK",39640
53063011600,"Millwood, WA",39639
36073040802,"Holley, NY",39639
19071970100,"Farragut, IA",39638
39155932300,"Girard, OH",39638
28059040700,"Ocean Springs, MS",39638
12086000605,"Hialeah, FL",39637
6037131400,"Reseda, Los Angeles, CA",39637
47163043301,"Piney Flats, TN",39637
48039661100,"Alvin, TX",39637
48355006300,"Odem, TX",39636
49003960601,"Brigham City, UT",39636
17031520300,"East Side, Chicago, IL",39636
29101960200,"Holden, MO",39636
41005021200,"Oak Grove, OR",39636
36123150300,"Middlesex, NY",39635
42111020500,"Stoystown, PA",39634
1093964500,"Brilliant, AL",39633
29037060004,"Belton, MO",39632
33001965800,"Belmont, NH",39632
53033011500,"West Seattle, Seattle, WA",39632
17191955200,"Fairfield, IL",39632
6037135111,"Woodland Hills, Los Angeles, CA",39632
29043020101,"Billings, MO",39632
6037214400,"Central LA, Los Angeles, CA",39631
37071033306,"Gastonia, NC",39631
4013105800,"Alhambra, Phoenix, AZ",39630
36005034200,"Bronx County, NY",39629
42047951200,"Saint Marys, PA",39629
47051960800,"Huntland, TN",39629
17097861304,"Round Lake Beach, IL",39628
8031008389,"Green Valley Ranch, Denver, CO",39627
37037020105,"Chapel Hill, NC",39627
6071001200,"Ontario, CA",39625
55035000700,"Eau Claire, WI",39625
53011041205,"North Garrison Heights, Vancouver, WA",39625
21005950201,"Lawrenceburg, KY",39624
26137950300,"Gaylord, MI",39624
13021013504,"Macon, GA",39624
6059088402,"Garden Grove, CA",39624
6035040304,"Susanville, CA",39624
21115960300,"Denver, KY",39623
51003011202,"Charlottesville, VA",39623
34007608503,"Pine Hill, NJ",39623
29189211700,"Ferguson, MO",39623
23019007100,"Old Town, ME",39622
48481740200,"Wharton, TX",39622
19179961100,"Eldon, IA",39622
26125128400,"Lake Orion, Orion charter Township, MI",39622
36005029600,"Bronx County, NY",39621
6087100800,"Seabright, Santa Cruz, CA",39621
27161790400,"Waseca, MN",39620
12057012207,"Seffner Community Alliance, Seffner, FL",39620
54057010200,"Ridgeley, WV",39620
23019004300,"Brewer, ME",39620
29195090200,"Marshall, MO",39620
42011000300,"Reading, PA",39619
36081063000,"Queens County, NY",39619
51087200411,"Richmond, VA",39619
48201312000,"South Central Houston, Houston, TX",39618
16069960500,"Lewiston, ID",39617
33011002100,"Notre Dame, Manchester, NH",39617
5125010103,"Benton, AR",39617
6059087802,"Stanton, CA",39616
55039040300,"Fond du Lac, WI",39616
40069660198,"Coleman, OK",39615
26099256300,"Roseville, MI",39614
6037552700,"Norwalk, CA",39614
6029004200,"Shafter, CA",39614
33001965598,"Tilton, NH",39613
39133600403,"Streetsboro, OH",39613
25011040300,"Northfield, MA",39612
4013421802,"Reed Park Neighborhood, Mesa, AZ",39612
47065010433,"Hixson, Chattanooga, TN",39612
45047970302,"Greenwood, SC",39611
12085001500,"Hobe Sound, FL",39610
24033801215,"Clinton, MD",39610
12099003800,"West Palm Beach, FL",39610
19185070200,"Corydon, IA",39610
48167721700,"Bacliff, TX",39609
45079010305,"Irmo, SC",39609
6037900609,"Lancaster, CA",39608
5037950600,"Wynne, AR",39607
23015976200,"Boothbay Harbor, ME",39607
30013001200,"Great Falls, MT",39607
6037406902,"Bassett, West Puente Valley, CA",39607
42077001502,"Allentown, PA",39607
18039000100,"Historic Southside, Goshen, IN",39606
13023790300,"Cochran, GA",39605
26061001000,"Chassell, MI",39605
12115002005,"Sarasota, FL",39605
12057011902,"Lake Egypt Estates, Tampa, FL",39604
25027709400,"Leominster, MA",39603
19197680300,"Clarion, IA",39603
48151950400,"Rotan, TX",39603
18089021900,"Hammond, IN",39603
27035951200,"Brainerd, MN",39602
12057011204,"North Pointe, Tampa, FL",39602
6037535901,"South Gate, CA",39602
37097060703,"Statesville, NC",39602
30049001201,"East Helena, MT",39601
45091061705,"Clover, SC",39601
6019007700,"Riverdale, CA",39601
42065950100,"Brockway, PA",39601
6019006402,"Auberry, CA",39600
21017030300,"Paris, KY",39600
4013082207,"Estrella Village, Phoenix, AZ",39599
39093071202,"Chestnut Heights, Elyria, OH",39599
42031160300,"Shippenville, PA",39598
12091021600,"Shalimar, FL",39598
48419950100,"Joaquin, TX",39598
26011970100,"Turner, MI",39597
36061009900,"Midtown, New York, NY",39597
55087010300,"Appleton, WI",39597
19139050800,"Muscatine, IA",39597
28155950200,"Eupora, MS",39596
6097152201,"Junior College Neighborhood Association, Santa Rosa, CA",39596
22101041300,"Franklin, LA",39596
37089930600,"Fletcher, NC",39596
41035971300,"Klamath Falls, OR",39596
4021000213,"Johnson Ranch, Queen Creek, AZ",39596
50023955400,"Barre, VT",39595
39035171203,"Maple Heights, OH",39595
48423001200,"Tyler, TX",39595
1055000400,"Gadsden, AL",39595
22109000300,"Houma, LA",39594
22123000100,"Oak Grove, LA",39594
39061011100,"College Hill, Cincinnati, OH",39594
17061974000,"Carrollton, IL",39593
48121021618,"Lewisville, TX",39591
42029305000,"Honey Brook, PA",39591
6111002800,"Ventura, CA",39590
42007600601,"Darlington, PA",39590
48201510300,"Northside, Houston, TX",39590
45007011001,"Anderson, SC",39590
17031190800,"Belmont Cragin, Chicago, IL",39590
53053071411,"Spanaway, WA",39590
27137003700,"Morgan Park, Duluth, MN",39589
26091060800,"Tecumseh, MI",39589
45003021001,"Warrenville, SC",39589
29027070100,"Auxvasse, MO",39588
42043021800,"Harrisburg, PA",39588
19003950200,"Corning, IA",39588
6037530301,"East Los Angeles, CA",39588
6037212800,"Central LA, Los Angeles, CA",39588
37183054113,"Northeast Raleigh, Raleigh, NC",39587
36015010400,"Horseheads, NY",39587
34011040300,"Vineland, NJ",39587
48201333300,"Greater Hobby Area, Houston, TX",39587
45081960300,"Saluda County, SC",39587
26025003700,"Marshall, MI",39586
12019030802,"Orange Park, FL",39586
20161000700,"Manhattan, KS",39585
6059062614,"Irvine, CA",39585
19139050700,"Muscatine, IA",39585
36075020800,"Fulton, NY",39584
4013104301,"North Mountain Village, Phoenix, AZ",39584
41051000701,"Southeast Portland, Portland, OR",39584
35043010703,"Rio Rancho, NM",39584
6037533106,"Huntington Park, CA",39584
29047020400,"Antioch Acres, Kansas City, MO",39583
6059075512,"Tustin, CA",39582
6059074109,"Valley Adams, Santa Ana, CA",39581
42037051300,"Catawissa, PA",39581
21111011712,"Louisville, KY",39581
8069001608,"Fossil Lake, Fort Collins, CO",39581
40143007414,"Broken Arrow, OK",39581
6059001404,"La Habra, CA",39580
17073031000,"Kewanee, IL",39580
17089850202,"Carpentersville, IL",39579
13067030106,"Acworth, GA",39578
6059062611,"Rancho San Joaquin, Irvine, CA",39578
51003010401,"Keswick, VA",39578
1025957500,"Thomasville, AL",39578
25025040401,"Charlestown, Boston, MA",39578
48201240701,"North View, Houston, TX",39578
6037531102,"Los Angeles, CA",39577
42015950800,"Ulster, PA",39577
16001000600,"North End, Boise, ID",39577
28049011201,"Terry, MS",39577
55081950300,"Sparta, WI",39577
36025971300,"Downsville, NY",39577
13067030601,"Shiloh Valley, Kennesaw, GA",39576
12087970800,"Tavernier, FL",39576
51087200106,"Richmond, VA",39576
5141460302,"Shirley, AR",39576
50023954200,"Middlesex, VT",39575
12086013100,"Hialeah, FL",39575
48439105510,"Fort Worth, TX",39575
36067011201,"Baldwinsville, NY",39574
36047008800,"Kings County, NY",39574
24031701423,"Silver Spring, MD",39574
18033020200,"Auburn, IN",39574
48355003401,"South Side, Corpus Christi, TX",39574
8001009206,"Thornton, CO",39574
12057011414,"Citrus Park Community, Tampa, FL",39573
47031970801,"Tullahoma, TN",39573
53067011200,"Lacey, WA",39572
37055970400,"Nags Head, NC",39571
20061000800,"Junction City, KS",39571
45071950601,"Prosperity, SC",39571
12099000209,"Palm Beach Gardens, FL",39570
26149041102,"Three Rivers, MI",39570
15009030709,"Kihei, HI",39570
26053950400,"Ironwood, MI",39569
18167011000,"Terre Haute, IN",39569
12073002511,"Lafayette Oaks, Tallahassee, FL",39569
18163000202,"Spring Park, Evansville, IN",39569
53053072901,"McChord Air Force Base, Joint Base Lewis-McChord, WA",39568
56003962700,"Greybull, WY",39566
25009204500,"Salem, MA",39566
12086009026,"Miami, FL",39566
48499950302,"Yantis, TX",39565
42041013200,"Shippensburg, PA",39565
36081053200,"Queens County, NY",39565
53033026100,"Seattle, WA",39565
6071001312,"Ontario, CA",39565
53061040500,"Riverside, Everett, WA",39564
42075002000,"Jonestown, PA",39564
22051022900,"Metairie, LA",39564
26149041000,"Mendon, MI",39563
17113000104,"Normal, IL",39563
42049010107,"Albion, PA",39562
18085962200,"Pierceton, IN",39562
36113074000,"North Creek, NY",39561
6073008343,"University City, San Diego, CA",39561
53009001100,"Port Angeles, WA",39561
48139060300,"Waxahachie, TX",39561
26163572800,"Dearborn Heights, MI",39561
37081012503,"Lawndale Homes, Greensboro, NC",39561
12057012206,"Lakeview Village, Brandon, FL",39560
6037551401,"Downey, CA",39560
32003005432,"River Mountain, Henderson, NV",39560
42103950202,"Greeley, PA",39559
53011040806,"Vancouver, WA",39559
12095016729,"Orlando, FL",39558
24001001503,"Mount Savage, MD",39558
29077004202,"Springfield, MO",39558
47103975700,"Taft, TN",39557
6029003115,"Bakersfield, CA",39557
21029021101,"Shepherdsville, KY",39556
42079217800,"Hazleton, PA",39556
1043965600,"Crane Hill, AL",39556
17019000902,"Champaign, IL",39556
51153900407,"Woodbridge, VA",39555
47065010434,"Hixson, Soddy-Daisy, TN",39555
39023003301,"South Vienna, OH",39555
9011702400,"Groton, Groton, CT",39554
6065043517,"San Jacinto, CA",39554
25025160502,"Chelsea, MA",39554
48201340100,"Southbelt/ Ellington, Houston, TX",39554
53015001501,"Ariel, WA",39554
36061012700,"Midtown, New York, NY",39554
6111002500,"Ventura, CA",39553
8001008604,"Brighton, CO",39553
9015800400,"Willimantic, Windham, CT",39553
23019000700,"Fairmount, Bangor, ME",39553
12073002207,"Tallahassee, FL",39552
12009071301,"Rogers Place, Melbourne, FL",39552
16039960100,"Glenns Ferry, ID",39552
12071010601,"Caloosahatchee, Cape Coral, FL",39551
51800075701,"Suffolk, VA",39551
12113010813,"Gulf Breeze, FL",39551
17031040700,"Lincoln Square, Chicago, IL",39551
6037406602,"Walnut Valley, West Covina, CA",39550
55043960900,"Platteville, WI",39549
20173002300,"East Front, Wichita, KS",39548
19153004300,"Indianola Hills, Des Moines, IA",39548
29129470200,"Princeton, MO",39548
6037503106,"Whittier, CA",39547
41051008001,"Northeast Portland, Portland, OR",39546
47037015618,"Antioch, Nashville, TN",39546
22103040104,"Bush, LA",39545
36111951900,"Kingston, NY",39545
17031813400,"Cicero, IL",39545
32003001706,"Las Vegas, NV",39544
48353950200,"Sweetwater, TX",39544
26099258900,"Eastpointe, MI",39544
6047000901,"Merced, CA",39544
17109010700,"Macomb, IL",39544
51700031702,"Boulevard, Newport News, VA",39544
36047022600,"Kings County, NY",39544
12086008419,"Miami, FL",39544
48323950602,"Eagle Pass, TX",39543
29167960200,"Bolivar, MO",39543
36047116800,"Kings County, NY",39542
11001009507,"Northeast Washington, Washington, DC",39542
48485012900,"Wichita Falls, TX",39541
54027968600,"Augusta, WV",39541
26159011900,"Paw Paw, MI",39540
27001770400,"McGregor, MN",39539
8013012105,"North Boulder, Boulder, CO",39538
40047000600,"Enid, OK",39538
4013217101,"South Scottsdale, Scottsdale, AZ",39538
48201240801,"North Park Forest, Houston, TX",39538
18095011501,"Anderson, IN",39537
25023545200,"Wareham, MA",39537
37085070901,"Angier, NC",39537
1039962800,"Opp, AL",39537
20003953600,"Garnett, KS",39537
48201453602,"Alief, Houston, TX",39537
47065011700,"Chattanooga, TN",39536
47031970500,"Manchester, TN",39536
47093006102,"Powell, TN",39536
12011020313,"Country Club, Coral Springs, FL",39535
53033028200,"Tukwila, WA",39534
29197470200,"Queen City, MO",39533
4007000302,"Payson, AZ",39532
5105952700,"Houston, AR",39532
6097153300,"Southwest Santa Rosa, Santa Rosa, CA",39532
28075010301,"Meridian, MS",39531
1069040500,"Dothan, AL",39530
6037201200,"Northeast Los Angeles, Los Angeles, CA",39530
36027010000,"Amenia, NY",39529
50001960300,"Vergennes, VT",39528
6071009911,"Victorville, CA",39528
37021002302,"Asheville, NC",39528
19111490100,"Fort Madison, IA",39527
26017285900,"Bay City, MI",39527
17099964300,"Streator, IL",39527
42089300309,"Long Pond, PA",39526
6029006304,"Arvin, CA",39526
16017950400,"Sandpoint, ID",39526
26151970600,"Lexington, MI",39525
6053010604,"Salinas, CA",39525
40133583700,"Seminole, OK",39525
13067030224,"Kennesaw, GA",39525
4013040518,"Surprise, AZ",39524
33005970700,"Fitzwilliam, NH",39524
29189210100,"St. Louis, MO",39523
39119911500,"Zanesville, OH",39523
6037502100,"Whittier, CA",39523
16057005100,"Moscow, ID",39523
8001009306,"Denver, CO",39522
8005084200,"Carriage Place, Aurora, CO",39522
12057011010,"Lutz, FL",39522
34001010102,"Brigantine, NJ",39522
12086013000,"Hialeah, FL",39522
12086007002,"Coral Way, Miami, FL",39521
12081000804,"Bradenton, FL",39521
19197680200,"Eagle Grove, IA",39521
22071000615,"Algiers, New Orleans, LA",39520
47037015501,"Hermitage, Nashville, TN",39520
29047021204,"Clayton, Kansas City, MO",39519
26031960600,"Indian River, MI",39519
48439113619,"Euless, TX",39518
17165955800,"Harrisburg, IL",39517
23019031100,"Bangor, ME",39517
12115002724,"North Port, FL",39517
36075020902,"Pennellville, NY",39516
12057012301,"Limona Improvement, Brandon, FL",39516
28141950100,"Iuka, MS",39516
38039968600,"Cooperstown, ND",39516
48201540501,"Timber Creek Place, Houston, TX",39516
54107010101,"Williamstown, WV",39516
6075016500,"San Francisco, CA",39515
4013522901,"Provinces Master Community, Chandler, AZ",39515
42107002000,"Lawton's Hill, Pottsville, PA",39515
48113018138,"Garland, TX",39514
39011040600,"Saint Marys, OH",39513
31019969400,"Kearney, NE",39513
48453001712,"South Austin, Austin, TX",39512
39153533000,"Barberton, OH",39512
4019004068,"El G.H.E.K.O., Tucson, AZ",39512
45035010809,"Summerville, SC",39512
26049012006,"Flint, MI",39512
47125102001,"Clarksville, TN",39511
44007017100,"Pawtucket, RI",39511
37179020312,"Indian Trail, NC",39511
41043020100,"Albany, OR",39510
53053070203,"Bonney Lake, WA",39510
8077001501,"Fruita, CO",39510
39017010909,"Fairfield, OH",39509
39031960900,"Fresno, OH",39508
29195090500,"Marshall, MO",39508
6089010805,"Ravenwood Estates, Redding, CA",39508
18097360502,"Warren, Indianapolis, IN",39508
21179930600,"Bardstown, KY",39507
13139000203,"Clermont, GA",39507
4013050603,"Tonopah, AZ",39506
21151010702,"Richmond, KY",39506
48061013104,"Brownsville, TX",39506
16055000301,"Post Falls, ID",39505
36047118600,"Kings County, NY",39505
48453001821,"North Austin, Austin, TX",39505
55127000902,"Elkhorn, WI",39504
37169070504,"King, NC",39504
36087011301,"Nanuet, NY",39503
47119011200,"Culleoka, TN",39503
34007607402,"Somerdale, NJ",39501
4013105200,"North Mountain Village, Phoenix, AZ",39501
39049006932,"Forest Park East, Columbus, OH",39501
17107953400,"Lincoln, IL",39501
24021766800,"Emmitsburg, MD",39501
48399950500,"Miles, TX",39500
41019080000,"Roseburg, OR",39500
6073008101,"La Jolla, San Diego, CA",39500
12103023900,"Allendale Park/Five Points, Saint Petersburg, FL",39500
19013001000,"Waterloo, IA",39500
6075015100,"Western Addition, San Francisco, CA",39500
13285961100,"Pine Mountain, GA",39499
29201781300,"Sikeston, MO",39497
25027711000,"Fitchburg, MA",39496
40109106609,"Central Oklahoma City, Oklahoma City, OK",39496
18077966300,"Hanover, IN",39495
12033003608,"North Northwest Pensacola, Pensacola, FL",39495
36081100802,"Queens County, NY",39495
51043010200,"Boyce, VA",39495
6077004204,"Lodi, CA",39495
42051262900,"McClellandtown, PA",39494
48201232200,"Fall Creek, Humble, TX",39494
12069031000,"Tavares, FL",39494
51019030504,"Moneta, VA",39494
37059080100,"Mocksville, NC",39493
55127000702,"Delavan, WI",39493
26087339500,"Imlay City, MI",39493
37145920200,"Roxboro, NC",39492
17187870400,"Monmouth, IL",39492
29037061300,"Belton, MO",39491
6037433402,"El Monte, CA",39491
18035002700,"Albany, IN",39491
17001000202,"Quincy, IL",39491
31019969700,"Kearney, NE",39491
6029004902,"Delano, CA",39490
24031701417,"Silver Spring, MD",39490
39081012200,"Rayland, OH",39490
42045402000,"Lansdowne, PA",39490
55009001400,"Green Bay, WI",39490
45051060405,"Conway, SC",39489
26163554200,"Redford Charter Township, MI",39488
6019005704,"Clovis, CA",39488
48459950200,"Gilmer, TX",39488
42133020910,"York Haven, PA",39488
39093080104,"North Ridgeville, OH",39488
34029715902,"Lakewood, Lakewood Township, NJ",39487
12097040804,"Kissimmee, FL",39487
24510240400,"Riverside Park, Baltimore, MD",39486
29139970200,"Montgomery City, MO",39486
16083000700,"Twin Falls, ID",39486
36077590202,"Cooperstown, NY",39485
39085202600,"Williams - Murphy Mentor Headlands Park, Mentor, OH",39485
1053970300,"Flomaton, AL",39485
42049003000,"Erie, PA",39485
47065011314,"Ooltewah, TN",39485
6111003900,"Cal-Gisler, Oxnard, CA",39484
17031820605,"Hickory Hills, IL",39484
26123970600,"Fremont, MI",39484
48371950400,"Fort Stockton, TX",39484
29189213204,"Maryland Heights, MO",39484
6037433306,"El Monte, CA",39483
13311950300,"Cleveland, GA",39483
26021011500,"Galien, MI",39483
54107010200,"Williamstown, WV",39482
37013930600,"Washington, NC",39482
34011030400,"Millville, NJ",39482
51063920200,"Willis, VA",39481
36097950100,"Burdett, NY",39480
4019004046,"Tucson, AZ",39480
12089050202,"Fernandina Beach, FL",39479
41047010502,"Silverton, OR",39479
24003730300,"Glen Burnie, MD",39478
6037265303,"Westwood, Los Angeles, CA",39478
39085206000,"Madison, OH",39478
48041001604,"Southwood, College Station, TX",39478
21019031200,"Catlettsburg, KY",39478
48259970100,"Comfort, TX",39478
39025040500,"Milford, OH",39478
2020002603,"Abbott Loop, Anchorage, AK",39477
45081960100,"Saluda, SC",39477
25025030400,"North End, Boston, MA",39477
6037139302,"Tarzana, Los Angeles, CA",39475
36057072200,"Fonda, NY",39474
12027010403,"Arcadia, FL",39474
48029180602,"Inner West Side, San Antonio, TX",39472
18035002301,"Muncie, IN",39472
6037910002,"Littlerock, CA",39472
6001400400,"Upper Telegraph, Oakland, CA",39471
36109000500,"Ithaca, NY",39470
42017101100,"Penndel, PA",39470
17031630400,"South Side, Chicago, IL",39469
6065042724,"Menifee, CA",39469
36081045200,"Queens County, NY",39469
6059110606,"Buena Park, CA",39469
42099030602,"Loysville, PA",39468
6025010900,"Holtville, CA",39468
49021110702,"Cedar City, UT",39467
26075006200,"Jackson, MI",39467
47065010306,"Soddy-Daisy, TN",39466
36049950500,"Lowville, NY",39466
37035011504,"Sherrills Ford, NC",39464
53027001400,"Hoquiam, WA",39464
42079210800,"Pittston, PA",39464
17031820400,"Summit, IL",39464
47093004615,"Knoxville, TN",39463
12099007302,"Boca Raton, FL",39463
42087960600,"Lewistown, PA",39463
24011955202,"Denton, MD",39462
17119401903,"Edwardsville, IL",39462
6037910404,"Palmdale, CA",39461
6071001810,"Ontario, CA",39461
47021070300,"Ashland City, TN",39461
12009065231,"Malabar, FL",39461
12021010108,"Naples, FL",39460
48309003500,"Axtell, TX",39460
5041950500,"McGehee, AR",39460
18089020900,"Hammond, IN",39459
26125183500,"Royal Oak, MI",39459
12031010202,"Northside, Jacksonville, FL",39458
48113016411,"Grand Prairie, TX",39458
18123952600,"Cannelton, IN",39458
25017353400,"Cambridgeport, Cambridge, MA",39458
4019004610,"Tucson, AZ",39458
48321730100,"Bay City, TX",39457
48113014002,"West Carrollton, Carrollton, TX",39457
25001015002,"Mashpee, MA",39456
6065030200,"Downtown Riverside, Riverside, CA",39456
12103025109,"Seminole, FL",39455
48121021734,"Lewisville, TX",39455
37035010302,"Hickory, NC",39454
1033020703,"Muscle Shoals, AL",39453
48113018300,"Garland, TX",39453
51161031101,"Vinton, VA",39452
48201422100,"Southwest Houston, Houston, TX",39451
54033030700,"Clarksburg, WV",39451
12021011102,"Naples, FL",39451
29073960300,"Owensville, MO",39451
6037296210,"San Pedro, Los Angeles, CA",39451
28115950200,"Thaxton, MS",39451
6073013909,"Spring Valley, CA",39450
49035113406,"West Valley City, UT",39450
5031000502,"Jonesboro, AR",39450
10003016302,"New Castle, DE",39450
5085020104,"Austin, AR",39449
12086009200,"Hialeah, FL",39448
18157001501,"Lafayette, IN",39448
8051963900,"Somerset, CO",39448
9011690900,"New London, CT",39447
16015950200,"Placerville, ID",39447
42121201300,"Seneca, PA",39446
42101027100,"North Philadelphia, Philadelphia, PA",39446
41039002403,"Eugene, OR",39445
6065041906,"Corona, CA",39445
12011070602,"Davie, FL",39444
37081014409,"High Point, NC",39444
31055003401,"Hanscom Park, Omaha, NE",39444
37085071101,"Lillington, NC",39443
37183053517,"Irongate, Cary, NC",39443
51700031500,"Central Newport News, Newport News, VA",39443
17085020402,"Elizabeth, IL",39442
28047002800,"Long Beach, MS",39442
6059042312,"San Juan Capistrano, CA",39440
21111012202,"Auburndale, Louisville, KY",39440
36065022800,"Rome, NY",39440
27043460200,"Winnebago, MN",39440
37061090502,"Beulaville, NC",39439
39093022500,"Lorain, OH",39438
39095005701,"North Towne, Toledo, OH",39438
5119004207,"Capital Lakes Estates, Little Rock, AR",39438
12086003804,"Surfside, FL",39437
6099003202,"Patterson, CA",39437
24031701704,"Takoma Park, MD",39437
12021010401,"Bears Paw, Naples, FL",39436
26081010101,"Sand Lake, MI",39436
12103028102,"Pasadena Golf & Yacht Club, Saint Petersburg, FL",39436
1055010601,"Gadsden, AL",39436
4013422626,"Mesa, AZ",39436
29083950300,"Blairstown, MO",39436
6037208610,"Central LA, Los Angeles, CA",39434
12011020411,"Tamarac, FL",39434
48141004319,"O'Shea Keleher, El Paso, TX",39434
6029004301,"Wasco, CA",39434
36047013900,"Kings County, NY",39433
47037010104,"Joelton, Nashville, TN",39433
42097081100,"Mount Carmel, PA",39433
48355006100,"Bishop, TX",39432
29047020500,"Cooley Highlands, Kansas City, MO",39431
34017016300,"Union City, NJ",39431
55117000500,"Gateway, Sheboygan, WI",39430
6037550901,"Downey, CA",39430
39093095100,"Grafton, OH",39429
51119951000,"Saluda, VA",39429
45019002611,"West Ashley, Charleston, SC",39428
48371950500,"Fort Stockton, TX",39428
13127000102,"Saint Simons Island, GA",39427
28019950100,"Ackerman, MS",39427
4023966101,"Tubac, AZ",39427
6019004409,"Fresno, CA",39426
6067007202,"Rio Linda, CA",39426
13121010120,"Atlanta, GA",39426
6019007004,"Selma, CA",39425
48309002600,"Mountainview, Waco, TX",39425
54039010500,"Charleston, WV",39425
53053061002,"West End, Tacoma, WA",39425
12099007754,"Lake Worth, FL",39424
27137002400,"Lincoln Park, Duluth, MN",39424
48201520601,"Northwest Houston, Houston, TX",39424
12017450701,"Hernando, FL",39424
17097862603,"Waukegan, IL",39424
37151031501,"Trinity, NC",39423
48441010600,"Westwood Richland, Abilene, TX",39423
6073019002,"Fallbrook, CA",39422
48403950300,"Hemphill, TX",39422
26073940200,"Mount Pleasant, MI",39421
17031020901,"West Ridge, Chicago, IL",39421
48141001112,"Polk, El Paso, TX",39421
24001001100,"Cumberland, MD",39420
8005007105,"Aurora, CO",39420
6007001600,"Chico, CA",39419
39109365102,"Troy, OH",39418
6037462800,"Lamanda Park, Pasadena, CA",39418
17031580300,"South Side, Chicago, IL",39417
6019001800,"Fresno, CA",39417
48231960300,"Celeste, TX",39417
51710001500,"Wards Corner, Norfolk, VA",39416
6069000300,"Hollister, CA",39416
41047010305,"Woodburn, OR",39415
48029181505,"Northwest Side, San Antonio, TX",39415
48215023904,"Edinburg, TX",39415
18079960400,"North Vernon, IN",39415
53033026802,"Highline, Seattle, WA",39415
47117955000,"Chapel Hill, TN",39414
23005001900,"Deering Center, Portland, ME",39413
51015070900,"Staunton, VA",39413
6033001300,"Middletown, CA",39412
48113016620,"DeSoto, TX",39412
32003003243,"El Capitan Ranch, Las Vegas, NV",39411
6037533503,"Huntington Park, CA",39411
23005004001,"Gorham, ME",39410
6073006500,"Midway District, San Diego, CA",39410
22115950900,"Leesville, LA",39410
47009011602,"Maryville, TN",39409
6067007429,"Pepperwood, Sacramento, CA",39409
21047200600,"Hopkinsville, KY",39409
41051009202,"Southeast Portland, Portland, OR",39409
6037192420,"Central LA, Los Angeles, CA",39408
48355003402,"South Side, Corpus Christi, TX",39407
26045020700,"Vermontville, MI",39407
51041100910,"Richmond, VA",39407
18065975600,"New Castle, IN",39407
51165010300,"Elkton, VA",39407
17149952500,"Kinderhook, IL",39406
26145013000,"Birch Run, MI",39405
42021011400,"Johnstown, PA",39403
34039031100,"Elizabeth, NJ",39403
39035138106,"Brook Park, OH",39403
9009125300,"Ansonia, CT",39402
47065010305,"Soddy-Daisy, TN",39402
6037463101,"Pasadena, CA",39402
25015822300,"Easthampton, MA",39402
26077001907,"Crossroad Park, Portage, MI",39401
6059074502,"Madison Park, Santa Ana, CA",39401
9001073100,"North Bridgeport, Bridgeport, CT",39401
48203020103,"Marshall, TX",39400
32003002919,"Las Vegas, NV",39400
18141010500,"Mishawaka, IN",39399
12067960200,"Mayo, FL",39399
54037972506,"Charles Town, WV",39398
45051050102,"Myrtle Beach, SC",39398
4027011000,"Yuma, AZ",39398
36089491300,"Lisbon, NY",39398
36013035800,"Fredonia, NY",39398
51660000401,"Harrisonburg, VA",39397
16055000500,"Post Falls, ID",39396
55003950600,"Mellen, WI",39396
6065050500,"Murrieta, CA",39396
28109950501,"Picayune, MS",39396
51036600300,"Charles City, VA",39395
41029002600,"Eagle Point, OR",39394
39153503702,"Ellet, Akron, OH",39394
36081054900,"Queens County, NY",39394
12021010602,"East Naples, Naples, FL",39393
44007016600,"Pawtucket, RI",39392
9001110100,"Shelton, CT",39392
5115950800,"Russellville, AR",39391
37061090501,"Pink Hill, NC",39390
55073000700,"Wausau, WI",39390
26125140500,"Auburn Hills, MI",39390
48201222800,"Aldine Gardens, Houston, TX",39389
26119910100,"Hillman, MI",39389
27123032300,"Midway, Saint Paul, MN",39387
26149041600,"Burr Oak, MI",39387
1039962300,"Andalusia, AL",39387
29029950300,"Camdenton, MO",39387
17167000100,"Springfield, IL",39387
15003010000,"North Shore, Wahiawa, HI",39387
40111000901,"Henryetta, OK",39386
12085001602,"Jupiter, FL",39386
51810046207,"Virginia Beach, VA",39386
12105015101,"Bartow, FL",39386
40145030405,"Broken Arrow, OK",39385
17023060200,"Marshall, IL",39385
39099802701,"Kirkmere, Youngstown, OH",39385
13189950100,"Thomson, GA",39385
12009063102,"Somerville, Rockledge, FL",39385
44007003300,"Hope, Providence, RI",39384
18133956400,"Fillmore, IN",39384
47017962100,"Huntingdon, TN",39383
6047001101,"Merced, CA",39383
26117971000,"Carson City, MI",39383
6113010901,"Woodland, CA",39382
21111011708,"Louisville, KY",39381
23011012000,"Litchfield, ME",39381
36055013001,"Rochester, NY",39381
6037127604,"Van Nuys, Los Angeles, CA",39380
48291700600,"Cleveland, TX",39380
51015070500,"Waynesboro, VA",39380
34029736002,"West Creek, Eagleswood, NJ",39380
25017352300,"East Cambridge, Cambridge, MA",39379
4013061047,"Dreaming Summit, Litchfield Park, AZ",39379
23031006101,"Old Orchard Beach, ME",39378
41067033101,"Forest Grove, OR",39378
39093093100,"Wellington, OH",39378
39095005902,"Whitmer-Trilby, Toledo, OH",39378
48117950600,"Hereford, TX",39377
6071000823,"Upland, CA",39377
36081068000,"Queens County, NY",39377
39045031200,"Lancaster, OH",39377
36003951100,"Wellsville, NY",39377
27123031801,"Greater East Side, Saint Paul, MN",39376
6085500100,"Central San Jose, San Jose, CA",39376
45079011102,"Columbia, SC",39376
6099003805,"Turlock, CA",39376
12115002510,"Venice, FL",39375
45083023802,"Pauline, SC",39375
37057061701,"Lexington, NC",39375
13077170501,"Sharpsburg, GA",39375
55075961400,"Marinette, WI",39374
6053011203,"Greenfield, CA",39373
6111000500,"Santa Paula, CA",39373
39007001001,"Rock Creek, OH",39371
6111007611,"Moorpark, CA",39371
41007950400,"Astoria, OR",39370
30081000300,"Victor, MT",39370
34001011701,"Egg Harbor Township, NJ",39370
44007016500,"Pawtucket, RI",39370
22033001800,"Mid City South, Baton Rouge, LA",39369
37025042603,"Concord, NC",39368
48029171915,"Far West Side, San Antonio, TX",39368
6073021100,"Campo, CA",39368
34039035100,"Linden, NJ",39367
8013013507,"Longmont, CO",39367
6071002103,"Rancho Cucamonga, CA",39365
36101960100,"Prattsburgh, NY",39365
15003008001,"Pearl City, HI",39365
39085204800,"The Pines, Painesville, OH",39364
8005080100,"Expo Park, Aurora, CO",39364
9009142200,"Mill River, New Haven, CT",39364
17119402701,"Godfrey, IL",39364
26163581800,"Southgate, MI",39363
30003000100,"Hardin, MT",39362
12071070101,"Bokeelia, FL",39362
36071010700,"Walden, NY",39362
6059001304,"La Habra, CA",39361
13051011103,"Tybee Island, GA",39361
27109000500,"Kutzky Park, Rochester, MN",39360
53067012620,"Tenino, WA",39360
34007607801,"Lindenwold, NJ",39360
51550021005,"Great Bridge, Chesapeake, VA",39360
56025001200,"Mills, WY",39359
6029000800,"Bakersfield, CA",39359
4019004039,"Tucson, AZ",39359
55085970102,"Rhinelander, WI",39358
48439113407,"Hurst, TX",39357
6037408301,"Bassett, Avocado Heights, CA",39356
51067020102,"Union Hall, VA",39356
12099007817,"Royal Palm Beach, FL",39355
45007011600,"Belton, SC",39354
20115489800,"Peabody, KS",39354
36033950400,"Malone, NY",39354
36103145604,"Brentwood, NY",39353
18177010500,"Greens Fork, IN",39353
36021000100,"New Lebanon, NY",39353
22085000500,"Many, LA",39353
26023951000,"Coldwater, MI",39353
42011002900,"Reading, PA",39352
42003160900,"South Side Flats, Pittsburgh, PA",39352
55079000202,"Pheasant Run, Milwaukee, WI",39352
9001043400,"Norwalk, CT",39351
12011040205,"North Fort Lauderdale, Fort Lauderdale, FL",39351
18107956900,"Crawfordsville, IN",39351
48201452900,"Alief, Houston, TX",39351
48373210205,"Livingston, TX",39350
51165010500,"Harrisonburg, VA",39350
9005261100,"Lakeville, Salisbury, CT",39348
45077010903,"Easley, SC",39347
4013618700,"Deer Valley, Phoenix, AZ",39347
48025950202,"Beeville, TX",39346
8101002806,"Pueblo, CO",39346
41017000700,"Terrebonne, OR",39346
40123088600,"Ada, OK",39345
17143002701,"Peoria, IL",39345
5021950500,"Rector, AR",39345
18167010100,"Terre Haute, IN",39344
6037900705,"Lancaster, CA",39343
6071007305,"North Central, Loma Linda, CA",39343
4013421801,"Mesa, AZ",39343
6067004802,"Lindale, Sacramento, CA",39342
51069050700,"Middletown, VA",39342
12086009806,"North Miami Beach, FL",39342
39089753300,"Newark, OH",39342
19163012400,"West Davenport, Davenport, IA",39342
6065042742,"Menifee, CA",39342
48355005900,"Robstown, TX",39342
29187950102,"Bonne Terre, MO",39341
32003005826,"Las Vegas, NV",39341
5009790100,"Harrison, AR",39341
51015071200,"Stuarts Draft, VA",39341
36053030800,"Georgetown, NY",39340
42011000500,"Reading, PA",39340
18141010400,"Mishawaka, IN",39340
6083002209,"Santa Maria, CA",39339
34039034300,"Roselle, NJ",39338
41071030601,"McMinnville, OR",39338
28113950102,"Summit, MS",39338
18103952600,"Amboy, IN",39338
37089930701,"Mills River, NC",39337
34011020600,"Bridgeton, NJ",39336
12011110335,"Pembroke Pines, FL",39336
36103145703,"Central Islip, NY",39336
39123050301,"Lakeside, Lakeside Marblehead, OH",39335
26049010113,"Clio, MI",39335
42101006000,"Southwest Philadelphia, Philadelphia, PA",39335
6065045125,"La Quinta, CA",39334
21005950300,"Lawrenceburg, KY",39334
4015954900,"Kingman, AZ",39333
36081034700,"Queens County, NY",39333
37027030500,"Lenoir, NC",39333
39081012100,"Dillonvale, OH",39333
6085503711,"East San Jose, San Jose, CA",39333
37085070904,"Angier, NC",39332
27111961600,"Battle Lake, MN",39332
6037122420,"North Hollywood, Los Angeles, CA",39332
12069030305,"Leesburg, FL",39331
29121960200,"Callao, MO",39331
36085002100,"Richmond County, NY",39331
39061024700,"Cincinnati, OH",39330
19179960600,"Ottumwa, IA",39330
13169030302,"Gray, GA",39330
4007000500,"Payson, AZ",39329
21183920500,"Beaver Dam, KY",39329
48113014203,"Woodhaven, Irving, TX",39329
9001072100,"Brooklawn - St. Vincent, Bridgeport, CT",39329
48037011501,"New Boston, TX",39329
39089753600,"Newark, OH",39328
36047084800,"Kings County, NY",39328
22047953200,"Saint Gabriel, LA",39328
49053270802,"Washington, UT",39327
42091208903,"Pottstown, PA",39327
12105012113,"Lakeland, FL",39327
42079211101,"Exeter, PA",39326
6037502802,"Santa Fe Springs, CA",39326
51670820500,"Hopewell, VA",39326
48029171918,"Far West Side, San Antonio, TX",39326
39095007901,"Franklin Park, Toledo, OH",39325
15003002201,"McCully - Moiliili, Honolulu, HI",39325
39025041102,"Batavia, OH",39325
6065042300,"Riverside, CA",39324
47133950302,"Livingston, TN",39324
26163554400,"Redford Charter Township, MI",39323
32003003103,"Las Vegas, NV",39323
18067010400,"Kokomo, IN",39323
12119910300,"Wildwood, FL",39323
13097080511,"Douglasville, GA",39323
6037530202,"South Montebello, Montebello, CA",39323
9015903100,"Putnam District, Putnam, CT",39322
24031701421,"Silver Spring, MD",39322
6019008100,"Coalinga, CA",39322
55071000100,"Manitowoc, WI",39320
55133200600,"Butler, WI",39320
21021930600,"Danville, KY",39320
42009960900,"Schellsburg, PA",39319
12057011607,"Town N Country Alliance, Tampa, FL",39319
4013116611,"Maricopa County, AZ",39319
53035090101,"Kingston, WA",39318
6065043316,"Hemet, CA",39318
24047950600,"Ocean Pines, MD",39318
18067000700,"Kokomo, IN",39318
2110000600,"West Juneau, Juneau, AK",39317
48027021903,"Harker Heights, TX",39317
18039000700,"Bristol, IN",39317
1101005605,"Montgomery, AL",39317
37089930402,"Hendersonville, NC",39317
39021011001,"Urbana, OH",39317
8069001107,"Wagon Wheel, Fort Collins, CO",39316
6037271801,"Palms, Los Angeles, CA",39315
39103417200,"Wadsworth, OH",39315
39049006822,"Clintonville, Columbus, OH",39315
51650010310,"Hampton, VA",39315
18097381203,"Perry Township, Indianapolis, IN",39314
17017960400,"Beardstown, IL",39314
36059416500,"Long Beach, NY",39314
40101001100,"Oktaha, OK",39313
13103030304,"Rincon, GA",39312
4019004061,"Vail, AZ",39312
13051011003,"Savannah, GA",39310
4025000300,"Prescott, AZ",39310
6059087806,"Anaheim, CA",39310
41013950100,"Prineville, OR",39310
8041005601,"Colorado Springs, CO",39309
4001970501,"Eagar, AZ",39308
12086000706,"Hialeah, FL",39308
29047021702,"Excelsior Springs, MO",39308
29047021310,"Kansas City, MO",39308
22121020300,"Port Allen, LA",39308
6065041102,"La Sierra Acres, Riverside, CA",39307
6073018906,"Fallbrook, CA",39307
54003971900,"Inwood, WV",39307
6037502004,"East Whitter, Whittier, CA",39306
49005000900,"Logan, UT",39306
17019010604,"Champaign, IL",39306
51087201701,"Sandston, VA",39306
17199020100,"Carterville, IL",39305
25025060501,"City Point, Boston, MA",39305
20173008000,"Park City, KS",39305
26067030400,"Belding, MI",39305
36047009600,"Kings County, NY",39303
48355005102,"Port Aransas, TX",39303
48013960100,"Pleasanton, TX",39302
12099004813,"Greenacres, FL",39301
26025002500,"Battle Creek, MI",39301
22105954600,"Ponchatoula, LA",39301
40109108403,"Central Oklahoma City, The Village, OK",39301
36081084500,"Queens County, NY",39300
55137960700,"Redgranite, WI",39300
48397040503,"Rockwall, TX",39300
6067002000,"Central Sacramento, Sacramento, CA",39300
41039000903,"Veneta, OR",39300
25023510501,"Brockton, MA",39300
24005421200,"Dundalk, MD",39299
13045910900,"Carrollton, GA",39299
1039961700,"Red Level, AL",39298
4019004072,"Tucson, AZ",39298
39077916600,"New London, OH",39298
12097041500,"Kissimmee, FL",39297
12103027501,"Tarpon Springs, FL",39296
36005042901,"Bronx County, NY",39295
48371950300,"Fort Stockton, TX",39295
48029131601,"Northeast Side, Schertz, TX",39295
17031830500,"Little Village, Chicago, IL",39295
39049005700,"South Columbus, Columbus, OH",39294
6037189800,"Central LA, Los Angeles, CA",39294
15001021507,"Kailua-Kona, HI",39294
22065960100,"Tallulah, LA",39294
47187050904,"Franklin, TN",39293
54053954802,"Letart, WV",39293
16055001200,"Coeur d'Alene, ID",39293
29121960400,"Macon, MO",39292
29163460300,"Bowling Green, MO",39292
48167724200,"Galveston, TX",39292
37021003203,"Fairview, NC",39291
48439122400,"Central Arlington, Arlington, TX",39291
48055960300,"Lockhart, TX",39290
36015011100,"Elmira, NY",39290
6065042210,"University, Riverside, CA",39290
42089300201,"Cresco, PA",39290
31095963800,"Fairbury, NE",39289
47037013400,"Sylvan Park, Nashville, TN",39289
12105010601,"Cleveland Heights, Lakeland, FL",39289
42061950500,"Huntingdon, PA",39289
55031030300,"Solon Springs, WI",39288
20061000600,"Camp Forsyth, Fort Riley, KS",39288
51740212900,"Portsmouth, VA",39288
51071930100,"Pembroke, VA",39287
6025011201,"Imperial, CA",39286
53033004700,"Old Ballard, Seattle, WA",39286
36047050300,"Kings County, NY",39285
26123971000,"Howard City, MI",39285
28129950200,"Mize, MS",39285
53057940800,"La Conner, WA",39284
39043040200,"Vermilion, OH",39284
6065044924,"Cathedral City, CA",39284
26021000900,"Saint Joseph, MI",39284
40131050302,"Claremore, OK",39283
49053270400,"Ivins, UT",39283
26075005600,"Jackson, MI",39283
6059063808,"Mesa Verde, Costa Mesa, CA",39283
8041005105,"Colorado Springs, CO",39283
6019007400,"Laton, CA",39282
6037407200,"La Puente, CA",39281
20029977300,"Concordia, KS",39281
23011021000,"Clinton, ME",39280
48423001802,"Tyler, TX",39280
51015070800,"Churchville, VA",39279
51075400400,"Goochland, VA",39279
37119006009,"Coulwood West, Charlotte, NC",39278
18095001300,"Anderson, IN",39278
21145031200,"Paducah, KY",39278
1021060402,"Jemison, AL",39277
24021765100,"Carrollton, Frederick, MD",39277
13277960500,"Tifton, GA",39276
6037535606,"South Gate, CA",39276
48085030702,"McKinney, TX",39275
39043040300,"Berlin Heights, OH",39275
48113016618,"DeSoto, TX",39274
6107004200,"Pixley, CA",39274
48491021403,"Georgetown, TX",39273
40125501102,"Tecumseh, OK",39272
40123088800,"Ada, OK",39272
36005043600,"Bronx County, NY",39272
24031700902,"Rockville, MD",39272
12069031102,"Leesburg, FL",39270
53077001100,"Yakima, WA",39269
39035141300,"Cleveland Heights, OH",39269
6089012601,"Oak Run, CA",39269
8043979200,"Cañon City, CO",39269
47189030800,"Lebanon, TN",39268
26099256800,"Roseville, MI",39268
45063021111,"Columbia, SC",39267
41057960400,"Tillamook, OR",39267
21029020900,"Shepherdsville, KY",39267
55139001300,"Oshkosh, WI",39266
49015976500,"Emery County, UT",39266
35001000207,"Albuquerque, NM",39266
8021974900,"La Jara, CO",39265
51115951300,"Cobbs Creek, VA",39265
24045010606,"Parsonsburg, MD",39265
12115002202,"Nokomis, FL",39264
6067007007,"North Sacramento, Sacramento, CA",39264
47103975100,"Petersburg, TN",39264
55045960500,"Monroe, WI",39264
45063021017,"Lexington, SC",39263
41017001400,"River West, Bend, OR",39263
30029000203,"Columbia Falls, MT",39263
5133080200,"De Queen, AR",39263
8089968000,"Fowler, CO",39263
39035160300,"Lakewood, OH",39263
6073020208,"Midway, Escondido, CA",39262
42033331500,"Mahaffey, PA",39262
12131950602,"Santa Rosa Beach, FL",39262
36007000700,"Binghamton, NY",39261
33007950700,"Berlin, NH",39261
40123089600,"Roff, OK",39260
53033026500,"Highline, Seattle, WA",39260
36045060500,"Watertown, NY",39260
6065042407,"Moreno Valley, CA",39260
22015010804,"Bossier City, LA",39260
51011040300,"Appomattox, VA",39259
6071010018,"Hesperia, CA",39259
4019004627,"Casas Adobes Terrace, Tucson, AZ",39258
39113125102,"Englewood, OH",39258
36047014500,"Kings County, NY",39258
55141011200,"Wisconsin Rapids, WI",39258
1097006407,"Mobile, AL",39257
26073000100,"Farwell, MI",39255
39029951700,"East Liverpool, OH",39255
1089011400,"New Hope, AL",39255
28121021001,"Florence, MS",39253
33011010600,"Nashua, NH",39253
37067004102,"Pfafftown, NC",39253
17119400802,"Granite City, IL",39252
6065042406,"Moreno Valley, CA",39252
17143002702,"Peoria, IL",39251
47139950201,"Delano, TN",39251
22019002800,"Sulphur, LA",39250
53033030006,"Federal Way, WA",39250
18085962000,"Warsaw, IN",39250
41039004900,"Amazon, Eugene, OR",39249
47149041202,"Murfreesboro, TN",39249
34007610500,"Pennsauken Township, NJ",39249
36047051900,"Kings County, NY",39248
32003005015,"Las Vegas, NV",39248
42097081000,"Mount Carmel, PA",39248
36091061200,"Saratoga Springs, NY",39248
26045021202,"Eaton Rapids, MI",39248
6071003609,"Rialto, CA",39246
12001001702,"Suburban Heights, Gainesville, FL",39246
36025970100,"East Meredith, NY",39245
53011041322,"Vancouver, WA",39245
1073014102,"Adger, AL",39244
18089041400,"Gary, IN",39244
36117021600,"North Rose, NY",39244
31119960900,"Norfolk, NE",39244
36081043701,"Queens County, NY",39243
23019005000,"Veazie, ME",39243
30093000300,"Butte, MT",39243
36081014400,"Queens County, NY",39242
6037603200,"Gardena, CA",39242
21083020800,"Hickory, KY",39242
28085950400,"Bogue Chitto, MS",39241
17125956500,"Havana, IL",39241
36005020000,"Bronx County, NY",39241
48201552601,"Willowbrook, Houston, TX",39241
48027020300,"Temple, TX",39240
16057005700,"Genesee, ID",39240
47051960201,"Estill Springs, TN",39240
22051023100,"Metairie, LA",39239
48355006000,"Robstown, TX",39239
12095014906,"Ocoee, FL",39239
47037019105,"McMurray, Nashville, TN",39238
48157674800,"Lamar Estates, Rosenberg, TX",39238
36047010100,"Kings County, NY",39238
4013103702,"North Mountain Village, Phoenix, AZ",39238
20209043500,"Argentine, Kansas City, KS",39238
39155933400,"Warren, OH",39238
28033070421,"Southaven, MS",39237
12086007104,"Coconut Grove, Miami, FL",39236
36029012501,"Buffalo, NY",39235
36057070200,"Amsterdam, NY",39235
30081000402,"Corvallis, MT",39235
26159011800,"Paw Paw, MI",39234
37077970601,"Franklinton, NC",39234
21179930302,"Bardstown, KY",39233
36009961000,"Olean, NY",39233
23031025202,"Biddeford, ME",39232
2100000100,"Haines, AK",39232
51171040700,"Mount Jackson, VA",39232
6075020200,"Mission Dolores, San Francisco, CA",39232
15003009703,"Waianae, HI",39232
40135030103,"Roland, OK",39231
6061021603,"Auburn, CA",39230
13067031211,"Cumberland, Atlanta, GA",39230
12105012205,"Lakeland, FL",39230
17031200300,"Hermosa, Chicago, IL",39229
32005001900,"Genoa, NV",39229
48201522302,"Northwest Houston, Houston, TX",39227
12081001602,"Palmetto, FL",39227
25017383101,"Framingham, MA",39226
12009063106,"Six Mile Creek, Melbourne, FL",39226
6073020018,"San Marcos, CA",39225
37013930502,"Washington, NC",39225
32003005105,"Midway, Henderson, NV",39224
41007950700,"Gearhart, OR",39224
48445950100,"Brownfield, TX",39224
13135050546,"Lawrenceville, GA",39224
6037910711,"Palmdale, CA",39223
6099002504,"Ceres, CA",39223
25013800201,"East Springfield, Springfield, MA",39223
36109001500,"Ithaca, NY",39223
23001010700,"Auburn, ME",39223
32003005905,"Mesquite, NV",39222
6037191201,"Central LA, Los Angeles, CA",39222
39153532001,"Norton, OH",39222
6073003214,"Spring Valley, CA",39222
42039110300,"Conneautville, PA",39222
34015501101,"Westville, NJ",39221
28067950301,"Soso, MS",39221
36119011600,"Sleepy Hollow, NY",39221
21111012103,"Louisville, KY",39221
27109000902,"Rochester, MN",39221
20007968200,"Kiowa, KS",39221
39127965800,"Thornville, OH",39220
48257050600,"Terrell, TX",39220
42089300312,"Monroe County, PA",39219
6057000702,"Grass Valley, CA",39219
39143962000,"Clyde, OH",39219
4013061043,"Sundial, El Mirage, AZ",39219
20161000200,"Manhattan, KS",39219
12115001904,"Siesta Key, FL",39218
10005050101,"Milford, DE",39218
6037700502,"Central LA, West Hollywood, CA",39218
48479001717,"Webb County, TX",39217
24031701509,"Silver Spring, MD",39217
17097860200,"Zion, IL",39217
21047201100,"Crofton, KY",39217
12071010410,"Pelican, Cape Coral, FL",39216
36043010100,"Ilion, NY",39216
30091090200,"Plentywood, MT",39215
35015000402,"Carlsbad, NM",39215
19153004400,"Indianola Hills, Des Moines, IA",39215
26161455000,"Ann Arbor, MI",39215
21143960200,"Eddyville, KY",39213
36087012401,"Monsey, NY",39213
39025041103,"Amelia, OH",39213
22051023600,"Metairie, LA",39213
26049013202,"Fenton, MI",39213
12086003801,"Bay Harbor Islands, FL",39212
4013061033,"Ashton Ranch, Surprise, AZ",39212
20011955600,"Fort Scott, KS",39212
42019902400,"Butler, PA",39211
5131010301,"Fort Smith, AR",39211
48121021502,"Lewisville, TX",39211
8041001000,"East Colorado Springs, Colorado Springs, CO",39210
36071001600,"Middletown, NY",39210
53041970500,"Centralia, WA",39209
12031015923,"Secret Cove, Jacksonville, FL",39209
26055550300,"Kingsley, MI",39209
6111007700,"Simi Valley, CA",39209
36005041300,"Bronx County, NY",39209
34017017200,"Union City, NJ",39208
39171950800,"Bryan, OH",39208
12049970300,"Wauchula, FL",39208
18057110600,"Noblesville, IN",39208
39049007424,"Royal Manor, Columbus, OH",39208
12097043204,"Saint Cloud, FL",39206
54061011200,"Westover, WV",39206
39159050500,"Marysville, OH",39206
53011040507,"Washougal, WA",39205
39077915700,"Norwalk, OH",39205
9003510700,"East Hartford, CT",39204
55129950300,"Springbrook, WI",39204
23011016000,"Belgrade, ME",39203
27035950502,"Merrifield, MN",39203
12101031208,"Verandahs, Hudson, FL",39202
34025805900,"Long Branch, NJ",39202
6037900900,"Lancaster, CA",39202
45057010900,"Lancaster, SC",39201
36103111002,"Huntington Station, NY",39201
51095080401,"Toano, VA",39201
4013040530,"Kingswood Parke, Surprise, AZ",39200
39095010001,"Oregon, OH",39200
42101002300,"Passyunk Square, Philadelphia, PA",39200
26017280500,"Bay City, MI",39199
37183051800,"Five Points East, Raleigh, NC",39199
6029006201,"Bakersfield, CA",39199
26061000500,"Hancock, MI",39198
16011950500,"Blackfoot, ID",39196
26027001000,"Jones, MI",39195
17089850301,"Carpentersville, IL",39195
48501950100,"Plains, TX",39195
47031970700,"Hillsboro, TN",39195
29175490100,"Cairo, MO",39194
48209010701,"San Marcos, TX",39194
49035101700,"Central City, Salt Lake City, UT",39193
18105001301,"Ellettsville, IN",39193
42043023500,"Highspire, PA",39193
6071004601,"Hudson, San Bernardino, CA",39193
48113018128,"Garland, TX",39193
48041002006,"Edelweiss, College Station, TX",39192
53033029203,"Kent, WA",39192
36075020901,"Phoenix, NY",39192
40143003700,"Tulsa, OK",39191
48339692200,"Conroe, TX",39191
6037278001,"Westchester, Los Angeles, CA",39191
4013421001,"Mesa, AZ",39190
36047011400,"Kings County, NY",39189
18175967300,"Salem, IN",39189
28121020900,"Brandon, MS",39189
4013104100,"North Mountain Village, Phoenix, AZ",39187
42071011000,"Marietta, PA",39187
47093005907,"Hardin Valley, Knoxville, TN",39187
39139002900,"Ashland, OH",39186
53063010301,"Deer Park, WA",39186
55139001100,"Oshkosh, WI",39186
12086007606,"Miami, FL",39186
6037294302,"Wilmington, Los Angeles, CA",39186
8085966502,"Montrose, CO",39185
32003002847,"Las Vegas, NV",39185
42041012000,"Carlisle, PA",39184
39113100202,"Huber Heights, OH",39184
4013104202,"North Mountain Village, Phoenix, AZ",39183
24003706500,"Annapolis, MD",39183
55059000400,"Kenosha, WI",39183
30029001302,"Kalispell, MT",39182
39151714901,"East Sparta, OH",39182
13067030506,"Marietta, GA",39182
1077011802,"Rogersville, AL",39182
6071010013,"Hesperia, CA",39182
39049007114,"Northern Woods, Columbus, OH",39182
48029131609,"Northeast Side, San Antonio, TX",39181
1043964400,"Vinemont, AL",39181
1003010800,"Daphne, AL",39180
48201310600,"Greater East End, Houston, TX",39179
51021040200,"Bastian, VA",39179
26025003000,"Homer, MI",39179
45091061004,"Fort Mill, SC",39178
13021013407,"Macon, GA",39177
12083001008,"Ocala, FL",39177
29031881300,"Cape Girardeau, MO",39176
6037185202,"Mount Washington, Los Angeles, CA",39176
22073010502,"West Monroe, LA",39176
27127750300,"Redwood Falls, MN",39176
39125960500,"Paulding, OH",39176
12087972300,"Key West, FL",39175
36013037100,"Lakewood, NY",39175
49035113514,"Taylorsville, UT",39175
34005703103,"Lumberton, NJ",39174
54019021000,"Danese, WV",39174
53063010201,"Chattaroy, WA",39173
48303010508,"Lubbock, TX",39173
6079012102,"Grover Beach, CA",39172
18097380800,"Perry Township, Indianapolis, IN",39172
6057000104,"Grass Valley, CA",39172
4013619200,"Deer Valley, Phoenix, AZ",39172
54055001200,"Princeton, WV",39170
18069961500,"Huntington, IN",39170
6099001300,"Modesto, CA",39169
21027960200,"Hardinsburg, KY",39169
37119005706,"Mint Hill, NC",39168
17199020500,"Herrin, IL",39168
6037910505,"Palmdale, CA",39167
48053960100,"Bertram, TX",39167
5043490300,"Monticello, AR",39167
27021960700,"Pine River, MN",39167
12085001102,"Stuart, FL",39167
12023110602,"Lake City, FL",39166
8061960100,"Eads, CO",39166
26065005502,"Holt, Delhi charter Township, MI",39166
22063040100,"Albany, LA",39165
18099020301,"Plymouth, IN",39165
53027000500,"Elma, WA",39164
42027010400,"Philipsburg, PA",39164
29189214601,"Overland, MO",39164
4013218000,"Melrose Village, Scottsdale, AZ",39164
55105001400,"Janesville, WI",39164
21067003405,"Lexington, KY",39163
13127000200,"Saint Simons Island, GA",39163
53067011500,"Lacey, WA",39163
48459950100,"Ore City, TX",39163
12087971001,"Key Largo, FL",39163
18011810400,"Lebanon, IN",39163
18127050509,"Portage, IN",39163
8007974200,"Pagosa Springs, CO",39162
39139002800,"Plymouth, OH",39162
26081012608,"East Paris, Kentwood, MI",39162
12103024507,"Clearwater, FL",39162
39081001200,"Wintersville, OH",39161
21029020500,"Louisville, KY",39161
42003192000,"Beechview, Pittsburgh, PA",39161
24033805101,"Chillum, MD",39160
48209010910,"Kyle, TX",39160
29123960300,"Fredericktown, MO",39159
6071002703,"Rialto, CA",39159
37067003311,"Winston-Salem, NC",39158
54013962700,"Arnoldsburg, WV",39158
53033030902,"Pacific, WA",39158
54099005100,"Huntington, WV",39157
29075960100,"Albany, MO",39157
23019008001,"Milford, Bradley, ME",39157
20045001500,"Lecompton, KS",39156
26109960600,"Menominee, MI",39156
20209044900,"Bonner - Loring, Bonner Springs, KS",39155
12019030903,"Orange Park, FL",39155
32031001300,"West University, Reno, NV",39155
6073001100,"North Park, San Diego, CA",39155
48061013102,"Brownsville, TX",39154
13067030505,"Marietta, GA",39154
48113016408,"Grand Prairie, TX",39154
4013610100,"New River, AZ",39154
6095252707,"Fairfield, CA",39154
6071009300,"Barstow, CA",39154
12031014204,"Beaches, Jacksonville Beach, FL",39154
22051025300,"Gretna, LA",39154
6065043900,"Beaumont, CA",39154
37167930102,"New London, NC",39154
12011110325,"Miramar, FL",39153
6037920102,"Los Angeles County, CA",39153
1077011200,"Florence, AL",39153
4019004646,"Suncrest, Tucson, AZ",39153
13231010100,"Zebulon, GA",39152
34017001800,"Journal Square, Jersey City, NJ",39152
41051001801,"Northeast Portland, Portland, OR",39152
36015000400,"Elmira, NY",39151
36047011000,"Kings County, NY",39151
39145002100,"Minford, OH",39150
48157670902,"Fresno, TX",39150
42071013501,"Lancaster, PA",39150
6107002700,"Springville, CA",39149
9011709200,"Griswold, CT",39149
37167931202,"Albemarle, NC",39149
26117971100,"Greenville, MI",39148
4013420113,"Mesa, AZ",39148
48201334002,"Southbelt/ Ellington, Houston, TX",39148
42095010700,"Bethlehem, PA",39148
49035111802,"Millcreek, UT",39148
36081027700,"Queens County, NY",39148
32003005311,"Green Valley North, Henderson, NV",39146
12071010304,"Hancock, Cape Coral, FL",39146
26065005302,"Lansing, MI",39146
38051972900,"Ashley, ND",39146
47037019111,"Antioch, Nashville, TN",39145
6037121020,"North Hollywood, Los Angeles, CA",39145
51003011100,"Parkside Village, Crozet, VA",39144
18053000500,"Marion, IN",39144
53053071410,"Spanaway, WA",39144
48347950400,"Nacogdoches, TX",39143
54037972201,"Shepherdstown, WV",39143
51650010103,"Fox Hill - Grandview, Hampton, VA",39143
24001001700,"Frostburg, MD",39142
48381021703,"Amarillo, TX",39141
16019971301,"Idaho Falls, ID",39140
51550020905,"South Norfolk, Chesapeake, VA",39140
17145030600,"Du Quoin, IL",39140
36013036901,"Sinclairville, NY",39140
6037189201,"Central LA, Los Angeles, CA",39139
12086000505,"Hialeah, FL",39139
36047099400,"Kings County, NY",39138
48201222000,"Eastex/ Jensen, Houston, TX",39137
6077004308,"Lodi, CA",39137
37101040202,"Zebulon, NC",39137
12049970101,"Wauchula, FL",39137
48401950200,"Kilgore, TX",39135
30031001200,"Bozeman, MT",39135
12011110311,"Pembroke Pines, FL",39135
15003003406,"Makiki - Lower Punchbowl - Tantalus, Honolulu, HI",39134
26115833500,"Temperance, MI",39133
51087200904,"Richmond, VA",39133
41051009804,"Centennial, Portland, OR",39132
18097340202,"Speedway, IN",39132
12081000808,"Sarasota, FL",39131
29071800601,"Union, MO",39131
42027011400,"State College, PA",39131
6085503214,"South San Jose, San Jose, CA",39130
26077002905,"Kalamazoo, MI",39130
26139021301,"Grand Haven, MI",39130
53033001300,"Licton Springs, Seattle, WA",39130
42129802600,"Jeannette, PA",39128
21177960300,"Sacramento, KY",39128
48309002800,"Landon Branch, Waco, TX",39127
48113013007,"Highland Meadows, Dallas, TX",39127
6029005103,"Bakersfield, CA",39127
39061010100,"Westwood, Cincinnati, OH",39126
29189215800,"University City, MO",39126
16061940002,"Craigmont, ID",39126
42037050100,"Benton, PA",39126
17031210501,"Avondale, Chicago, IL",39125
48381020800,"Amarillo, TX",39125
39135420100,"Lewisburg, OH",39124
53035090300,"Silverdale, WA",39124
12099005808,"Boynton Beach, FL",39123
48201452400,"Alief, Houston, TX",39123
4013422607,"Sunland Village, Mesa, AZ",39123
12105015402,"Babson Park, FL",39123
8041004601,"Peyton, CO",39123
26055551400,"Traverse City, MI",39121
50021963600,"Castleton, VT",39121
51029930202,"Buckingham, VA",39121
6071008709,"Yucaipa, CA",39120
26163577600,"Lincoln Park, MI",39120
27077460400,"Williams, MN",39120
36007012500,"Windsor, NY",39120
5121960301,"Pocahontas, AR",39119
16017950500,"Priest River, ID",39118
18097360602,"Warren, Indianapolis, IN",39117
48249950700,"Premont, TX",39116
8005006100,"Englewood, CO",39116
44005040302,"Newport East, Middletown, RI",39116
8005005951,"Englewood, CO",39115
42125775200,"Donora, PA",39115
55101000700,"Racine, WI",39115
39113115002,"Vandalia, OH",39114
49035113306,"West Valley City, UT",39114
12095016412,"Orlando, FL",39114
48201311100,"Greater East End, Houston, TX",39114
1077011602,"Florence, AL",39114
8059011601,"North Alameda, Denver, CO",39114
20209044601,"Nearman Hills, Kansas City, KS",39114
22051026400,"Marrero, LA",39113
51093280200,"Smithfield, VA",39113
10003010200,"Claymont, DE",39113
51009010504,"Madison Heights, VA",39113
2020000202,"Eagle River, Anchorage, AK",39112
55117000800,"The Flats, Sheboygan, WI",39112
36005022404,"Bronx County, NY",39112
37081017000,"Julian, NC",39112
13135050534,"Lawrenceville, GA",39111
12095015501,"Maitland, FL",39111
55139001500,"Oshkosh, WI",39110
41047010202,"Hubbard, OR",39110
39153531001,"Mogadore, OH",39110
12099006005,"Boynton Beach, FL",39110
37053110200,"Moyock, NC",39109
20079030400,"Newton, KS",39108
35001000704,"Albuquerque, NM",39108
6059086601,"Northwest Anaheim, Anaheim, CA",39108
6067007017,"Sacramento, CA",39108
25027730500,"Indian Lake East, Worcester, MA",39108
41007950600,"Astoria, OR",39107
6071002307,"Fontana, CA",39107
48029121604,"Northeast Side, Converse, TX",39107
21077960101,"Warsaw, KY",39106
46099000201,"Sioux Falls, SD",39105
25011041200,"Greenfield, MA",39105
22019003500,"Vinton, LA",39105
12115002008,"Sarasota, FL",39105
31055007455,"Millard, Omaha, NE",39105
23011010801,"Manchester, ME",39104
29095012400,"Independence, MO",39104
37067002604,"Winston-Salem, NC",39103
46103010906,"Rapid City, SD",39103
54057010600,"Keyser, WV",39103
51161030300,"Salem, VA",39101
1125012100,"Tuscaloosa, AL",39101
39035186106,"Strongsville, OH",39100
42117950900,"Wellsboro, PA",39099
6085500800,"Central San Jose, San Jose, CA",39099
23001010600,"Auburn, ME",39099
6101050403,"Yuba City, CA",39098
13139001607,"Buford, GA",39098
41047010600,"Mill City, OR",39098
45015020714,"Summerville, SC",39097
31001965500,"Hastings, NE",39097
36087012106,"Spring Valley, NY",39096
51510201802,"Old Town, Alexandria, VA",39096
6037553504,"Paramount, CA",39095
25025090700,"Dorchester, Boston, MA",39095
6037404801,"Baldwin Park, CA",39094
36047014300,"Kings County, NY",39094
37001021901,"Graham, NC",39094
2090001200,"Fairbanks, AK",39094
48451001500,"Goodfellow Air Force Base, TX",39094
41057960700,"Cloverdale, OR",39094
48439111525,"East Arlington, Arlington, TX",39093
6055200503,"Napa, CA",39092
6037602200,"Los Angeles, CA",39092
47065010431,"Hixson, Chattanooga, TN",39092
21145031500,"Kevil, KY",39092
40143009006,"Tulsa, OK",39091
6037211121,"Central LA, Los Angeles, CA",39091
12081001912,"Palmetto, FL",39090
6033000300,"Lakeport, CA",39090
39061005301,"Oakley, Cincinnati, OH",39090
6069000400,"Hollister, CA",39089
35001000108,"Eldorado Heights, Albuquerque, NM",39088
49045130600,"Tooele County, UT",39088
6097150901,"Petaluma, CA",39088
6037212420,"Central LA, Los Angeles, CA",39087
29021001600,"Saint Joseph, MO",39086
17057953100,"Ipava, IL",39086
12113010503,"Milton, FL",39085
17029000800,"Charleston, IL",39085
8027970100,"Silver Cliff, CO",39084
55099970600,"Prentice, WI",39084
51031020800,"Gladys, VA",39084
36047003100,"Kings County, NY",39084
6037113233,"Canoga Park, Los Angeles, CA",39084
45063020511,"Columbia, SC",39083
42033330100,"DuBois, PA",39082
13103030202,"Springfield, GA",39082
53061940002,"Tulalip, WA",39081
48215024106,"Palmhurst, TX",39081
54059957300,"Delbarton, WV",39081
51660000205,"Harrisonburg, VA",39081
27053021502,"New Hope, MN",39081
37051003407,"Fort Bragg, NC",39080
23007970102,"Stratton, Eustis, ME",39080
39035141100,"Cleveland Heights, OH",39079
48371950100,"Fort Stockton, TX",39079
48027021302,"Temple, TX",39078
36043010501,"Mohawk, NY",39077
41067031005,"Vose, Beaverton, OR",39077
26099255600,"Roseville, MI",39076
9003504800,"South West, Hartford, CT",39076
22067950200,"Bastrop, LA",39075
21183920600,"Beaver Dam, KY",39074
24005450501,"Essex, MD",39074
6075012401,"Tenderloin, San Francisco, CA",39073
6037503104,"Whittier, CA",39073
12033003800,"Molino, FL",39073
23031028002,"Kennebunk, Kennebunk, ME",39070
18065975800,"Middletown, IN",39070
36047096800,"Kings County, NY",39069
54049020800,"Fairmont, WV",39068
32003002978,"Las Vegas, NV",39068
36103123701,"Copiague, NY",39068
36089491000,"Norwood, NY",39068
42021012100,"Fallentimber, PA",39068
24031702601,"Downtown Silver Spring, Silver Spring, MD",39068
12086000804,"Hialeah, FL",39067
42101000500,"Center City, Philadelphia, PA",39067
17163503411,"Caseyville, IL",39067
37027031300,"Granite Falls, NC",39067
6071004004,"Agua Mansa Industrial Corridor, Bloomington, CA",39067
37025041301,"Davidson, NC",39066
13077170304,"Newnan, GA",39066
47037015622,"Hermitage, Nashville, TN",39065
34011030502,"Millville, NJ",39064
21117061100,"Wallace Woods, Covington, KY",39064
42089300403,"Stroudsburg, PA",39064
6065041813,"Corona, CA",39062
45045002503,"Greer, SC",39062
2020001602,"U-MED District, Anchorage, AK",39061
36087013200,"Nyack, NY",39061
42125754600,"Washington, PA",39061
29095009100,"South Kansas City, Kansas City, MO",39061
48005000901,"Lufkin, TX",39061
23019003000,"Orrington, ME",39060
26147655600,"St Clair County, MI",39060
47093006301,"Powell, TN",39060
29017950300,"Sturdivant, MO",39060
27105105400,"Worthington, MN",39060
12071010405,"Hancock, Cape Coral, FL",39059
19163012801,"Davenport, IA",39059
42101009000,"Powelton Village, Philadelphia, PA",39059
54053955101,"Gallipolis Ferry, WV",39059
40049681900,"Elmore City, OK",39057
17031815100,"Berwyn, IL",39056
40027201604,"Moore, OK",39056
55129950600,"Shell Lake, WI",39056
53005010500,"Richland, WA",39054
48453001402,"Greater South River City, Austin, TX",39053
29095012300,"Independence, MO",39053
37147000501,"Greenville, NC",39053
48245010500,"Groves, TX",39052
32003005353,"McCullough Hills, Henderson, NV",39051
18129040600,"Mount Vernon, IN",39051
24005402509,"Owings Mills, MD",39051
41055950100,"Wasco, OR",39050
6065042709,"Sun City, Menifee, CA",39050
39103409001,"Medina, OH",39050
48455950300,"Trinity, TX",39049
12005001402,"St. Andrews Bay, Lynn Haven, FL",39048
40095094802,"Kingston, OK",39048
47073050602,"Mount Carmel, TN",39048
18141011701,"Mishawaka, IN",39048
42123971100,"Clarendon, PA",39048
48141001501,"Mission Hills North, El Paso, TX",39048
26061000600,"Hancock, MI",39048
34023004400,"Perth Amboy, NJ",39047
20173006400,"Meadowlark, Wichita, KS",39046
30093000200,"Butte, MT",39045
1051031100,"Millbrook, AL",39045
47011010900,"Cleveland, TN",39044
1003011405,"Orange Beach, AL",39044
37089930800,"Hendersonville, NC",39044
5013480100,"Hampton, AR",39044
6029003202,"Bakersfield, CA",39042
42101019000,"North Philadelphia, Philadelphia, PA",39042
29189218103,"Valley Park, MO",39041
8091967600,"Ridgway, CO",39041
47165020602,"Bethpage, TN",39041
26123971200,"Grant, MI",39040
26021011200,"Three Oaks, MI",39040
30023000500,"Anaconda, MT",39039
18017951600,"Logansport, IN",39039
19187000600,"Fort Dodge, IA",39039
53033011700,"Greater Duwamish, Seattle, WA",39038
48029161200,"South San Antonio, San Antonio, TX",39038
36047118800,"Kings County, NY",39038
6059074702,"Mid-City, Santa Ana, CA",39038
26161413401,"Ypsilanti, MI",39038
6037570502,"Grant, Long Beach, CA",39038
40143005500,"Skiatook, OK",39037
12086009031,"Miami, FL",39037
22051020101,"Bucktown, Metairie, LA",39037
40145030602,"Coweta, OK",39036
36075020702,"Central Square, NY",39036
48121020800,"Denton, TX",39036
6055202000,"Calistoga, CA",39035
4013420901,"Mesa, AZ",39034
25015822601,"Huntington, MA",39033
6083002210,"Santa Maria, CA",39033
49045131002,"Tooele, UT",39033
6059075100,"Washington Square, Santa Ana, CA",39033
5007021409,"Rogers, AR",39032
18091042400,"La Porte, IN",39032
40109107807,"Del City, OK",39032
26125144400,"Waterford Township, MI",39032
6073014902,"La Mesa, CA",39032
45023020602,"Chester, SC",39031
17125956300,"Forest City, IL",39031
36035971500,"Broadalbin, NY",39030
35001004747,"Paradise Hills Civic, Albuquerque, NM",39030
22033004602,"Zachary, LA",39030
6095250400,"Vallejo, CA",39030
54057010500,"Keyser, WV",39029
42101004201,"South Philadelphia, Philadelphia, PA",39029
6037216100,"Central LA, Los Angeles, CA",39028
2261000300,"Valdez, AK",39028
13223120303,"Dallas, GA",39028
13215001000,"Columbus, GA",39026
18093950600,"Springville, IN",39025
8001009001,"Denver, CO",39024
32003007200,"Las Vegas, NV",39024
39031961800,"West Lafayette, OH",39024
6037102105,"Sun Valley, Los Angeles, CA",39024
36095740400,"Sharon Springs, NY",39024
6075012502,"Tenderloin, San Francisco, CA",39024
42069112500,"Taylor, PA",39024
31047968100,"Cozad, NE",39023
16055000302,"Rathdrum, ID",39022
8059011000,"Morse Park, Lakewood, CO",39022
4019004716,"Catalina, AZ",39022
12086005502,"Little Havana, Miami, FL",39022
47047060403,"Oakland, TN",39022
18089021000,"Hammond, IN",39021
18039001400,"Elkhart, IN",39021
6037273402,"Venice, Los Angeles, CA",39020
24017850300,"Marbury, MD",39020
17031803606,"Palatine, IL",39020
17031580200,"Brighton Park, Chicago, IL",39020
17055040300,"Christopher, IL",39019
54017965000,"New Milton, WV",39019
53077001000,"Yakima, WA",39018
49019000300,"Moab, UT",39018
12017450902,"Inverness, FL",39016
18093950700,"Williams, IN",39016
18109510401,"Monrovia, IN",39016
32003001003,"Las Vegas, NV",39016
6037121221,"Sun Valley, Los Angeles, CA",39016
48113014601,"Irving, TX",39016
21163970402,"Brandenburg, KY",39015
25015820700,"Amherst, MA",39015
45019002801,"West Ashley, Charleston, SC",39015
23011010500,"Mayfair, Augusta, ME",39014
6037576700,"Bluff Park, Long Beach, CA",39014
12031015924,"Southside, Jacksonville, FL",39014
37021002701,"Asheville, NC",39014
9015907300,"Plainfield, CT",39014
41009970400,"Rainier, OR",39013
6037404903,"Baldwin Park, CA",39013
42087960700,"Lewistown, PA",39012
13091960600,"Eastman, GA",39012
17031660500,"South Side, Chicago, IL",39012
37171930700,"Mount Airy, NC",39012
42069110900,"Carbondale, PA",39012
48085031004,"Princeton, TX",39012
44009051202,"Wakefield, South Kingstown, RI",39011
6037271200,"Sawtelle, Los Angeles, CA",39011
26081013801,"Byron Center Park, Wyoming, MI",39011
17031310300,"Lower West Side, Chicago, IL",39010
24510010100,"Canton, Baltimore, MD",39010
55007960400,"Mason, WI",39010
6037404901,"Baldwin Park, CA",39010
42087960900,"Lewistown, PA",39010
41007951300,"Warrenton, OR",39009
53071920701,"Walla Walla, WA",39009
36089492300,"Potsdam, NY",39009
18003002500,"Oakdale, Fort Wayne, IN",39009
41003000500,"Corvallis, OR",39009
48091310604,"Canyon Lake, TX",39008
4005001500,"Mormon Lake, AZ",39007
17031827902,"Lansing, IL",39007
24033800520,"Bowie, MD",39006
10003016604,"Middletown, DE",39006
39087051401,"Proctorville, OH",39006
17121952400,"Centralia, IL",39005
6013366002,"San Pablo, CA",39004
48139061200,"Ennis, TX",39004
12105012203,"Lakeland, FL",39003
42091205700,"Bridgeport, PA",39002
24001002000,"Cresaptown, MD",39002
48201522202,"Northwest Houston, Houston, TX",39002
6055201005,"American Canyon, CA",39002
39061020741,"Cincinnati, OH",39002
48303001803,"Lubbock, TX",39002
48001951100,"Montalba, TX",39002
29099700208,"Fenton, MO",39002
56013000100,"Lander, WY",39001
6059001202,"La Habra, CA",39001
34017015500,"West New York, NJ",39001
48201221700,"Roos Acres, Houston, TX",39000
6037405201,"Baldwin Park, CA",38999
53015001600,"Kalama, WA",38999
42071011400,"Columbia, PA",38999
6111002200,"Ventura, CA",38999
53011040509,"Washougal, WA",38998
26017285201,"Essexville, MI",38998
49011125701,"Clearfield, UT",38998
37063002013,"Parkwood, Durham, NC",38998
54009031600,"Wellsburg, WV",38998
45091060804,"Rock Hill, SC",38996
17031510100,"South Deering, Chicago, IL",38996
28153950400,"Waynesboro, MS",38996
48201321100,"Southbelt/ Ellington, Houston, TX",38995
28121020207,"Jackson, MS",38994
26049012311,"Mount Morris, MI",38994
48161000600,"Teague, TX",38994
17161022800,"Rock Island, IL",38993
31079000300,"Grand Island, NE",38993
12129010202,"Crawfordville, FL",38993
17077011700,"Carbondale, IL",38993
48233950700,"Borger, TX",38992
48139061000,"Italy, TX",38992
18079960600,"North Vernon, IN",38992
31181965100,"Red Cloud, NE",38991
47149040905,"Murfreesboro, TN",38991
25003935100,"Pittsfield, MA",38990
24005420302,"Dundalk, MD",38990
6037602106,"Hawthorne, CA",38990
53077001800,"Grandview, WA",38990
22073000100,"Garden District, Monroe, LA",38989
17045070200,"Brocton, IL",38989
48439105008,"Northbrook, Fort Worth, TX",38987
17201003711,"Rockford, IL",38987
6037462700,"Mid Central, Pasadena, CA",38986
48355003002,"Flour Bluff, Corpus Christi, TX",38986
1089000902,"Huntsville, AL",38985
48201550302,"North Forest, Houston, TX",38985
6019006603,"Reedley, CA",38984
27053000601,"Northeast Minneapolis, Minneapolis, MN",38983
6073012600,"Chula Vista, CA",38983
18081610802,"Franklin, IN",38983
26163552200,"Hamtramck, MI",38982
40011958800,"Watonga, OK",38982
6001406601,"Upper Peralta Creek, Oakland, CA",38982
36019100300,"Altona, NY",38982
6059089003,"Garden Grove, CA",38981
48113014406,"Barton Estates, Irving, TX",38980
12011060605,"Plantation, FL",38978
41029003001,"Gold Hill, OR",38978
37071032502,"Belmont, NC",38977
6065040501,"Glen Avon, Riverside, CA",38976
44007013500,"Edgewood, Cranston, RI",38975
26037010204,"Lansing, MI",38975
1097003710,"Terrace Hills, Mobile, AL",38975
26103001300,"Marquette, MI",38974
42045403104,"Collingdale, PA",38974
41069960100,"Fossil, OR",38973
8077001403,"Grand Junction, CO",38973
55053960200,"Merrillan, WI",38972
5143010401,"Springdale, AR",38971
51007930200,"Amelia Court House, VA",38971
21177960200,"Central City, KY",38971
12086006501,"Coral Way, Miami, FL",38970
42109070500,"McClure, PA",38970
39133601701,"Kent, OH",38970
6071003605,"Bloomington, CA",38969
40139950900,"Guymon, OK",38968
9003511300,"East Hartford, CT",38968
6001406100,"Fruitvale, Oakland, CA",38968
6037197500,"Echo Park, Los Angeles, CA",38968
48121020602,"Denton, TX",38968
36081001800,"Queens County, NY",38967
28091950600,"Foxworth, MS",38967
5007021202,"Siloam Springs, AR",38967
25009205600,"Lynn, MA",38967
27099000600,"Austin, MN",38966
33009961400,"Canaan, NH",38966
36067014600,"Syracuse, NY",38966
41039001001,"Eugene, OR",38966
28005950100,"Smithdale, MS",38965
48499950301,"Quitman, TX",38965
19155030300,"Council Bluffs, IA",38964
39151712000,"North Canton, OH",38964
5007021301,"Siloam Springs, AR",38964
26163554800,"Redford Charter Township, MI",38963
34003023502,"Hackensack, NJ",38963
6065042514,"Moreno Valley, CA",38963
6037132102,"Van Nuys, Los Angeles, CA",38963
17117957000,"Benld, IL",38962
12095016503,"Orlando, FL",38962
24033800413,"Lanham, MD",38962
6079012000,"Grover Beach, CA",38962
5143010402,"Springdale, AR",38962
54035963700,"Ripley, WV",38961
39029951000,"East Rochester, OH",38960
31001965800,"Hastings, NE",38960
12086020000,"Miami, FL",38959
13089022800,"Winnona Park, Decatur, GA",38959
28033070322,"Southaven, MS",38959
4013422633,"Superstition Springs, Mesa, AZ",38959
30089000100,"Plains, MT",38959
13073030504,"Harlem, GA",38958
6097152903,"Santa Rosa, CA",38958
6037404302,"Azusa, CA",38958
42049010700,"Erie, PA",38957
51073100500,"Gloucester County, VA",38956
12083002302,"Ocala, FL",38956
49035112001,"Murray, UT",38956
55067960300,"Antigo, WI",38955
6037128102,"Van Nuys, Los Angeles, CA",38955
47149040302,"Murfreesboro, TN",38955
6065043266,"Temecula, CA",38955
6037533804,"Bell, CA",38954
6037407101,"La Puente, CA",38954
6037186401,"Northeast Los Angeles, Los Angeles, CA",38954
36105951300,"Wurtsboro, NY",38953
6067008141,"Sunrise Oaks, Citrus Heights, CA",38953
34025801700,"Keansburg, NJ",38953
17031816401,"Melrose Park, IL",38952
37167931000,"Albemarle, NC",38952
16017950700,"Oldtown, ID",38951
47037015405,"Hermitage, Nashville, TN",38951
48001950800,"Palestine, TX",38951
39041011561,"Wynstone, Lewis Center, OH",38951
48201322900,"Pasadena Gardens, Pasadena, TX",38951
48113018121,"Garland, TX",38950
24033803700,"Hyattsville, MD",38950
48355005417,"South Side, Corpus Christi, TX",38950
36081027300,"Queens County, NY",38949
6029000906,"Bakersfield Country Club, Bakersfield, CA",38949
41029002200,"Ashland, OR",38949
12011091702,"Hollywood Hills, Hollywood, FL",38948
5091020802,"Texarkana, AR",38948
10005051305,"Selbyville, DE",38947
6065031501,"Ramona, Riverside, CA",38947
36041950500,"Lake Pleasant, NY",38945
22097961200,"Opelousas, LA",38945
12021010508,"Naples, FL",38945
36081055300,"Queens County, NY",38945
48201510900,"Lazybrook/ Timbergrove, Houston, TX",38945
32003005848,"Las Vegas, NV",38943
36043010502,"Mohawk, NY",38943
24027606907,"Laurel, MD",38942
48377950200,"Presidio, TX",38942
45013010400,"Hilton Head Island, SC",38942
47093005301,"Strawberry Plains, TN",38942
24037875901,"Lexington Park, MD",38941
8043978400,"Cañon City, CO",38941
39061020401,"Cleves, OH",38941
39035171205,"Maple Heights, OH",38940
6073019404,"Vista, CA",38940
26163566600,"Wayne, MI",38938
48133950200,"Eastland, TX",38938
48481740100,"East Bernard, TX",38938
23005011201,"Brunswick, Brunswick, ME",38938
48201533902,"Northwest Park, Houston, TX",38937
28027950200,"Clarksdale, MS",38937
17031821200,"Blue Island, IL",38937
39113125000,"Englewood, OH",38937
18097340113,"Wayne, Indianapolis, IN",38935
21141960400,"Russellville, KY",38934
37097061602,"Mooresville, NC",38933
36109002000,"Dryden, NY",38933
19179960800,"Ottumwa, IA",38933
6067008134,"Carmichael, CA",38932
8001009323,"Northglenn, CO",38932
26161410400,"Ypsilanti, MI",38932
20045000604,"Deerfield, Lawrence, KS",38931
12117022104,"Casselberry, FL",38931
26143970400,"Roscommon, MI",38930
42101019100,"Juniata Park/ Feltonville, Philadelphia, PA",38930
48451000801,"San Angelo, TX",38930
2110000100,"Auke Bay, Juneau, AK",38929
1021060600,"Clanton, AL",38929
6083000302,"Oak Park, Santa Barbara, CA",38929
33005971401,"Keene, NH",38928
18083955000,"Bicknell, IN",38928
39077915400,"Wakeman, OH",38928
42101025600,"East Mount Airy, Philadelphia, PA",38927
18085961000,"Syracuse, IN",38927
41067033102,"Forest Grove, OR",38925
51810046224,"Virginia Beach, VA",38925
27007450702,"Bemidji, MN",38924
4007001100,"Globe, AZ",38924
10003016901,"Smyrna, DE",38924
6073008003,"Pacific Beach, San Diego, CA",38923
12057013704,"Riverview, FL",38923
5075470300,"Lynn, AR",38923
17197882602,"St. Pat's, Joliet, IL",38922
53009001300,"Port Angeles, WA",38922
17031630800,"South Side, Chicago, IL",38922
6071009118,"Victorville, CA",38922
39091004000,"Huntsville, OH",38921
41043030401,"Sweet Home, OR",38921
24005408507,"Cockeysville, MD",38921
45091061802,"Clover, SC",38921
39139002400,"Ontario, OH",38921
39049009384,"Elmbrook Village, Reynoldsburg, OH",38920
6037197420,"Echo Park, Los Angeles, CA",38920
6059074108,"Centennial Park, Santa Ana, CA",38920
26099241600,"Clinton Township, MI",38919
48311950100,"Tilden, TX",38918
24029950300,"Chestertown, MD",38918
49035113509,"West Valley City, UT",38918
40109106910,"Central Oklahoma City, Bethany, OK",38918
48215020721,"Ponderosa, McAllen, TX",38918
13067030227,"Kennesaw, GA",38917
6037272201,"Mar Vista, Los Angeles, CA",38917
20077961600,"Harper, KS",38916
1073011001,"Leeds, AL",38915
29183310501,"Saint Charles, MO",38915
39037510100,"Union City, OH",38915
1097005400,"Saraland, AL",38914
25017311200,"Highlands, Lowell, MA",38914
40153953400,"Woodward, OK",38913
37067003308,"Kernersville, NC",38913
6077003215,"Bear Creek, Stockton, CA",38913
18053010700,"Upland, IN",38913
21161960500,"Mayslick, KY",38912
40109107212,"South Oklahoma City, Oklahoma City, OK",38911
48061011301,"Harlingen, TX",38910
12086009022,"Miami, FL",38910
17033880500,"Palestine, IL",38910
40115574800,"Fairland, OK",38909
6037291210,"Harbor, Gardena, CA",38909
32031002802,"Sparks, NV",38909
49053271400,"St. George, UT",38908
48325000101,"Castroville, TX",38906
18095010100,"Summitville, IN",38905
6037910101,"Palmdale, CA",38905
17031210700,"Avondale, Chicago, IL",38905
40105172100,"South Coffeyville, OK",38905
26121003200,"Wolf Lake, Muskegon, MI",38904
21073070701,"Jett, Frankfort, KY",38904
6065040901,"La Sierra, Riverside, CA",38904
39077916500,"Norwalk, OH",38903
35043010718,"Rio Rancho, NM",38902
48141010312,"Indian Ridge South, El Paso, TX",38902
6101050504,"Yuba City, CA",38902
29077001301,"Springfield, MO",38901
12101031706,"Fairway Springs, New Port Richey, FL",38901
6001435500,"North Hayward, Hayward, CA",38901
6037122122,"Sun Valley, Los Angeles, CA",38900
42103950201,"Hawley, PA",38900
51093280400,"Carrsville, VA",38900
36047101400,"Kings County, NY",38899
20035493300,"Winfield, KS",38899
17031010503,"Rogers Park, Chicago, IL",38899
51015070600,"Teaverton, Fishersville, VA",38898
26091061800,"Hudson, MI",38898
26151971100,"Brown City, MI",38897
55085970400,"Rhinelander, WI",38897
49039972500,"Manti, UT",38896
39143961900,"Fremont, OH",38896
32003003254,"Summerlin, Las Vegas, NV",38896
39167021700,"Vincent, OH",38896
6029006301,"Arvin, CA",38896
6037224420,"South Los Angeles, Los Angeles, CA",38896
42101004002,"Lower Moyamensing, Philadelphia, PA",38896
6059075202,"Artesia Pilar, Santa Ana, CA",38896
6037190301,"Central LA, Los Angeles, CA",38895
36075020600,"Bernhards Bay, NY",38895
20157978100,"Cuba, KS",38895
12099006009,"Leisureville, Boynton Beach, FL",38894
12086018200,"Miami, FL",38894
6059087803,"Stanton, CA",38893
36067000300,"Northside, Syracuse, NY",38893
24005450400,"Essex, MD",38893
36061003601,"Bowery, New York, NY",38893
26093725100,"Howell, MI",38893
42005951100,"Kittanning, PA",38892
39005971000,"Perrysville, OH",38892
4013092717,"Glendale, AZ",38891
12057010204,"Temple Terrace, FL",38891
22045030400,"New Iberia, LA",38890
28067950200,"Laurel, MS",38890
18097381204,"Perry Township, Indianapolis, IN",38890
37179021005,"Monroe, NC",38890
6077005129,"Lathrop, CA",38889
22021000100,"Columbia, LA",38888
21073070800,"Frankfort, KY",38888
41051009603,"North Gresham, Portland, OR",38888
51810046015,"Virginia Beach, VA",38888
36017971000,"Greene, NY",38888
8031004304,"East, Denver, CO",38887
26125145100,"Waterford Township, MI",38887
26041970400,"Gladstone, MI",38887
27137011200,"Brookston, MN",38886
6037122121,"Sun Valley, Los Angeles, CA",38886
6071010019,"Hesperia, CA",38886
12061050505,"Vero Beach, FL",38886
17031030500,"Magnolia Glen, Chicago, IL",38884
36101960400,"Wayland, NY",38884
4019004331,"Green Valley, AZ",38884
12069030302,"Leesburg, FL",38884
6037535604,"South Gate, CA",38883
6037127806,"Van Nuys, Los Angeles, CA",38883
51079030102,"Stanardsville, VA",38882
48355002102,"Bay Area, Corpus Christi, TX",38882
53063013201,"Otis Orchards, Otis Orchards-East Farms, WA",38882
12057010702,"Tampa, FL",38882
1083020401,"Athens, AL",38882
6083000200,"Hitchcock, Santa Barbara, CA",38881
20155001100,"Hutchinson, KS",38881
6037402001,"Claremont, CA",38881
39029950100,"New Waterford, OH",38880
39089753100,"Heath, OH",38880
42057960200,"Harrisonville, PA",38880
48363000600,"Mineral Wells, TX",38880
8101002903,"Ridge, Pueblo, CO",38880
6037113421,"Canoga Park, Los Angeles, CA",38879
6099000302,"Riverbank, CA",38879
37057060500,"Thomasville, NC",38878
18003010813,"Fort Wayne, IN",38878
18105001502,"Bloomington, IN",38878
28045030500,"Diamondhead, MS",38878
24033806712,"Greenbelt, MD",38877
49003960702,"Brigham City, UT",38877
38017000600,"Madison-Unicorn Park, Fargo, ND",38876
12071020400,"North Fort Myers, FL",38875
48277000402,"Reno, TX",38875
6037532001,"South Montebello, Montebello, CA",38874
42073011500,"Ellwood City, PA",38873
18079960301,"Scipio, IN",38873
6037143200,"West Toluca Lake, Los Angeles, CA",38872
6071010412,"Yucca Valley, CA",38872
36061025500,"Upper Manhattan, New York, NY",38872
17057953700,"Canton, IL",38871
54039010701,"Cross Lanes, WV",38871
26091060600,"Adrian, MI",38871
12001001000,"University Park, Gainesville, FL",38871
1003010300,"Bay Minette, AL",38870
6037273600,"Venice, Los Angeles, CA",38869
6037203500,"Boyle Heights, Los Angeles, CA",38869
28081950601,"Tupelo, MS",38869
48339694102,"Willis, TX",38869
12057012403,"Plant City, FL",38869
16017950800,"Cocolalla, ID",38868
42083420400,"Bradford, PA",38868
49035114700,"Rose Park, Salt Lake City, UT",38867
42079214200,"Nanticoke, PA",38867
48439100601,"Lakeside, TX",38866
41039002904,"Eugene, OR",38866
42079211102,"Pittston, PA",38865
1079979500,"Hillsboro, AL",38864
13247060202,"Conyers, GA",38864
6099000503,"Modesto, CA",38864
39059978000,"Cumberland, OH",38863
42039111800,"Meadville, PA",38863
8065961900,"Leadville, CO",38863
21059001501,"Maceo, KY",38863
39043040500,"Huron, OH",38862
17031840400,"McKinley Park, Chicago, IL",38862
49007000600,"Price, UT",38861
47065003100,"Chattanooga, TN",38861
13169030103,"Gray, GA",38860
51550021401,"Deep Creek North, Chesapeake, VA",38860
37081013700,"High Point, NC",38859
53033011101,"Rainier Valley, Seattle, WA",38859
48201222502,"Swea Gardens, Houston, TX",38858
31109003002,"Belmont, Lincoln, NE",38857
36117021200,"Newark, NY",38856
12011080101,"Dania Beach, FL",38856
39099811100,"Lowellville, OH",38856
48201310700,"Greater East End, Houston, TX",38855
42043022606,"Harrisburg, PA",38855
33001965700,"Center Barnstead, Barnstead, NH",38854
6037197410,"Echo Park, Los Angeles, CA",38853
6037576402,"Eastside, Long Beach, CA",38853
25015822700,"Worthington, MA",38850
18019050305,"Jeffersonville, IN",38850
22051027809,"Marrero, LA",38850
17031580600,"Brighton Park, Chicago, IL",38849
36091061401,"Ballston Spa, NY",38849
4007001000,"Globe, AZ",38848
54099020500,"Wayne, WV",38847
10003016200,"New Castle, DE",38847
6037302401,"Tropico, Glendale, CA",38847
54051021100,"Moundsville, WV",38847
6037119341,"Panorama City, Los Angeles, CA",38847
6029004701,"McFarland, CA",38847
6037910713,"Palmdale, CA",38847
41005021802,"Portland, OR",38846
30081000100,"Florence, MT",38845
45091061708,"Lake Wylie, SC",38845
17031060100,"Lake View, Chicago, IL",38845
8041000900,"East Colorado Springs, Colorado Springs, CO",38844
13185010202,"Hahira, GA",38844
31017975000,"Ainsworth, NE",38844
12087970700,"Tavernier, FL",38843
1125010302,"Coker, AL",38843
54079020300,"Winfield, WV",38842
6067007015,"North Sacramento, Sacramento, CA",38841
12109021405,"Saint Augustine Beach, FL",38841
6079011701,"Pismo Beach, CA",38841
29145020200,"Neosho, MO",38841
27061940000,"Deer River, MN",38840
34025802600,"Monmouth County, NJ",38839
18085962500,"Claypool, IN",38839
53061041000,"South Forest Park, Everett, WA",38839
55059000100,"Kenosha, WI",38839
13097080604,"Douglasville, GA",38839
40145030406,"Broken Arrow, OK",38838
37119006405,"Cornelius, NC",38838
48139060500,"Waxahachie, TX",38838
6111002600,"Ventura, CA",38838
18097310106,"Westchester Estates, Indianapolis, IN",38837
53053061500,"Stadium District, Tacoma, WA",38837
21111011707,"Highview, Louisville, KY",38836
1097006000,"Citronelle, AL",38836
6037119201,"Arleta, Los Angeles, CA",38836
6059099402,"Oak View, Huntington Beach, CA",38836
16027021600,"Caldwell, ID",38836
36061015200,"Upper East Side, New York, NY",38835
16001010332,"Meridian, ID",38834
47073050601,"Church Hill, TN",38834
55009000303,"Green Bay, WI",38834
2020002813,"Anchorage, AK",38833
13067031106,"Austell, GA",38833
6037219500,"South Los Angeles, Los Angeles, CA",38832
48375014401,"Amarillo, TX",38831
4019000600,"Sam Hughes, Tucson, AZ",38831
40013795900,"Hendrix, OK",38831
1003010100,"Bay Minette, AL",38831
39083007500,"Mount Vernon, OH",38831
21027960502,"Leitchfield, KY",38829
12033003610,"North Northwest Pensacola, Pensacola, FL",38829
36055007600,"Culver-Winton-Main, Rochester, NY",38829
35009000900,"Cannon Air Force Base, NM",38829
50001961000,"Salisbury, VT",38829
47037010201,"Nashville, TN",38828
6073002904,"College East, San Diego, CA",38828
4013040522,"Sun City West, AZ",38827
41035970500,"Bonanza, OR",38826
12057011415,"Tampa, FL",38826
22089062700,"Hahnville, LA",38826
39155931100,"Cortland, OH",38824
48141004316,"Marty Robbins South, El Paso, TX",38824
6037408501,"Hacienda Heights, CA",38824
6111004305,"Port Hueneme, CA",38824
36029010400,"Buffalo, NY",38823
37021001600,"Asheville, NC",38823
23005003500,"Willard, South Portland, ME",38822
39063000100,"Fostoria, OH",38821
38071957600,"Devils Lake, ND",38820
12099007736,"Boca Raton, FL",38820
54019020800,"Gauley Bridge, WV",38820
8029964800,"Delta, CO",38817
25025051200,"Jeffries Point, Boston, MA",38817
37183053609,"Morrisville, NC",38816
41067032902,"Cornelius, OR",38816
17031310200,"East Pilsen, Chicago, IL",38816
18025951900,"Marengo, IN",38816
45079010309,"Irmo, SC",38815
56013940202,"Arapahoe, WY",38814
6043000301,"Mariposa, CA",38814
33003955300,"North Conway, Conway, NH",38814
49053271100,"St. George, UT",38814
6073010107,"Palm City, San Diego, CA",38814
30073977200,"Valier, MT",38813
6065040403,"Mira Loma, Riverside, CA",38813
49049001702,"Foot Hills, Provo, UT",38813
23011018000,"Vassalboro, ME",38813
55063001102,"La Crosse, WI",38812
13215010106,"Columbus, GA",38812
6037553400,"Downey, CA",38811
29013070400,"Butler, MO",38811
35001003803,"Sandia Knolls, Sandia Park, NM",38809
44007017800,"Woonsocket, RI",38808
40109107705,"Midwest City, OK",38807
30049000400,"Helena, MT",38807
29047020602,"Kansas City, MO",38807
12021010105,"Naples, FL",38806
22099020502,"Breaux Bridge, LA",38806
6037553901,"Paramount, CA",38805
26025002000,"Battle Creek, MI",38805
48427950104,"Rio Grande City, TX",38804
6037534804,"Huntington Park, CA",38803
8031004700,"Southwest, Denver, CO",38803
21115960100,"Paintsville, KY",38803
6037405800,"Covina, CA",38802
44007014700,"Cranston, RI",38802
37159050903,"Salisbury, NC",38802
48201332700,"Golfcrest, Houston, TX",38802
19013002000,"Evansdale, IA",38802
4013723304,"Estrella Dells, Buckeye, AZ",38802
17031210800,"Avondale, Chicago, IL",38800
48439111550,"Southeast Arlington, Arlington, TX",38800
29041470200,"Brunswick, MO",38800
55077960100,"Westfield, WI",38800
1073012302,"Mulga, AL",38800
9009171400,"Meriden, CT",38800
48215022003,"Alamo, TX",38800
36065021702,"Utica, NY",38798
48201221400,"North Houston, Houston, TX",38798
12069030208,"Eustis, FL",38797
39095005801,"Whitmer-Trilby, Toledo, OH",38796
30049000200,"Helena, MT",38796
4013216810,"Central Scottsdale, Scottsdale, AZ",38795
17031230800,"Humboldt Park, Chicago, IL",38795
32003005352,"Henderson, NV",38795
48029131606,"Northeast Side, Converse, TX",38795
8059011732,"Union Square, Lakewood, CO",38795
15003010801,"Mokapu, Kailua, HI",38794
26021010200,"Coloma, MI",38794
25003912100,"Dalton, MA",38794
31015975800,"Spencer, NE",38794
21141960200,"Lewisburg, KY",38794
12011040300,"Knoll Ridge, Fort Lauderdale, FL",38793
26011970400,"Au Gres, MI",38793
51041100923,"Richmond, VA",38793
18105000800,"Bloomington, IN",38793
37119005605,"College Downs, Charlotte, NC",38792
6077003217,"Stockton, CA",38792
29077003900,"Springfield, MO",38792
20173007201,"Wichita, KS",38791
48453001824,"North Austin, Austin, TX",38791
37021000500,"Grove Park- Sunset, Asheville, NC",38789
48427950203,"Roma, TX",38789
36047010200,"Kings County, NY",38789
48113016514,"Cedar Hill, TX",38789
6073001500,"North Park, San Diego, CA",38788
21065920100,"Ravenna, KY",38787
6059088403,"Anaheim Resort, Garden Grove, CA",38787
32003002829,"Silverado Ranch, Las Vegas, NV",38786
6089012302,"Anderson, CA",38786
29097012100,"Carthage, MO",38786
29043020500,"Ozark, MO",38786
37183054104,"Cardinal Grove, Raleigh, NC",38786
5019953602,"Arkadelphia, AR",38786
13135050436,"Lawrenceville, GA",38785
36089490800,"Potsdam, NY",38785
23001041000,"Poland, ME",38785
39143960800,"Fremont, OH",38785
15003009000,"Wahiawa, HI",38784
17057953900,"Astoria, IL",38784
13045910400,"Bowdon, GA",38784
12086019800,"Miami, FL",38783
48029161400,"Southside, San Antonio, TX",38783
48439113220,"North Richland Hills, TX",38782
48215024203,"Mission, TX",38782
40109107206,"South Oklahoma City, Oklahoma City, OK",38781
6037134905,"Woodland Hills, Los Angeles, CA",38781
51017920100,"Millboro, VA",38780
37021002603,"Leicester, NC",38779
12071020202,"North Fort Myers, FL",38778
6067003502,"Mangan Park, Sacramento, CA",38778
26125168900,"Farmington Hills, MI",38778
32003003244,"Firethorne, Las Vegas, NV",38778
28121020102,"Brandon, MS",38778
42071001200,"Lancaster, PA",38778
30063000902,"Missoula, MT",38778
53033011800,"Rainier Valley, Seattle, WA",38777
42079201600,"Wilkes-Barre, PA",38777
17031050100,"North Center, Chicago, IL",38776
6019001600,"Fowler, CA",38776
37137950101,"New Bern, NC",38776
6073003211,"Paradise Hills, San Diego, CA",38776
12086010612,"Cutler Bay, FL",38775
24033803527,"Upper Marlboro, MD",38775
6065031402,"Ramona, Riverside, CA",38775
41023960200,"John Day, OR",38775
6111004200,"Port Hueneme, CA",38774
37081015401,"McLeansville, NC",38774
49057200500,"Ogden, UT",38773
37197050400,"Hamptonville, NC",38772
36031960800,"Willsboro, NY",38771
6033001000,"Kelseyville, CA",38770
6093000701,"Yreka, CA",38769
36005000200,"Bronx County, NY",38769
29013070300,"Butler, MO",38769
6039000506,"Madera, CA",38769
5143010302,"Springdale, AR",38768
48201421101,"Southwest Houston, Houston, TX",38768
26037010104,"Lansing, MI",38768
37171930301,"Mount Airy, NC",38767
47001020901,"Andersonville, TN",38767
48215021403,"Pharr, TX",38767
6073011902,"National City, CA",38767
34017003100,"Bergen/Lafayette, Jersey City, NJ",38767
6037544002,"Long Beach, CA",38766
40083600600,"Guthrie, OK",38766
45063020904,"Pelion, SC",38766
12057010810,"Tampa, FL",38765
12099000202,"Eastview Manor, Jupiter, FL",38765
22119031200,"Sarepta, LA",38765
4013111800,"Encanto Village, Phoenix, AZ",38765
51155210500,"Hiwassee, VA",38764
35001004752,"Eagle Ranch, Albuquerque, NM",38764
12086000805,"Hialeah, FL",38764
6009000121,"Angels Camp, CA",38763
6065031601,"Arlington, Riverside, CA",38762
12105014702,"Winter Haven, FL",38761
12057013317,"Riverview, FL",38761
37183054404,"Wendell, NC",38761
12117021707,"Altamonte Springs, FL",38759
48141003404,"Cielo Vista East, El Paso, TX",38759
22029000400,"Vidalia, LA",38759
24037875801,"Patuxent River, MD",38759
19111490700,"Keokuk, IA",38758
51087200126,"Henrico, VA",38758
12105013001,"Auburndale, FL",38758
6065043505,"Hemet, CA",38758
6075022902,"Mission District, San Francisco, CA",38757
12083002100,"Ocala, FL",38757
42003261200,"Summer Hill, Pittsburgh, PA",38757
6013313206,"Pittsburg, CA",38757
34023005000,"Perth Amboy, NJ",38756
6037433504,"El Monte City, El Monte, CA",38756
45083022404,"Inman, SC",38755
26125144701,"Waterford Township, MI",38755
51185021100,"Tazewell County, VA",38754
41057960200,"Rockaway Beach, OR",38754
18153050300,"Sullivan, IN",38754
6075022903,"Mission District, San Francisco, CA",38753
6037206010,"Central LA, Los Angeles, CA",38752
6087110502,"Watsonville, CA",38752
12071020101,"Jacarandas, North Fort Myers, FL",38751
26015010401,"Delton, MI",38751
48215020302,"Mission, TX",38750
22007050100,"Belle Rose, LA",38749
39109300100,"Piqua, OH",38748
37067003312,"Kernersville, NC",38748
8013012905,"Lafayette, CO",38748
26163589300,"Belleville, MI",38747
26101000400,"Manistee, MI",38747
51650011500,"Wythe, Hampton, VA",38746
30053000500,"Troy, MT",38746
6037123104,"North Hollywood, Los Angeles, CA",38746
40099790800,"Sulphur, OK",38745
48157671100,"Stafford, TX",38745
53033027100,"Highline, Seattle, WA",38744
51087200303,"Richmond, VA",38744
29091090800,"West Plains, MO",38744
48293970800,"Thornton, TX",38743
6073001900,"Mid-City, San Diego, CA",38741
27137012200,"Hibbing, MN",38741
22055001903,"Duson, LA",38740
6037535702,"South Gate, CA",38740
8101003106,"Pueblo, CO",38740
24003730204,"Glen Burnie, MD",38740
6019004211,"Fresno, CA",38740
24013510000,"Keymar, MD",38740
27061480100,"Bigfork, MN",38739
13145120300,"Harris County, GA",38739
54029021100,"New Cumberland, WV",38738
18141011503,"Mishawaka, IN",38736
1089010301,"Hazel Green, AL",38736
41047001502,"Keizer, OR",38736
32003002905,"Canyon Gate, Las Vegas, NV",38736
34017016700,"Union City, NJ",38736
13245010106,"National Hills, Augusta, GA",38735
34025807800,"Neptune City, NJ",38735
48213950500,"Eustace, TX",38735
26025003100,"Homer, MI",38734
5007021404,"Garfield, AR",38734
29047020201,"Crestview, Kansas City, MO",38734
15003008914,"Waipahu, HI",38734
4019004718,"Skyline Bel Air Estates, Tucson, AZ",38734
18073101200,"Rensselaer, IN",38734
24031700704,"Gaithersburg, MD",38733
21067003503,"Lexington, KY",38733
6085501402,"Central San Jose, San Jose, CA",38733
49025130200,"Kanab, UT",38733
1071950200,"Bridgeport, AL",38732
5069000302,"White Hall, AR",38732
48157671200,"Parkway Trails, Missouri City, TX",38732
39049009374,"South Columbus, Reynoldsburg, OH",38732
26099222101,"New Baltimore, MI",38732
41005023902,"Molalla, OR",38732
9009170800,"Meriden, CT",38732
1021060102,"Clanton, AL",38732
40037021202,"Sapulpa, OK",38731
48499950700,"Mineola, TX",38731
39049006924,"Woodward Park, Columbus, OH",38731
12099005300,"Lake Worth, FL",38731
19195690200,"Joice, IA",38731
6077003801,"Weston Ranch, Stockton, CA",38730
48167725400,"Galveston, TX",38729
23007971200,"Farmington, Farmington, ME",38729
4027011115,"Foothills, Yuma, AZ",38728
53033025803,"Renton, WA",38728
47001020202,"Oak Ridge, TN",38728
30049000800,"Helena, MT",38726
6065042508,"Moreno Valley, CA",38726
40027202007,"Southeast Oklahoma City, Oklahoma City, OK",38726
50011010300,"Richford, VT",38725
48201250301,"Humble, TX",38725
25015821901,"Northampton, MA",38725
39117965500,"Marengo, OH",38725
26065003302,"Lansing, MI",38724
1097007101,"Westfield, Theodore, AL",38724
48201522301,"Northwest Houston, Houston, TX",38724
6037531902,"South Montebello, East Los Angeles, CA",38724
42121200100,"Cooperstown, PA",38723
6067005101,"Scottsdale East, Sacramento, CA",38723
6037601301,"Inglewood, CA",38723
6067009103,"Millrose, Sacramento, CA",38722
17137951400,"Meredosia, IL",38722
24005420402,"Dundalk, MD",38721
18141011302,"South Bend, IN",38721
6111000701,"Santa Paula, CA",38721
40027202600,"Lexington, OK",38720
17031836200,"Hyde Park, Chicago, IL",38720
12086008805,"Miami, FL",38719
42089301001,"East Stroudsburg, PA",38719
13139000304,"Gainesville, GA",38719
53009001400,"Port Angeles, WA",38719
32003002826,"Las Vegas, NV",38718
22051020508,"Kenner, LA",38718
6037535902,"South Gate, CA",38718
29061470200,"Gallatin, MO",38718
5059020500,"Malvern, AR",38717
36081035700,"Queens County, NY",38717
51143011002,"Dry Fork, VA",38716
17141961100,"Rochelle, IL",38716
53063012000,"Spokane Valley, WA",38715
40121485700,"Quinton, OK",38715
22103041204,"Lacombe, LA",38714
18039001502,"Elkhart, IN",38714
40143007408,"Broken Arrow, OK",38713
53033026400,"Highline, Seattle, WA",38713
48113015000,"Irving, TX",38713
29163460400,"Bowling Green, MO",38713
29017950100,"Patton, MO",38713
37035011601,"Maiden, NC",38713
54039013300,"Saint Albans, WV",38713
12103027317,"Lake St. George, Palm Harbor, FL",38713
6037573402,"Signal Hill, CA",38713
39133600703,"Ravenna, OH",38712
27035950700,"Crosby, MN",38712
6073019101,"Valley Center, CA",38711
37001021207,"Mebane, NC",38711
36007013301,"Endicott, NY",38710
48035950200,"Meridian, TX",38710
53059950400,"Cook, WA",38710
22009030900,"Simmesport, LA",38709
53007961100,"Wenatchee, WA",38709
5021950200,"Corning, AR",38709
48453001915,"East Oak Hill, Austin, TX",38708
36071000200,"Newburgh, NY",38708
6089011403,"Enterprise, Redding, CA",38708
6037119310,"Panorama City, Los Angeles, CA",38708
12073002512,"Tallahassee, FL",38708
48107950200,"Ralls, TX",38707
6073016302,"El Cajon, CA",38706
12086009030,"Miami, FL",38704
42061951000,"Shirleysburg, PA",38704
42091203700,"Norristown, PA",38704
40143007503,"Broken Arrow, OK",38703
26115831700,"Monroe, MI",38703
6071002304,"California Landings, Fontana, CA",38703
17031816600,"Stone Park, IL",38702
35001004745,"Stonebridge Pointe, Albuquerque, NM",38701
36063020100,"Niagara Falls, NY",38700
18141000302,"Council Oak, South Bend, IN",38700
21083020400,"Mayfield, KY",38700
51620090100,"Franklin, VA",38700
17031660400,"Chicago Lawn, Chicago, IL",38699
51550020806,"Greenbrier East, Chesapeake, VA",38699
37179021014,"Waxhaw, NC",38698
29083950200,"Clinton, MO",38698
6097153103,"Southwest Santa Rosa, Santa Rosa, CA",38697
25017311900,"Back Central, Lowell, MA",38696
12031014331,"Arlington, Jacksonville Beach, FL",38696
17031560100,"South Side, Chicago, IL",38696
39133601901,"Atwater, OH",38696
17031062200,"Lake View, Chicago, IL",38695
6067000800,"Central Sacramento, Sacramento, CA",38695
6037209402,"Central LA, Los Angeles, CA",38695
47163041000,"Kingsport, TN",38694
53053072112,"Tacoma, WA",38694
54003972102,"Inwood, WV",38693
55113100800,"Winter, WI",38692
17031812600,"Oak Park, IL",38692
6071009709,"Apple Valley, CA",38692
21009950500,"Glasgow, KY",38691
53039950200,"Lyle, WA",38691
18065975700,"New Castle, IN",38691
26049010112,"Clio, MI",38691
12011010103,"Deerfield Beach, FL",38690
42003401200,"Natrona, Natrona Heights, PA",38690
39107967600,"Celina, OH",38689
18173030400,"Chandler, IN",38689
5143011102,"Fayetteville, AR",38689
18079960200,"North Vernon, IN",38688
42085032601,"Mercer, PA",38688
6037532400,"Vernon, CA",38688
28047003303,"Biloxi, MS",38687
50017959800,"Orange County, VT",38687
13089021805,"Tucker, GA",38686
26007000900,"Alpena, MI",38686
9001021700,"Downtown, Stamford, CT",38685
51650010304,"Hampton Roads Center, Hampton, VA",38684
30111000706,"Heights, Billings, MT",38684
29059480300,"Elkland, MO",38683
36043010701,"Little Falls, NY",38682
6037900505,"Lancaster, CA",38682
16001010402,"Southwest Ada County Alliance, Boise, ID",38682
53033001100,"Lake City, Seattle, WA",38682
18167010600,"Terre Haute, IN",38681
12091020800,"Shalimar, FL",38680
12086014800,"Miami, FL",38680
6037203720,"Boyle Heights, Los Angeles, CA",38680
6053011101,"Soledad, CA",38679
6099000908,"Modesto, CA",38677
23019024500,"Burlington, ME",38676
51710006605,"Camellia Shores, Norfolk, VA",38675
53053063502,"South End, Tacoma, WA",38675
54097966600,"Buckhannon, WV",38675
47059090700,"Mosheim, TN",38674
19099040400,"Newton, IA",38674
40037020704,"Jennings, OK",38674
46093020500,"New Underwood, SD",38674
4019004326,"Los Arroyos, Green Valley, AZ",38673
29143960500,"Gideon, MO",38673
13223120301,"Dallas, GA",38671
21005950100,"Lawrenceburg, KY",38671
41017001001,"Redmond, OR",38671
42087961100,"Lewistown, PA",38670
36067010100,"Cicero, NY",38670
21069920200,"Flemingsburg, KY",38670
34005701402,"Columbus, Mansfield, NJ",38670
12071010307,"Hancock, Cape Coral, FL",38669
37161960400,"Rutherfordton, NC",38669
12103022601,"Disston Heights, Saint Petersburg, FL",38667
47187050502,"Franklin, TN",38666
47009010200,"Alcoa, TN",38665
47065010903,"Mountain Creek, Chattanooga, TN",38665
18003004103,"Canterbury Greens, Fort Wayne, IN",38665
13021013605,"Macon, GA",38664
45007011500,"Honea Path, SC",38663
6001423100,"Poets Corner, Berkeley, CA",38663
55115100400,"Shawano, WI",38662
6109005201,"Jamestown, CA",38660
37101040100,"Kenly, NC",38659
48141010323,"Stanton Heights, El Paso, TX",38659
41053020202,"Dallas, OR",38657
50017959600,"Fairlee, VT",38657
48201452500,"Southwest Houston, Houston, TX",38655
48021950300,"Cedar Creek, TX",38655
6071010416,"Twentynine Palms, CA",38655
48367140410,"Springtown, TX",38651
24005402603,"Randallstown, MD",38649
42081011900,"Jersey Shore, PA",38649
6037122200,"Sun Valley, Los Angeles, CA",38649
36005020400,"Bronx County, NY",38649
41047001601,"Northgate, Salem, OR",38648
6037207900,"Central LA, Los Angeles, CA",38648
28033070521,"Greenbrook, Southaven, MS",38647
36063020300,"Niagara Falls, NY",38647
12057011606,"Town N Country Alliance, Tampa, FL",38646
47037010601,"Madison, Nashville, TN",38645
6071010411,"Yucca Valley, CA",38645
37105030701,"Sanford, NC",38645
40047000200,"Enid, OK",38644
15009030707,"Kihei, HI",38644
37137950201,"Oriental, NC",38643
48113019034,"Lake Highlands, Dallas, TX",38643
41051000702,"Southeast Portland, Portland, OR",38643
4017961700,"Show Low, AZ",38642
13139000102,"Gainesville, GA",38642
25025160501,"Chelsea, MA",38642
51800075602,"Suffolk, VA",38642
12133970102,"Chipley, FL",38642
47133950400,"Hilham, TN",38642
48277000300,"Blossom, TX",38641
1101005410,"Montgomery, AL",38641
48355002304,"South Side, Corpus Christi, TX",38640
37037020200,"Siler City, NC",38640
36075020500,"Parish, NY",38640
6067004801,"Southeastern Sacramento, Sacramento, CA",38639
36009961500,"Olean, NY",38638
5143010507,"Fayetteville, AR",38638
42127961400,"Gouldsboro, PA",38637
1027959100,"Ashland, AL",38637
4003001702,"Sierra Vista, AZ",38637
29043020302,"Ozark, MO",38637
42049002700,"Erie, PA",38637
51041100817,"Chesterfield, VA",38637
48293970200,"Mexia, TX",38636
25011040100,"Heath, MA",38636
4012020202,"Parker, AZ",38636
5007020201,"Rogers, AR",38636
54099020300,"Kenova, WV",38636
32031002801,"Sparks, NV",38635
41053020302,"Independence, OR",38635
18141010300,"Mishawaka, IN",38635
45083023002,"Wellford, SC",38634
24031702000,"New Hampshire Estates, Silver Spring, MD",38634
26163565100,"Westland, MI",38633
26067031600,"Ionia, MI",38633
13015960901,"Cartersville, GA",38633
37135011203,"Chapel Hill, NC",38633
6073009400,"Miramar, San Diego, CA",38632
36021001400,"Hudson, NY",38632
12099007744,"Brentwood of Boca, Boca Raton, FL",38632
19133960400,"Soldier, IA",38631
39035177101,"Parma, OH",38631
36081015801,"Queens County, NY",38631
29095011200,"Independence, MO",38631
6037500700,"El Rancho, Pico Rivera, CA",38631
39113100101,"Huber Heights, OH",38631
28049010700,"Raymond, MS",38631
18141011303,"South Bend, IN",38631
42083420100,"Bradford, PA",38631
26157000400,"Cass City, MI",38630
37157041602,"Reidsville, NC",38630
12011070210,"Davie, FL",38630
4021001404,"Casa Grande, AZ",38629
6075016600,"Haight-Ashbury, San Francisco, CA",38629
17097861201,"Round Lake Beach, IL",38629
51041100934,"Midlothian, VA",38629
37101040901,"Clayton, NC",38629
42107000900,"Ashland, PA",38628
34017007700,"Newport, Jersey City, NJ",38627
42049002300,"Erie, PA",38627
6037192510,"Central LA, Los Angeles, CA",38627
1089011014,"Madison, AL",38627
21019031002,"Ashland, KY",38627
48183010200,"Gladewater, TX",38625
37183052707,"Northeast Raleigh, Raleigh, NC",38625
36101960300,"Cohocton, NY",38625
53067011300,"Lacey, WA",38625
47179061401,"Gray, TN",38624
48029181725,"Far West Side, San Antonio, TX",38623
27147960400,"Owatonna, MN",38623
37119001917,"Becton Park, Charlotte, NC",38622
12097042900,"Kissimmee, FL",38622
48473680200,"Pattison, TX",38621
41039000403,"Junction City, OR",38621
26089970300,"Lake Leelanau, MI",38621
39113002700,"Hearthstone, Dayton, OH",38620
48085030802,"McKinney, TX",38620
12103024801,"Saint Petersburg, FL",38620
6077005109,"Manteca, CA",38620
12021010510,"South Naples, Naples, FL",38620
18003000800,"North Highlands, Fort Wayne, IN",38619
55105000600,"Janesville, WI",38619
54039011000,"Charleston, WV",38619
12057012210,"Crosby Crossings East, Valrico, FL",38619
21047201000,"Crofton, KY",38618
51153900701,"Woodbridge, VA",38618
4019004623,"Star Trails Estates, Tucson, AZ",38618
34039030702,"Elizabeth, NJ",38618
6075015500,"Japantown, San Francisco, CA",38617
39049007202,"Gould Park, Columbus, OH",38617
21089040300,"Raceland, KY",38616
36101960600,"Hornell, NY",38616
9015800700,"Willimantic, Windham, CT",38616
37171930901,"Elkin, NC",38616
29099700206,"High Ridge, MO",38615
36085032300,"Richmond County, NY",38614
36007011901,"Whitney Point, NY",38614
18169102200,"North Manchester, IN",38613
29019001902,"Hallsville, MO",38612
39049008370,"Southwest Columbus, Grove City, OH",38612
8083969600,"Cortez, CO",38610
39125960400,"Paulding, OH",38610
39141955900,"Chillicothe, OH",38610
31055007440,"Northwest Omaha, Omaha, NE",38610
53033010100,"Mount Baker, Seattle, WA",38610
45041000101,"Florence, SC",38610
12095013604,"Bryn Mawr, Orlando, FL",38610
23025965900,"Hartland, ME",38610
26075006801,"Jackson County, MI",38610
48113017900,"Casa View Heights, Mesquite, TX",38610
18133956100,"Greencastle, IN",38609
53011041104,"Vancouver, WA",38608
39151713300,"Canton, OH",38608
26163565800,"Westland, MI",38608
37163970200,"Newton Grove, NC",38608
6039000103,"Oakhurst, CA",38607
47065011800,"Chattanooga, TN",38607
40109107210,"South Oklahoma City, Oklahoma City, OK",38607
51031020200,"Rustburg, VA",38606
26075006303,"Brooklyn, MI",38605
12021010412,"Rural Estates, Naples, FL",38604
25005641500,"Fall River, MA",38603
41039002101,"Springfield, OR",38603
37119005604,"University City South, Charlotte, NC",38603
54069002200,"Triadelphia, WV",38602
42083420600,"Eldred, PA",38602
48201232402,"Pine Trails, Houston, TX",38600
26099256700,"Roseville, MI",38600
4013614600,"Deer Valley, Phoenix, AZ",38599
1117030102,"Vincent, AL",38599
47107970402,"Athens, TN",38598
6071002306,"Rialto Airport, Rialto, CA",38598
6071009908,"Victorville, CA",38597
27097780600,"Little Falls, MN",38597
36081007900,"Queens County, NY",38596
34009022102,"Cape May County, NJ",38596
39095000200,"Five Points, Toledo, OH",38596
55079020400,"Polonia, Milwaukee, WI",38595
4013420710,"Mesa, AZ",38595
41067031706,"Cooper Mountain - Aloha North, Beaverton, OR",38595
25015820101,"Ware, Ware, MA",38595
55081950400,"Sparta, WI",38595
1095031100,"Boaz, AL",38594
12057013311,"Brandon, FL",38594
47077975100,"Wildersville, TN",38594
48169950100,"Post, TX",38594
42003517000,"Pittsburgh, PA",38593
36029016700,"Kaisertown, Buffalo, NY",38593
6059074300,"Delhi, Santa Ana, CA",38593
5143011103,"West Fork, AR",38591
34029720202,"Manchester Township, NJ",38591
48201453700,"Southwest Houston, Houston, TX",38591
8041000203,"Northeast Colorado Springs, Colorado Springs, CO",38591
17031220400,"Logan Square, Chicago, IL",38590
6079010404,"Cambria, CA",38590
37191000102,"Goldsboro, NC",38590
6001436601,"Jackson Triangle, Hayward, CA",38590
13057091001,"Woodstock, GA",38589
13047030304,"Ringgold, GA",38589
51650011100,"Fort Monroe, Hampton, VA",38587
12101033102,"Zephyrhills, FL",38586
27013170300,"Tourtellotte Park, Mankato, MN",38586
33007950500,"Lancaster, Lancaster, NH",38586
42021013700,"Johnstown, PA",38585
25003900700,"Pittsfield, MA",38585
42013011200,"Hollidaysburg, PA",38585
1073011301,"Pinson, AL",38585
48215021201,"McAllen, TX",38584
17201004001,"South Beloit, IL",38584
48055960102,"Lockhart, TX",38584
36047018700,"Kings County, NY",38584
15003003601,"Ala Moana, Honolulu, HI",38583
36105952300,"Narrowsburg, NY",38583
8001009322,"Thornton, CO",38583
48419950200,"Timpson, TX",38583
27007450701,"Bemidji, MN",38582
6037185320,"Northeast Los Angeles, Los Angeles, CA",38582
12127080807,"Ormond Beach, FL",38582
6037576602,"Alamitos Beach, Long Beach, CA",38582
48505950400,"Zapata, TX",38581
6037190401,"Central LA, Los Angeles, CA",38581
28007060200,"Kosciusko, MS",38581
19155030601,"Council Bluffs, IA",38581
18149954100,"North Judson, IN",38580
54039011100,"Elkview, WV",38580
42027012700,"State College, PA",38579
20177003700,"Topeka, KS",38579
29099700210,"Fenton, MO",38578
48183000200,"Longview, TX",38578
26073000300,"Shepherd, MI",38577
26127010400,"Hart, MI",38576
29145020400,"Diamond, MO",38576
6037127210,"Van Nuys, Los Angeles, CA",38575
6071003509,"Rialto, CA",38575
6047002100,"Los Banos, CA",38575
37029950102,"Camden, NC",38574
29095010204,"South Kansas City, Kansas City, MO",38574
30049001000,"Helena, MT",38574
24033805500,"Hyattsville, MD",38574
15003002402,"McCully - Moiliili, Honolulu, HI",38574
48201432200,"Westside, Houston, TX",38573
26015010700,"Dowling, MI",38573
6037900703,"Lancaster, CA",38573
36089492900,"Hammond, NY",38572
17143002200,"Peoria, IL",38572
39049010200,"South Columbus, Canal Winchester, OH",38572
37197050501,"Yadkinville, NC",38571
34039031000,"Elizabeth, NJ",38571
13313000800,"Rocky Face, GA",38570
51199050204,"Hampton, VA",38570
32031003306,"Incline Village, NV",38569
42111021902,"Confluence, PA",38569
39165032501,"Franklin, OH",38568
6013378000,"Point Richmond, Richmond, CA",38568
37181960400,"Henderson, NC",38567
18169102700,"Wabash, IN",38566
48089750400,"Columbus, TX",38565
4013217900,"Old Town Scottsdale, Scottsdale, AZ",38565
36061003800,"East Village, New York, NY",38565
27117460400,"Pipestone, MN",38564
37119003204,"Ashbrook - Clawson Village, Charlotte, NC",38564
12011060609,"Plantation, FL",38563
42069102600,"South Side, Scranton, PA",38563
12057010106,"Plant City, FL",38562
41047001703,"East Lancaster, Salem, OR",38561
37133000700,"Camp Lejeune, NC",38561
48201453403,"Westside, Houston, TX",38560
48471790800,"Huntsville, TX",38559
53041970600,"Centralia, WA",38559
6037433304,"El Monte, CA",38559
55035001400,"Eau Claire, WI",38558
19153002900,"North of Grand, Des Moines, IA",38558
6079010403,"Cambria, CA",38557
48049950500,"Bangs, TX",38556
40143006803,"South Peoria, Tulsa, OK",38555
39173020601,"Perrysburg, OH",38555
9009351000,"Waterbury, CT",38555
26021011600,"Buchanan, MI",38554
6111004000,"Blackstock North, Oxnard, CA",38554
17031301701,"Little Village, Chicago, IL",38554
33015107100,"Portsmouth, NH",38554
53049950200,"Raymond, WA",38553
6057000402,"Penn Valley, CA",38552
12089050303,"Fernandina Beach, FL",38552
12099006909,"Delray Beach, FL",38552
1117030319,"Alabaster, AL",38551
34039031904,"Elizabeth, NJ",38551
4013811200,"Chandler, AZ",38551
6059099510,"Leisure World, Seal Beach, CA",38551
36047051800,"Kings County, NY",38551
12127083208,"Four Seasons At Spruce Creek, Port Orange, FL",38550
42003562900,"Hazelwood, Pittsburgh, PA",38550
47129110500,"Oakdale, TN",38549
54027968500,"Romney, WV",38548
12035060211,"Palm Coast, FL",38548
17049950800,"Effingham, IL",38547
23015975700,"South Bristol, ME",38546
42133021300,"West York, PA",38545
26049012008,"Flint, MI",38545
6037433403,"El Monte, CA",38545
6037603400,"Gardena, CA",38544
48021950700,"Smithville, TX",38544
39055310200,"Montville, OH",38544
6037192002,"Central LA, Los Angeles, CA",38544
6001405901,"Rancho San Antonio, Oakland, CA",38543
6037107010,"Sylmar, Los Angeles, CA",38543
13299950100,"Waycross, GA",38543
53067010520,"South Westside, Olympia, WA",38542
12009066101,"Melbourne Beach, FL",38541
48245000101,"Beaumont, TX",38541
6023010400,"McKinleyville, CA",38541
39005971100,"Loudonville, OH",38541
12105011606,"Lakeland, FL",38541
29189211201,"Florissant, MO",38540
33013038500,"Warner, NH",38540
36103146201,"Brentwood, NY",38539
6053010605,"Salinas, CA",38538
12101031204,"Berkley Village, Bayonet Point, FL",38538
42125754500,"Washington, PA",38538
48423001500,"Winona, TX",38538
49021110200,"Enoch, UT",38537
53033010702,"Delridge, Seattle, WA",38536
12103025107,"South Pinellas Community Council, Saint Petersburg, FL",38536
29095011406,"Independence, MO",38536
17031020100,"West Ridge, Chicago, IL",38536
26103002500,"Gwinn, MI",38535
6037106405,"Sylmar, Los Angeles, CA",38535
47085130400,"Hurricane Mills, TN",38535
48181000901,"Denison, TX",38534
55139000200,"Oshkosh, WI",38534
48029131611,"Northeast Side, San Antonio, TX",38533
19153004702,"Des Moines, IA",38532
36047048400,"Kings County, NY",38531
4019003004,"Tucson, AZ",38531
29167960300,"Bolivar, MO",38531
17161021400,"Moline, IL",38530
6037533702,"Maywood, CA",38530
36037950700,"Batavia, NY",38529
6013368001,"San Pablo, CA",38529
8001009502,"Denver, CO",38528
6071002706,"Rialto, CA",38528
17031803612,"Arlington Heights, IL",38527
26065003802,"East Lansing, MI",38527
6067009316,"Southwoods, Sacramento, CA",38527
39031961000,"Warsaw, OH",38525
12103026911,"Clearwater, FL",38525
26081000100,"Creston, Grand Rapids, MI",38524
21041950200,"Carrollton, KY",38524
5029950300,"Morrilton, AR",38524
48479001602,"Laredo, TX",38523
37001020901,"Graham, NC",38523
1101003302,"Montgomery, AL",38522
5031000300,"Jonesboro, AR",38521
36057072800,"Amsterdam, NY",38521
6037183103,"Highland Park, Los Angeles, CA",38521
50023955100,"Barre, VT",38521
36055003805,"Strong, Rochester, NY",38520
4017963400,"Snowflake, AZ",38520
22073010302,"Monroe, LA",38520
41051003801,"Kenton, Portland, OR",38519
6039000109,"Raymond, CA",38519
36035970600,"Gloversville, NY",38518
13047030301,"Ringgold, GA",38518
6059086501,"Anaheim Colony Historic District, Anaheim, CA",38518
42079201500,"Wilkes-Barre, PA",38518
48043950300,"Alpine, TX",38518
13157010701,"Jefferson, GA",38518
29173470100,"New London, MO",38518
6007003100,"Oroville, CA",38518
16001000500,"Sunset, Boise, ID",38518
47037010802,"Madison, Nashville, TN",38518
35035000901,"Cloudcroft, NM",38517
19165960400,"Harlan, IA",38517
25003931300,"Savoy, MA",38516
21107971300,"Nortonville, KY",38516
37035011402,"Newton, NC",38516
12085000902,"Stuart, FL",38516
53025010600,"Quincy, WA",38515
51760040500,"Fan District, Richmond, VA",38515
36089490400,"Massena, NY",38515
17117956100,"Girard, IL",38514
4013618400,"Deer Valley, Phoenix, AZ",38513
6067007204,"North Sacramento, Sacramento, CA",38513
12099005813,"Boynton Beach, FL",38512
39033974700,"Bucyrus, OH",38512
40091779600,"Checotah, OK",38511
40027201602,"Moore, OK",38510
26099247601,"Harrison charter Township, MI",38508
21107970300,"Madisonville, KY",38508
36081061602,"Queens County, NY",38507
42021011900,"Northern Cambria, PA",38507
6029003121,"Bakersfield, CA",38506
24017850711,"Lancaster, Saint Charles, MD",38506
6053001802,"Salinas, CA",38506
26077001503,"Westwood, Kalamazoo, MI",38506
18035000903,"Muncie, IN",38506
41051007800,"Portland, OR",38505
15009031404,"Lahaina, HI",38505
20177001601,"Central Topeka 2, Topeka, KS",38504
6073015704,"El Cajon, CA",38504
17031809600,"Evanston, IL",38504
36047002000,"Kings County, NY",38504
12115001601,"Sarasota, FL",38504
6037224410,"South Los Angeles, Los Angeles, CA",38503
36075020701,"West Monroe, NY",38503
39129021600,"Williamsport, OH",38503
6101050603,"Yuba City, CA",38503
6037106648,"Sylmar, Los Angeles, CA",38502
22055001002,"Lafayette, LA",38502
48117950300,"Hereford, TX",38502
53033030501,"Auburn, WA",38502
41051009701,"Southeast Portland, Portland, OR",38502
24031703701,"Silver Spring, MD",38502
22101040700,"Patterson, LA",38501
38061940400,"New Town, ND",38500
40101001300,"Muskogee, OK",38500
4013106501,"Camelback East Village, Phoenix, AZ",38500
6037463601,"Pasadena, CA",38499
39123050500,"Port Clinton, OH",38498
48201534203,"Houston, TX",38498
10001040502,"Dover, DE",38497
53073010900,"Lummi Island, WA",38497
51073100201,"Gloucester, VA",38497
37157041500,"Reidsville, NC",38497
6065051300,"San Jacinto, CA",38497
39119911300,"Zanesville, OH",38496
32003002827,"Las Vegas, NV",38496
42117950200,"Elkland, PA",38496
42101030501,"Lawncrest, Philadelphia, PA",38495
6065041001,"Arlanza, Riverside, CA",38495
34031175602,"Passaic, NJ",38495
9001044000,"Norwalk, CT",38493
39073965400,"Logan, OH",38493
29207470400,"Bloomfield, MO",38493
6071004603,"Shandin Hills, San Bernardino, CA",38492
8001009310,"Denver, CO",38492
36115081000,"Fort Ann, NY",38490
21093001401,"Elizabethtown, KY",38489
29055450101,"Cuba, MO",38489
54039013000,"Charleston, WV",38489
19163012601,"Davenport, IA",38489
33003956000,"Sanbornville, Wakefield, NH",38487
12031014701,"Arlington, Jacksonville, FL",38487
1077011400,"Florence, AL",38486
49035112404,"Midvale, UT",38486
4013071915,"Parkview West, Peoria, AZ",38485
29081950200,"Bethany, MO",38485
45043920505,"Pawleys Island, SC",38485
48201432300,"Westside, Houston, TX",38485
20041084400,"Abilene, KS",38485
37119005836,"Pineville, NC",38484
12011070205,"Davie, FL",38484
53061041812,"Lynnwood, WA",38484
6037535802,"South Gate, CA",38483
17007010200,"Belvidere, IL",38483
9007541300,"Middletown, CT",38483
53071920900,"Walla Walla, WA",38482
53047970500,"Riverside, WA",38482
6071002601,"Fontana, CA",38482
45083023500,"Woodruff, SC",38482
39133601503,"Kent, OH",38482
55057100500,"Mauston, WI",38481
36047009000,"Kings County, NY",38481
8123001905,"Fort Lupton, CO",38480
39133601300,"Kent, OH",38479
39175938400,"Upper Sandusky, OH",38478
45019002604,"West Ashley, Charleston, SC",38478
36053031100,"West Edmeston, NY",38478
26029001500,"Charlevoix, MI",38478
6079010603,"Morro Bay, CA",38478
1007010001,"West Blocton, AL",38478
6089012102,"Cascade, Anderson, CA",38477
26093722100,"Fowlerville, MI",38477
36077591400,"Otego, NY",38477
17031062700,"Lake View, Chicago, IL",38477
26067030100,"Muir, MI",38476
13013180302,"Winder, GA",38476
6083000600,"Lower Riviera, Santa Barbara, CA",38476
48201532900,"Inwood North, Houston, TX",38476
23023970500,"Bath, ME",38476
42019902200,"Butler, PA",38476
41051008301,"Powellhurst - Gilbert, Portland, OR",38475
29163460200,"Louisiana, MO",38475
13137000202,"Clarkesville, GA",38475
36061018300,"Upper West Side, New York, NY",38474
19153000600,"Oak Park, Des Moines, IA",38474
37063000401,"Watts Hospital-Hillandale, Durham, NC",38474
48373210204,"Livingston, TX",38474
41047001200,"South Central, Salem, OR",38473
1097003608,"Overlook, Mobile, AL",38473
26015011300,"Hastings, MI",38472
33013043002,"Franklin, NH",38472
17117956000,"Virden, IL",38472
26025002900,"Tekonsha, MI",38471
40109106502,"Central Oklahoma City, Oklahoma City, OK",38471
39141956600,"Chillicothe, OH",38471
47145030202,"Kingston, TN",38471
54089000500,"Meadow Bridge, WV",38470
16059970100,"Salmon, ID",38469
13045911200,"Bowdon, GA",38469
36105950100,"Sullivan County, NY",38468
6037530101,"South Montebello, Montebello, CA",38468
5029950200,"Hattieville, AR",38467
6073018904,"Fallbrook, CA",38467
48423001404,"Lindale, TX",38467
19063070400,"Estherville, IA",38467
47157020621,"Memphis, TN",38466
37067004013,"Clemmons, NC",38466
6073008600,"Linda Vista, San Diego, CA",38466
42079212300,"Luzerne, PA",38466
26099241800,"Clinton Township, MI",38465
6071000824,"Upland, CA",38465
18095011200,"Anderson, IN",38464
40051000700,"Ninnekah, OK",38463
37157040602,"Stoneville, NC",38463
29047020603,"Maple Park West, Kansas City, MO",38462
6059088104,"Stanton, CA",38461
53011041321,"Vancouver, WA",38460
13215010201,"Columbus, GA",38460
6107002003,"Visalia, CA",38459
5085020103,"Austin, AR",38459
36123150100,"Himrod, NY",38459
40097040502,"Locust Grove, OK",38458
48089750500,"Columbus, TX",38458
26141950300,"Rogers City, MI",38458
18155965800,"Bennington, IN",38458
51161030801,"Cave Spring, VA",38457
18065975900,"New Castle, IN",38457
6037570602,"Harte, Long Beach, CA",38457
24025301107,"Abingdon, MD",38457
12011110341,"Pembroke Pines, FL",38456
40143008600,"Tulsa, OK",38455
12086011700,"Hialeah, FL",38455
42097081800,"Shamokin, PA",38454
9001044400,"Norwalk, CT",38454
20173003500,"Sunnyside, Wichita, KS",38452
40083600100,"Guthrie, OK",38451
37085070402,"Coats, NC",38451
5119004221,"Little Rock, AR",38451
24033805700,"Hyattsville, MD",38451
16001002302,"West Bench, Boise, ID",38450
29095004600,"Volker, Kansas City, MO",38450
29049960100,"Cameron, MO",38449
26053950300,"Bessemer, MI",38449
21005950400,"Lawrenceburg, KY",38449
4013618600,"Deer Valley, Phoenix, AZ",38449
17031814600,"Berwyn, IL",38448
47165020101,"Bethpage, TN",38448
6037104403,"Arleta, Los Angeles, CA",38448
53011041600,"Meadow Homes, Vancouver, WA",38447
50023954100,"East Calais, Calais, VT",38447
6037191302,"Central LA, Los Angeles, CA",38446
12071001601,"Fort Myers, FL",38446
17007010300,"Belvidere, IL",38446
6037404701,"Baldwin Park, CA",38446
6099003201,"Patterson, CA",38445
5001480600,"DeWitt, AR",38444
24001001300,"Cumberland, MD",38443
6073018511,"Loma Alta, Oceanside, CA",38443
4013523003,"Chandler, AZ",38442
51143010600,"Gretna, VA",38442
17049950300,"Altamont, IL",38441
45055970401,"Lugoff, SC",38441
8031015500,"East, Denver, CO",38441
36115087000,"Argyle, NY",38441
6073020206,"Midway, Escondido, CA",38441
17143004300,"Peoria Heights, IL",38440
6037195802,"Central LA, Los Angeles, CA",38440
37159051700,"China Grove, NC",38440
8031003201,"Central, Denver, CO",38439
42079210600,"Pittston, PA",38439
6037212101,"Central LA, Los Angeles, CA",38439
45015020715,"Summerville, SC",38438
13153021000,"Warner Robins, GA",38438
6099000807,"Modesto, CA",38438
12095013802,"Orlando, FL",38437
6073017502,"Encinitas, CA",38437
20055960508,"Garden City, KS",38437
37121950300,"Spruce Pine, NC",38436
18091041700,"La Porte, IN",38436
42127960700,"Honesdale, PA",38436
48419950600,"Shelbyville, TX",38435
28149951101,"Vicksburg, MS",38434
34009020101,"Ocean City, NJ",38433
6037195400,"Silver Lake, Los Angeles, CA",38433
39085205702,"Madison, OH",38432
8005087000,"Dayton Triangle, Denver, CO",38432
17183010701,"Tilton, IL",38432
37189920500,"Boone, NC",38432
41017001600,"Orchard District, Bend, OR",38432
26157001200,"Millington, MI",38431
53001950500,"Othello, WA",38431
18129040700,"Mount Vernon, IN",38431
6067006102,"Sacramento, CA",38430
6037190520,"Central LA, Los Angeles, CA",38429
6077001102,"Stockton, CA",38429
22087030203,"Chalmette, LA",38428
17077011400,"Carbondale, IL",38428
29123960100,"Marquand, MO",38427
48029121000,"Uptown, San Antonio, TX",38427
6065044804,"Palm Springs, CA",38427
19117950100,"Chariton, IA",38426
40037020800,"Drumright, OK",38426
40137000902,"Bray, OK",38425
48029181601,"Inner West Side, San Antonio, TX",38425
47093006402,"Corryton, TN",38425
45073030901,"Westminster, SC",38424
28089030800,"Canton, MS",38424
40031002001,"Lawton, OK",38424
37179020800,"Marshville, NC",38424
55033970800,"Menomonie, WI",38424
48439111013,"Crowley, TX",38424
36081017200,"Queens County, NY",38423
51155210700,"Dublin, VA",38423
26047970300,"Harbor Springs, MI",38422
39049007931,"Leap Road, Hilliard, OH",38422
51003010100,"Free Union, VA",38422
6001436500,"Mission - Foothill, Hayward, CA",38422
4013071913,"Downtown, Peoria, AZ",38422
42079213300,"Pringle, PA",38421
29189217000,"Maplewood, MO",38421
19193001900,"Sioux City, IA",38421
48201452201,"Westside, Houston, TX",38420
26099230500,"Sterling Heights, MI",38420
21111011509,"Louisville, KY",38419
12101031705,"Park Lake Estates, New Port Richey, FL",38419
21207960200,"Jamestown, KY",38419
28121021002,"Florence, MS",38417
35061970302,"Los Lunas, NM",38417
22033001700,"Mid City South, Baton Rouge, LA",38417
53053073124,"Graham, WA",38417
39105964600,"Racine, OH",38417
51036600200,"Providence Forge, VA",38416
9003502100,"Downtown, Hartford, CT",38416
37193960802,"Wilkesboro, NC",38416
39169002400,"Creston, OH",38416
4019004618,"River Terrace, Tucson, AZ",38415
32003005433,"River Mountain, Henderson, NV",38415
15003002005,"Honolulu, HI",38414
4013523103,"Chandler, AZ",38414
36047119000,"Kings County, NY",38414
47145030900,"Harriman, TN",38413
12095015103,"Orlando, FL",38411
55071005400,"Two Rivers, WI",38411
1053969900,"Brewton, AL",38410
18035002500,"Muncie, IN",38410
6067003501,"Hollywood Park, Sacramento, CA",38409
41039001400,"Cottage Grove, OR",38408
20029977200,"Concordia, KS",38408
6059076101,"Orange, CA",38408
39031961700,"Coshocton, OH",38407
48453001835,"Copperfield, Austin, TX",38407
42097080300,"Milton, PA",38407
6065044405,"Idyllwild, Idyllwild-Pine Cove, CA",38406
22127960200,"Winnfield, LA",38406
45019002613,"West Ashley, Charleston, SC",38406
48029172002,"Medina Valley, San Antonio, TX",38405
54061010700,"Woodburn, Morgantown, WV",38405
9003415400,"New Britain, CT",38405
6037502301,"Whittier, CA",38405
51770003000,"Roanoke, VA",38404
6037301801,"Vineyard, Glendale, CA",38403
12061050902,"Vero Beach, FL",38403
16075960300,"Fruitland, ID",38402
18021040100,"Brazil, IN",38402
39099811300,"Boardman, OH",38401
29159481000,"Sedalia, MO",38401
6065043008,"Lake Elsinore, CA",38401
35039000100,"Chimayo, NM",38401
34033020400,"Carneys Point, Carneys Point Township, NJ",38400
1029959600,"Heflin, AL",38400
55105000400,"Janesville, WI",38399
36061002500,"Lower Manhattan, New York, NY",38399
18067001400,"Kokomo, IN",38399
48029171916,"Far West Side, San Antonio, TX",38398
42103950605,"Milford, PA",38397
37151031602,"Archdale, NC",38397
8069000506,"P.O.E.T, Fort Collins, CO",38396
32003001713,"Las Vegas, NV",38396
12057012213,"Seffner Community Alliance, Brandon, FL",38395
37099950400,"Sylva, NC",38395
27145000701,"St. Cloud, MN",38394
12109021301,"St. Augustine, FL",38393
17019011100,"Urbana, IL",38392
6037199000,"Northeast Los Angeles, Los Angeles, CA",38392
36087013100,"Nyack, NY",38392
48439111405,"Kennedale, TX",38392
48473680500,"Hempstead, TX",38392
25025070500,"South End, Boston, MA",38391
12089050502,"Callahan, FL",38391
39049008380,"Southwest Columbus, Grove City, OH",38391
18167010202,"Terre Haute, IN",38390
11001002701,"Northwest Washington, Washington, DC",38390
1049960800,"Collinsville, AL",38390
21215080103,"Taylorsville, KY",38389
21029020601,"Louisville, KY",38389
17055041100,"West Frankfort, IL",38389
22017024102,"Keithville, LA",38388
48479001716,"Laredo, TX",38388
47015960200,"Woodbury, TN",38388
13145120401,"Cataula, GA",38388
35001000123,"Albuquerque, NM",38387
6075022801,"Mission District, San Francisco, CA",38387
53053071803,"Lakewood, WA",38386
55071000400,"Manitowoc, WI",38386
6037183220,"Northeast Los Angeles, Los Angeles, CA",38386
41051008002,"Northeast Portland, Portland, OR",38386
19057000200,"Burlington, IA",38385
42079212700,"Kingston, PA",38385
1097002501,"Carlen, Mobile, AL",38385
19153005300,"Laurel Hill, Des Moines, IA",38385
40019892700,"Ardmore, OK",38384
32003002979,"Las Vegas, NV",38384
51510200301,"Seminary Hill, Alexandria, VA",38383
4013421501,"Mesa, AZ",38383
46099000600,"All Saints, Sioux Falls, SD",38383
55023960500,"Prairie du Chien, WI",38383
15003009603,"Waianae, HI",38382
13313001400,"Dalton, GA",38382
47009011605,"Louisville, TN",38382
6037128220,"Van Nuys, Los Angeles, CA",38382
39043041400,"Sandusky, OH",38382
25025000602,"Brighton, Boston, MA",38381
36017970602,"Guilford, NY",38381
26163552000,"Hamtramck, MI",38381
26055550200,"Traverse City, MI",38380
26163584000,"Taylor, MI",38380
6099002803,"Modesto, CA",38380
1079979700,"Danville, AL",38379
1097006403,"Mobile, AL",38379
36047023400,"Kings County, NY",38377
37133001400,"Jacksonville, NC",38377
36075021605,"Oswego, NY",38377
9001072700,"North End, Bridgeport, CT",38376
6071011700,"Oro Grande, CA",38376
29071800902,"Saint Clair, MO",38375
51077060300,"Mouth of Wilson, VA",38375
19153004602,"Des Moines, IA",38375
6019006000,"Sanger, CA",38375
22017024900,"Vivian, LA",38375
42101015800,"Fishtown, Philadelphia, PA",38374
21009950800,"Glasgow, KY",38374
48039662100,"Angleton, TX",38374
9001080200,"Stratford, CT",38373
6071002607,"Southridge Village, Fontana, CA",38373
6037554002,"Bellflower, CA",38373
1133965502,"Arley, AL",38372
6037310601,"Burbank, CA",38372
37147001302,"Winterville, NC",38372
26163568400,"Westland, MI",38372
48041000201,"Bryan, TX",38372
48479001003,"Villa Del Sol, Laredo, TX",38371
41051010408,"Mount Hood, Gresham, OR",38371
18097321700,"Indianapolis, IN",38370
48201310400,"South Central Houston, Houston, TX",38370
48325000500,"Hondo, TX",38370
53073000400,"Columbia, Bellingham, WA",38369
39013010100,"Martins Ferry, OH",38369
6037504101,"La Mirada, CA",38368
21219950200,"Elkton, KY",38368
6037131010,"Reseda, Los Angeles, CA",38368
18031969300,"Greensburg, IN",38368
6075012202,"Tenderloin, San Francisco, CA",38367
41013950300,"Prineville, OR",38367
51685920100,"Manassas Park, VA",38366
51087200903,"Glen Allen, VA",38366
6037603900,"Lawndale, CA",38366
26141950100,"Millersburg, MI",38365
23011025000,"Oakland, ME",38365
40109107804,"Del City, OK",38364
6025012002,"Calexico, CA",38364
42079217700,"Hazleton, PA",38364
47039955001,"Parsons, TN",38364
37085070700,"Lillington, NC",38364
26125144900,"Waterford Township, MI",38363
39165031500,"Lebanon, OH",38362
5051011200,"Garland County, AR",38362
51031020500,"Rustburg, VA",38362
48093950200,"Comanche, TX",38362
1089003100,"Huntsville, AL",38361
55071000200,"Manitowoc, WI",38361
6073022000,"National City, CA",38360
40137000102,"Duncan, OK",38360
5133080400,"Lockesburg, AR",38360
36063024201,"Newfane, NY",38359
26065003400,"Lansing, MI",38358
36027140300,"Arlington, NY",38358
39151712300,"Canton, OH",38357
42003499400,"Glassport, PA",38357
6037296901,"San Pedro, Los Angeles, CA",38356
6083002305,"Santa Maria, CA",38355
20077961800,"Anthony, KS",38355
24045010701,"Mardela Springs, MD",38355
6071000203,"Montclair, CA",38354
47051960202,"Estill Springs, TN",38354
29205450300,"Clarence, MO",38354
6037531800,"South Montebello, East Los Angeles, CA",38353
40125501300,"Wanette, OK",38352
26163568700,"Westland, MI",38352
39025040900,"Williamsburg, OH",38352
35031945500,"Gallup, NM",38350
13207050301,"Forsyth, GA",38349
38035010100,"Grand Forks, ND",38349
16001010322,"Meridian, ID",38349
17195001200,"Sterling, IL",38349
29101960600,"Warrensburg, MO",38348
48381021102,"Amarillo, TX",38348
5119003500,"Little Rock Air Force Base, Jacksonville, AR",38348
6045010801,"Redwood Valley, CA",38347
20055960300,"Garden City, KS",38347
6047000203,"Delhi, CA",38347
48127950400,"Asherton, TX",38346
51087200302,"Richmond, VA",38346
48453001401,"Greater South River City, Austin, TX",38345
12057013204,"East County Civic Group, Valrico, FL",38345
13139000900,"Gainesville, GA",38344
47093005803,"Knoxville, TN",38344
6021010200,"Orland, CA",38343
12093910101,"Okeechobee, FL",38343
34005702603,"Mount Holly, NJ",38342
6037211120,"Central LA, Los Angeles, CA",38341
39113120103,"Dayton, OH",38341
37151030600,"Asheboro, NC",38341
48113016502,"Duncanville, TX",38341
21163970401,"Ekron, KY",38340
6037123206,"North Hollywood, Los Angeles, CA",38340
32003003315,"Astoria Trails North, Las Vegas, NV",38340
48355003202,"South Side, Corpus Christi, TX",38340
6089010603,"Redding, CA",38340
39049001902,"Fifth by Northwest, Columbus, OH",38339
47009011603,"Friendsville, TN",38339
8071000800,"Trinidad, CO",38339
36103146105,"Brentwood, NY",38339
4019004109,"Vail, AZ",38339
50015953400,"Wolcott, VT",38339
48201550603,"Camden Park, Houston, TX",38338
31079000900,"Grand Island, NE",38338
39049008132,"Westchester-Green Countrie, Galloway, OH",38338
6037106520,"Sylmar, Los Angeles, CA",38338
47065010412,"Hixson, Middle Valley, TN",38337
29029950200,"Osage Beach, MO",38337
26163561700,"Plymouth, MI",38337
54065971000,"Berkeley Springs, WV",38337
34017016500,"Union City, NJ",38336
42083420500,"Bradford, PA",38335
48201422402,"Greater Fondren Southwest, Houston, TX",38335
41005022400,"McLoughlin, Oregon City, OR",38335
12099001915,"Villages of Palm Beach Lakes, West Palm Beach, FL",38334
6073000600,"University Heights, San Diego, CA",38334
12115000601,"Cherokee Park, Sarasota, FL",38334
41017002000,"Old Farm District, Bend, OR",38333
48209010803,"Wimberley, TX",38333
39157020700,"Dover, OH",38332
39093090100,"Columbia Station, OH",38331
33011200400,"Downtown, Manchester, NH",38331
39115969000,"Malta, OH",38330
48215020803,"McAllen, TX",38330
45079011603,"Columbia, SC",38329
6111005004,"Riverpark, Oxnard, CA",38327
8085966503,"Montrose, CO",38327
39113050302,"West Carrollton, OH",38326
9009154100,"West Haven, CT",38326
12083002201,"Fort King District, Ocala, FL",38326
12005002608,"Bay Point, Panama City Beach, FL",38325
13135050536,"Lawrenceville, GA",38325
53041970900,"Chehalis, WA",38324
37089931500,"Flat Rock, NC",38323
12113010400,"Milton, FL",38321
36011040300,"Port Byron, NY",38321
6001430900,"Castro Valley, CA",38321
37183052802,"Echo Heights, Raleigh, NC",38320
6037402705,"Westmont, Pomona, CA",38320
42041013102,"Shippensburg, PA",38319
6111001204,"Ventura, CA",38318
33009960500,"North Woodstock, Woodstock, NH",38318
36071011602,"Sparrow Bush, NY",38317
24005440300,"Nottingham, MD",38316
17109010100,"Bushnell, IL",38316
40083600500,"Guthrie, OK",38316
39167020400,"Harmar Hill, Marietta, OH",38316
26075006000,"Jackson, MI",38316
40133583800,"Konawa, OK",38315
42115032500,"New Milford, PA",38315
31109002300,"Near South, Lincoln, NE",38315
26147632000,"Lakeport, MI",38314
23031029000,"Alfred, ME",38314
13063040608,"Hampton, GA",38314
6095252801,"Travis Air Force Base, Fairfield, CA",38313
17163503301,"Swansea, IL",38313
56021000700,"Cheyenne, WY",38313
27137003800,"New Duluth, Duluth, MN",38313
42079215100,"Ashley, PA",38313
6065042507,"Moreno Valley, CA",38312
6073018300,"Townsite, Oceanside, CA",38312
42079215400,"White Haven, PA",38312
4013082022,"Palm Meadows, Avondale, AZ",38312
45083022102,"Spartanburg, SC",38311
39135400100,"New Paris, OH",38311
12057013321,"Heather Lakes at Brandon, Brandon, FL",38310
12095015702,"Winter Park, FL",38310
6093000703,"Yreka, CA",38310
12103026702,"Clearwater, FL",38310
34005700900,"Beverly, NJ",38310
35045000100,"Farmington, NM",38309
37119005509,"Davis Lake - Eastfield, Charlotte, NC",38309
1117030502,"Calera, AL",38309
39153507201,"Northwest Akron, Akron, OH",38308
53063014002,"Cheney, WA",38308
6073005300,"Downtown, San Diego, CA",38308
1043965000,"Cullman, AL",38307
36007014100,"Johnson City, NY",38307
6059099305,"Yorktown, Huntington Beach, CA",38307
48303001501,"Tech Terrace, Lubbock, TX",38307
30081000600,"Hamilton, MT",38306
48203020104,"Karnack, TX",38305
6099001900,"Modesto, CA",38305
24045010501,"Fruitland, MD",38305
53073010404,"Blaine, WA",38304
30045000100,"Stanford, MT",38304
47043060402,"Burns, TN",38303
51710005601,"Norfolk, VA",38302
55059001500,"Kenosha, WI",38302
42035030500,"Lock Haven, PA",38301
34023004100,"Perth Amboy, NJ",38301
36047044700,"Kings County, NY",38301
6099000905,"Modesto, CA",38301
12011110313,"Pembroke Pines, FL",38300
21067003406,"Lexington, KY",38300
6037404202,"Azusa, CA",38299
36093021800,"Schenectady, NY",38299
27033270100,"Mountain Lake, MN",38298
39113115011,"Vandalia, OH",38298
21163970302,"Vine Grove, KY",38298
36023970100,"Truxton, NY",38298
1027958900,"Lineville, AL",38298
35043010705,"Rio Rancho, NM",38296
27123031300,"North End, Saint Paul, MN",38295
16047960200,"Wendell, ID",38294
17095000100,"Oneida, IL",38294
30029000900,"Kalispell, MT",38293
17085020500,"Stockton, IL",38293
23023970100,"Richmond, Richmond, ME",38293
18151971400,"Angola, IN",38293
54093965300,"Davis, WV",38292
35001003502,"Allison Lateral Estates, Los Ranchos de Albuquerque, NM",38292
1003010905,"Silverhill, AL",38291
29077004700,"Rogersville, MO",38291
48201320602,"Meadowbrook/ Allendale, Houston, TX",38291
50025967800,"Newfane, VT",38290
12057007300,"South Tampa, Tampa, FL",38289
17197882300,"Joliet, IL",38289
37025041602,"Concord, NC",38289
41039002903,"Eugene, OR",38288
39155930400,"North Bloomfield, OH",38288
8083969200,"Lewis, CO",38288
13045910702,"Villa Rica, GA",38288
39015951700,"Ripley, OH",38288
34017017700,"Union City, NJ",38288
54105030101,"Elizabeth, WV",38286
26041970100,"Nahma, MI",38286
47097050200,"Halls, TN",38285
47093004200,"Knoxville, TN",38285
17097861303,"Round Lake Beach, IL",38285
17031838200,"Illinois Medical District, Chicago, IL",38285
16055001600,"Coeur d'Alene, ID",38284
6037404201,"Azusa, CA",38284
27117460300,"Pipestone, MN",38284
12099005953,"Boynton Beach, FL",38284
40139950800,"Guymon, OK",38283
12101032802,"Zephyrhills Colony Company, Dade City, FL",38283
39011041201,"Saint Marys, OH",38282
35001000401,"Sandia Ridge, Albuquerque, NM",38281
42017101605,"Warminster Heights, Warminster, PA",38281
36045062500,"Adams, NY",38280
12057013312,"Brentwood Hills, Valrico, FL",38280
6037401703,"Westmont, Pomona, CA",38280
48201332900,"Golfcrest, Houston, TX",38279
22055002001,"Scott, LA",38279
8001009101,"Thornton, CO",38279
13069010500,"Douglas, GA",38279
21089040700,"Greenup, KY",38279
24015030505,"Elkton, MD",38279
28145950200,"Myrtle, MS",38278
45083022003,"Spartanburg, SC",38277
41061970500,"La Grande, OR",38277
12009069801,"Villa De Palmas Sykes Cove, Merritt Island, FL",38276
45079011414,"Columbia, SC",38276
48113012400,"Casa View, Dallas, TX",38275
10001042100,"Viola, DE",38274
45083022403,"Chesnee, SC",38274
13073030201,"Martinez, GA",38274
51087200801,"Richmond, VA",38272
36083051600,"Rensselaer, NY",38271
54085962500,"Harrisville, WV",38271
13299950200,"Waycross, GA",38270
15009031900,"Kahului, HI",38270
39169001900,"Shreve, OH",38270
48029121504,"Northeast Side, San Antonio, TX",38270
6037405001,"Baldwin Park, CA",38270
6085503703,"Alum Rock, San Jose, CA",38269
12086005002,"Little Havana, Miami, FL",38269
36029000110,"Triangle, Buffalo, NY",38269
26027001600,"Cassopolis, MI",38268
29053950300,"Boonville, MO",38268
36047095800,"Kings County, NY",38268
36067013900,"Syracuse, NY",38267
26161400600,"Old West Side, Ann Arbor, MI",38265
36025970200,"Delhi, NY",38265
22119031500,"Doyline, LA",38264
51113930200,"Madison, VA",38264
6065049400,"Indio, CA",38264
12061050703,"Vero Beach, FL",38264
6065045215,"La Quinta, CA",38264
26081004600,"West Millbrook, Grand Rapids, MI",38263
54081000900,"Coal City, WV",38263
48201310900,"Greater East End, Houston, TX",38263
55009001100,"Green Bay, WI",38263
26073000900,"Shepherd, MI",38262
25017312100,"South Lowell, Lowell, MA",38262
41051001102,"Hosford - Abernethy, Portland, OR",38262
48339693900,"Conroe, TX",38261
48415950100,"Snyder, TX",38261
27053110200,"Powderhorn, Minneapolis, MN",38261
6037128802,"Sherman Oaks, Los Angeles, CA",38260
36031960100,"Keeseville, NY",38260
25025140400,"Mattapan, Boston, MA",38260
21067001700,"Idle Hour Drive, Lexington, KY",38260
12111381602,"Port St. Lucie, FL",38259
6029004102,"Shafter, CA",38259
6067008404,"Folsom, CA",38259
12081000405,"Bradenton, FL",38258
24031702402,"Silver Spring, MD",38258
48273020300,"Kingsville, TX",38258
37173960302,"Bryson City, NC",38257
10005051801,"Bethel, DE",38257
26123970300,"White Cloud, MI",38256
12057013307,"Brandon, FL",38256
4013092712,"Glendale, AZ",38255
48201253400,"Wooster Terrace, Baytown, TX",38255
46103011100,"Rapid City, SD",38254
26163567900,"Westland, MI",38254
27053106700,"Lowry Hill East, Minneapolis, MN",38253
4013108501,"Camelback East Village, Phoenix, AZ",38252
42039110400,"Linesville, PA",38252
54045956102,"Chapmanville, WV",38252
26123971100,"Grant, MI",38252
39133600103,"Garrettsville, OH",38251
8043978100,"Penrose, CO",38251
4013812000,"Chandler, AZ",38250
41033360400,"Grants Pass, OR",38250
25027703100,"Athol, MA",38250
20043020300,"Wathena, KS",38248
32003003412,"Woodcrest, Las Vegas, NV",38247
39025042000,"Bethel, OH",38247
4013103606,"Paradise Valley Village, Phoenix, AZ",38246
6107000402,"Dinuba, CA",38246
40037021400,"Sapulpa, OK",38245
48201212400,"Northeast Houston, Houston, TX",38245
9011702700,"Long Hill, Groton, CT",38245
25023545300,"Buzzards Bay, Wareham, MA",38244
29189218900,"St. Louis, MO",38244
12011060207,"Sunrise, FL",38243
18077966400,"Madison, IN",38243
13001950100,"Baxley, GA",38243
12021010505,"Naples, FL",38243
4005001700,"Williams, AZ",38243
13119890300,"Royston, GA",38242
6037127603,"Lake Balboa, Los Angeles, CA",38241
10001042900,"Houston, DE",38241
6037275302,"Marina del Rey, CA",38241
40027200300,"Norman, OK",38240
15003006900,"Naval Station Pearl Harbor, Honolulu, HI",38240
47115050202,"Sequatchie, TN",38240
26023950300,"Bronson, MI",38240
37029950101,"South Mills, NC",38239
32003002835,"Silverado Ranch, Las Vegas, NV",38239
27123030601,"Payne - Phalen, Saint Paul, MN",38238
13297110504,"Loganville, GA",38238
40143009500,"Sand Springs, OK",38237
53025010300,"Soap Lake, WA",38236
12086008208,"Palmetto Bay, FL",38236
19065080400,"Oelwein, IA",38236
26049011211,"Grand Blanc, MI",38236
23031023000,"Limerick, ME",38236
6037134306,"Canoga Park, Los Angeles, CA",38236
32003003639,"North Las Vegas, NV",38235
17031804508,"Streamwood, IL",38235
21095970400,"Totz, KY",38235
17097861404,"Round Lake Park, IL",38235
51153900201,"Woodbridge, VA",38235
6025010300,"Brawley, CA",38234
39025040202,"Goshen, OH",38234
13045910701,"Carrollton, GA",38233
51067020400,"Wirtz, VA",38233
6029004402,"Wasco, CA",38233
17097860400,"Waukegan, IL",38232
6001406602,"School, Oakland, CA",38231
6073018903,"Fallbrook, CA",38231
48067950100,"Queen City, TX",38231
6037211921,"Central LA, Los Angeles, CA",38231
39101010300,"New Bloomington, OH",38230
17143004102,"Peoria, IL",38229
45013011300,"Hilton Head Island, SC",38229
8059010403,"Fruitdale, Wheat Ridge, CO",38229
12095016511,"Orlando, FL",38228
24033806602,"Riverdale, East Riverdale, MD",38227
36089492600,"Edwards, NY",38227
13083040200,"Trenton, GA",38227
6073018614,"San Luis Rey, Oceanside, CA",38227
6029006403,"Lamont, CA",38227
48439110701,"Fort Worth, TX",38226
36007013201,"Endwell, NY",38225
12101031901,"Dade City, FL",38225
5131001102,"Fort Smith, AR",38224
13129970900,"Fairmount, GA",38224
6037293304,"Harbor City, Los Angeles, CA",38224
6037405102,"Baldwin Park, CA",38224
24001000300,"Cumberland, MD",38222
17031828506,"Lynwood, IL",38222
36081010800,"Queens County, NY",38220
6001407101,"Harrington, Oakland, CA",38219
40143005600,"Sperry, OK",38219
42003468800,"Carnegie, PA",38217
42073010400,"Pulaski, PA",38217
36081015700,"Queens County, NY",38216
6019001413,"Roosevelt, Fresno, CA",38216
32003003413,"Las Vegas, NV",38216
48201510200,"Montrose, Houston, TX",38214
39005970800,"Ashland, OH",38214
9011696100,"Taftville, Norwich, CT",38213
39153533400,"Akron, OH",38213
36015011200,"Pine City, NY",38213
36025970300,"Franklin, NY",38212
30049001202,"Helena, MT",38211
32003005423,"Valley View, Henderson, NV",38210
12011010402,"Deerfield Beach, FL",38210
6037503105,"Whittier, CA",38210
6037212620,"Central LA, Los Angeles, CA",38210
36005041100,"Bronx County, NY",38209
36013037300,"Jamestown, NY",38209
24005403100,"Gwynn Oak, Pikesville, MD",38209
9009142000,"East Rock, New Haven, CT",38209
37097061503,"Mooresville, NC",38209
9005253600,"New Milford, CT",38209
40143008502,"Fulton, Tulsa, OK",38208
12105014701,"Winter Haven, FL",38208
2020001732,"Scenic Foothills, Anchorage, AK",38207
26033970100,"Sault Ste. Marie, MI",38207
51027010200,"Big Rock, VA",38207
39035138109,"Brook Park, OH",38207
48029171914,"Heritage, San Antonio, TX",38207
1051030701,"Wetumpka, AL",38207
12071050312,"Bonita Springs, FL",38206
55105001100,"Janesville, WI",38206
48487950300,"Vernon, TX",38205
4013320007,"South Tempe, Tempe, AZ",38205
9001073000,"North Bridgeport, Bridgeport, CT",38205
8001009501,"South Westminster, Westminster, CO",38205
17057953200,"Cuba, IL",38204
21031930400,"Morgantown, KY",38204
47103975602,"Fayetteville, TN",38203
13021013409,"Macon, GA",38201
34005702208,"Burlington County, NJ",38201
6067006201,"Sacramento, CA",38200
12086005701,"Flagami, Miami, FL",38199
45091061706,"Clover, SC",38198
55101000800,"Mount Pleasant, WI",38198
12071010306,"Hancock, Cape Coral, FL",38198
51031020101,"Lynchburg, VA",38198
39169001300,"Orrville, OH",38198
41071030201,"Newberg, OR",38198
12086000604,"Hialeah, FL",38197
28055950100,"Rolling Fork, MS",38197
48401951000,"Henderson, TX",38196
23025966800,"Waterville, ME",38196
6071000606,"Chino, CA",38194
36081055900,"Queens County, NY",38194
35043010716,"Rio Rancho, NM",38191
36089492700,"Gouverneur, NY",38190
13085970202,"Dawsonville, GA",38190
42079201400,"Wilkes-Barre, PA",38189
6111004504,"Pleasant Valley Estates, Oxnard, CA",38188
29019001400,"Columbia, MO",38188
17101880900,"Bridgeport, IL",38187
6065040903,"La Sierra, Riverside, CA",38187
12071010103,"Mariner, Cape Coral, FL",38187
39045031100,"Bremen, OH",38187
47171080300,"Unicoi, TN",38186
37147000201,"Greenville, NC",38186
36089490300,"Massena, NY",38186
51177020307,"Fredericksburg, VA",38186
1069040900,"Dothan, AL",38184
6053000200,"Salinas, CA",38184
6037433200,"El Monte City, El Monte, CA",38184
6037407002,"Bassett, West Puente Valley, CA",38184
36009960800,"Franklinville, NY",38184
49005000501,"Logan, UT",38183
16019971000,"Idaho Falls, ID",38183
51091970100,"Monterey, VA",38183
47105060400,"Greenback, TN",38183
12099000204,"Jupiter, FL",38182
5125010508,"Benton, AR",38182
13097080505,"Douglasville, GA",38182
6037554700,"Norwalk, CA",38182
48201533801,"Houston, TX",38182
47065011326,"Chattanooga, TN",38182
16053970200,"Jerome, ID",38181
18085961800,"Warsaw, IN",38180
55035001200,"Eau Claire, WI",38180
48363000500,"Mineral Wells, TX",38180
26081013802,"Wyoming, MI",38179
45073030401,"Walhalla, SC",38179
37191001101,"Goldsboro, NC",38179
36031960200,"Jay, NY",38179
48141004312,"Vista de Oro, El Paso, TX",38178
25005650600,"New Bedford, MA",38178
37101041202,"Four Oaks, NC",38177
40143007309,"Western Village, Tulsa, OK",38177
17183010600,"Westville, IL",38177
4013092719,"Maryvale Village, Glendale, AZ",38176
21007950300,"Wickliffe, KY",38176
6037134001,"Canoga Park, Los Angeles, CA",38176
6087110100,"Watsonville, CA",38176
55085970900,"Hazelhurst, WI",38176
48223950402,"Sulphur Springs, TX",38176
9003473602,"Windsor, CT",38176
26117970500,"Howard City, MI",38175
6001435601,"Hayward, CA",38175
20091051100,"Strang Line, Overland Park, KS",38175
35043011100,"Placitas, NM",38174
26027001500,"Niles, MI",38174
6005000102,"Pioneer, CA",38174
51041100702,"Petersburg, VA",38173
12103025506,"Clearwater, FL",38173
18075962900,"Portland, IN",38172
24033800601,"Greater Upper Marlboro, Upper Marlboro, MD",38171
6085501101,"Central San Jose, San Jose, CA",38171
36025970800,"Delhi, NY",38170
6071001310,"Ontario, CA",38168
53053071407,"Graham, WA",38168
37021002804,"Weaverville, NC",38166
8041008000,"Northeast Colorado Springs, Colorado Springs, CO",38166
47133950301,"Livingston, TN",38165
54067950600,"Nettie, WV",38164
4019004412,"Tucson, AZ",38164
5133080100,"De Queen, AR",38164
37067002603,"Winston-Salem, NC",38163
55027960900,"Beaver Dam, WI",38163
10001040100,"Clayton, DE",38163
6029002813,"Bakersfield, CA",38163
6031000403,"Lemoore, CA",38162
40133583100,"Wewoka, OK",38162
42003492700,"Clairton, PA",38162
12011080403,"Fort Lauderdale, FL",38162
55031020600,"Superior, WI",38162
6037533901,"South Montebello, Bell Gardens, CA",38162
42083421200,"Kane, PA",38161
13135050314,"Duluth, GA",38161
12086011600,"Hialeah, FL",38160
45015020600,"Moncks Corner, SC",38159
39063000400,"Findlay, OH",38159
26059050300,"Litchfield, MI",38159
5087960400,"Huntsville, AR",38159
6071010010,"Hesperia, CA",38159
48183000502,"Longview, TX",38158
37171931200,"Pilot Mountain, NC",38158
51065020300,"Scottsville, VA",38158
6099000801,"Modesto, CA",38158
26125160000,"Lathrup Village, MI",38158
12081001907,"Ellenton, FL",38158
12117022005,"Fern Park, FL",38157
54093965400,"Parsons, WV",38157
25009221600,"Gloucester, MA",38157
21111011406,"Newburg, Louisville, KY",38156
37119005910,"Steele Creek, Charlotte, NC",38156
42005951500,"Apollo, PA",38156
51840000201,"Winchester, VA",38156
12103027320,"Oldsmar, FL",38155
1051031000,"Millbrook, AL",38155
34029736105,"Mystic Islands, Little Egg Harbor Township, NJ",38155
47163042500,"Bristol, TN",38154
53005010400,"Richland, WA",38154
24033803514,"Largo, MD",38153
12099005918,"Lake Worth, FL",38153
6073002711,"Mid-City, San Diego, CA",38153
4015953401,"Lake Havasu City, AZ",38153
48073950802,"Jacksonville, TX",38152
38067950500,"Drayton, ND",38152
40127097800,"Rattan, OK",38151
37163970302,"Autryville, NC",38151
39033974200,"Bucyrus, OH",38151
55013970900,"Grantsburg, WI",38151
6037320100,"San Fernando, CA",38151
18133956500,"Cloverdale, IN",38151
6071003302,"Bloomington, CA",38150
6037297120,"San Pedro, Los Angeles, CA",38150
36087012402,"Spring Valley, NY",38150
32019960302,"Dayton, NV",38149
17127970300,"Brookport, IL",38149
51075400500,"Goochland, VA",38149
51177020403,"Partlow, VA",38149
53011041112,"Vancouver, WA",38149
48225950100,"Grapeland, TX",38148
50021963200,"Rutland, VT",38148
48309004202,"West, TX",38148
48213950903,"Mabank, TX",38147
46101959700,"Flandreau, SD",38146
20173009100,"Southwest Village, Wichita, KS",38146
6037402904,"Westmont, Pomona, CA",38145
54039010801,"Charleston, WV",38145
28023950400,"Quitman, MS",38145
55059001700,"Kenosha, WI",38145
1113030402,"Phenix City, AL",38144
12067960100,"Mayo, FL",38144
6065043317,"Hemet, CA",38143
48363000200,"Gordon, TX",38143
37071030401,"Dallas, NC",38142
42045402600,"Darby, PA",38140
36031960700,"Westport, NY",38140
6035040303,"Susanville, CA",38139
53011041108,"Vancouver, WA",38139
25017352700,"Wellington-Harrington, Cambridge, MA",38139
6053010504,"Salinas, CA",38138
53033007401,"Capitol Hill, Seattle, WA",38138
42049002800,"Erie, PA",38138
26045020800,"Bellevue, MI",38137
1015001100,"Oxford, AL",38137
39029950300,"Leetonia, OH",38136
5141460400,"Bee Branch, AR",38136
21183920200,"Utica, KY",38135
18117951300,"Orleans, IN",38135
12105012900,"Lake Alfred, FL",38135
41043030100,"Scio, OR",38135
50005957100,"East Burke, Burke, VT",38134
18089030600,"East Chicago, IN",38133
6037503103,"Whittier, CA",38133
38095951500,"Cando, ND",38133
36025970700,"Delancey, NY",38133
1115040203,"Pell City, AL",38133
34017001100,"The Heights, Jersey City, NJ",38132
23001010200,"Auburn, ME",38132
47167040500,"Brighton, TN",38132
39031961100,"Warsaw, OH",38130
42063962200,"Seward, PA",38130
54099020700,"Prichard, WV",38130
6073007301,"Ocean Beach, San Diego, CA",38128
4021001303,"Casa Grande, AZ",38128
37025040500,"Concord, NC",38127
18177010400,"Hagerstown, IN",38127
25025100900,"Mattapan, Boston, MA",38126
18063210607,"Plainfield, IN",38126
48251130212,"Joshua, TX",38126
39171950700,"Bryan, OH",38126
54039000200,"Charleston, WV",38125
30111000800,"Billings, MT",38125
6037433802,"South El Monte, CA",38125
5105952900,"Casa, AR",38125
30013000200,"Great Falls, MT",38124
13215010203,"Columbus, GA",38124
36091060501,"Corinth, NY",38124
54041967300,"Jane Lew, WV",38123
54061011805,"Morgantown, WV",38123
48029121813,"Uptown, San Antonio, TX",38123
40121486700,"Hartshorne, OK",38121
12011020205,"Margate, FL",38121
12087972100,"Key West, FL",38121
48059030101,"Clyde, TX",38120
26111290400,"Midland, MI",38119
12105012303,"Lakeland, FL",38119
6037533402,"Maywood, CA",38119
6073013000,"Chula Vista, CA",38119
6019003810,"West Fresno, Fresno, CA",38117
2020002900,"Girdwood, Anchorage, AK",38116
48037011402,"Maud, TX",38116
48113016606,"Duncanville, TX",38116
45045002610,"Taylors, SC",38116
47055920100,"Lynnville, TN",38115
21067003501,"Stoney Brook, Lexington, KY",38115
32031002612,"Reno, NV",38115
24015031400,"Cecil County, MD",38115
26125167300,"Farmington Hills, MI",38115
26065005402,"Holt, Delhi charter Township, MI",38114
21227011100,"Bowling Green, KY",38114
36023971200,"Cortland, NY",38114
48113015304,"Irving, TX",38113
34007602602,"Pennsauken Township, NJ",38113
48029190902,"Uptown, San Antonio, TX",38113
42019902500,"South Side, Butler, PA",38113
5125010406,"East End, AR",38113
26075005301,"Jackson, MI",38112
33015065005,"Hampton, NH",38112
24031703213,"Aspen Hill, MD",38112
40109106610,"Central Oklahoma City, Oklahoma City, OK",38111
12069031103,"Howey-in-the-Hills, FL",38110
45073030200,"Salem, SC",38110
6085501502,"Central San Jose, San Jose, CA",38110
29109470200,"Mount Vernon, MO",38109
26003000200,"Au Train, MI",38108
8013012203,"North Boulder, Boulder, CO",38108
54069001300,"Wheeling, WV",38107
12103027502,"Tarpon Springs, FL",38107
12053040905,"Spring Hill, FL",38106
55023960300,"Steuben, WI",38106
29127960600,"Hannibal, MO",38106
36033951100,"Tupper Lake, NY",38105
22017024106,"Jenkins Subdiv., Pinecroft Subdiv., Shreveport, LA",38105
21115960400,"Paintsville, KY",38104
4013422203,"Mesa, AZ",38104
6065040102,"Sunnyslope, Riverside, CA",38104
29027070300,"Fulton, MO",38104
6037132501,"Reseda, Los Angeles, CA",38104
48201311000,"Greater East End, Houston, TX",38103
51007930100,"Amelia Court House, VA",38103
29085470100,"Hermitage, MO",38102
6037407102,"La Puente, CA",38101
48113012500,"Casa View, Dallas, TX",38101
36043010702,"Little Falls, NY",38101
6099000404,"Modesto, CA",38099
18177001100,"Richmond, IN",38098
13089022203,"Decatur, GA",38098
6057000801,"Nevada City, CA",38097
1095030402,"Arab, AL",38097
12031002300,"Westside, Jacksonville, FL",38097
18167011200,"Terre Haute, IN",38097
36081061200,"Queens County, NY",38096
40119011102,"Perkins, OK",38096
50007000200,"New North End, Burlington, VT",38096
5119002103,"Briarwood, Little Rock, AR",38095
48195950100,"Gruver, TX",38095
40071001200,"Newkirk, OK",38094
29121960100,"La Plata, MO",38094
55059001300,"Kenosha, WI",38094
16069960600,"Lewiston, ID",38093
51033030400,"Woodford, VA",38092
53063013700,"Spokane, WA",38092
15009030902,"Wailuku, HI",38092
48215020802,"McAllen, TX",38091
51083930100,"Clover, VA",38091
12011050501,"Fort Lauderdale, FL",38091
32003003428,"Las Vegas, NV",38090
36111950100,"Saugerties, NY",38089
20205097300,"Fredonia, KS",38089
17163503404,"O'Fallon, IL",38089
18097357500,"Beech Grove, IN",38089
45021970100,"Gaffney, SC",38088
45031010400,"Hartsville, SC",38088
41031960302,"Culver, OR",38087
48251130408,"Venus, TX",38087
6037183520,"Northeast Los Angeles, Los Angeles, CA",38086
48029180701,"Northwest Side, San Antonio, TX",38086
26163573900,"Dearborn, MI",38086
36101961400,"Hammondsport, NY",38086
12011060116,"Sunrise, FL",38086
36005034400,"Bronx County, NY",38085
40015161600,"Lookeba, OK",38084
48215020402,"Mission, TX",38084
16013960200,"Hailey, ID",38084
54097966700,"Buckhannon, WV",38083
37067003201,"Kernersville, NC",38082
37025042602,"Concord, NC",38082
48479001812,"Las Americas, Laredo, TX",38082
48439106507,"Fort Worth, TX",38082
47037015623,"Hermitage, Nashville, TN",38081
47093005903,"Knoxville, TN",38081
18013974800,"Nashville, IN",38080
41067032003,"Sherwood - Tualatin South, Tualatin, OR",38080
48485012100,"Wichita Falls, TX",38080
42013100600,"Altoona, PA",38080
6037430902,"Monrovia, CA",38079
36047011200,"Kings County, NY",38079
48249950500,"Alice, TX",38078
41007950100,"Astoria, OR",38078
42131400300,"Nicholson, PA",38077
4017964800,"Show Low, AZ",38077
12086012900,"Hialeah, FL",38077
41051001702,"Montavilla, Portland, OR",38077
26007000100,"Herron, MI",38076
39067975700,"Scio, OH",38076
21239050200,"Versailles, KY",38076
33013035000,"Pittsfield, NH",38075
37113970100,"Franklin, NC",38075
10003002500,"Wilmington, DE",38075
10001041900,"Hartly, DE",38074
47157021744,"Richwood, Memphis, TN",38073
39095008100,"Sylvania, OH",38073
12086004103,"Mid-Beach, Miami, FL",38073
55129950500,"Spooner, WI",38072
27109000200,"Rochester, MN",38072
9015815000,"Chaplin, CT",38072
47113001402,"Jackson, TN",38072
48213950300,"Athens, TX",38071
42101003901,"South Philadelphia, Philadelphia, PA",38071
37073970100,"Sunbury, NC",38071
36117021800,"Clyde, NY",38070
36021000900,"Hillsdale, NY",38070
6037570204,"North Long Beach, Long Beach, CA",38070
6037900504,"Lancaster, CA",38069
1003010705,"Daphne, AL",38069
48261950100,"Sarita, TX",38069
8069000300,"Fort Collins, CO",38069
33001965100,"New Hampton, NH",38068
6037609900,"San Pedro, Los Angeles, CA",38067
53063011000,"Spokane, WA",38067
5145070401,"Searcy, AR",38066
45077010901,"Easley, SC",38066
48439113408,"Hurst, TX",38066
37135010902,"Hillsborough, NC",38066
51550021501,"Western Branch South, Chesapeake, VA",38065
12021010506,"Central Naples, Naples, FL",38064
48067950700,"Hughes Springs, TX",38063
45079002700,"Midtown - Downtown, Columbia, SC",38063
6037534803,"Huntington Park, CA",38063
29043020102,"Billings, MO",38063
39065000700,"Kenton, OH",38062
32003005840,"Spring Valley, NV",38062
4015952800,"Lake Havasu City, AZ",38062
17089850101,"Barrington, IL",38062
48201533901,"Northwest Park, Houston, TX",38061
4013421101,"Mesa, AZ",38061
39073965200,"Logan, OH",38061
21117065900,"Ryland Heights, KY",38060
12009062800,"Rockledge, FL",38060
48439122700,"West Arlington, Arlington, TX",38060
51820003400,"Waynesboro, VA",38059
6037431001,"Monrovia, CA",38059
21195931300,"Sidney, KY",38059
42031160500,"Parker, PA",38057
48453001403,"East Riverside - Oltorf, Austin, TX",38057
17031520100,"East Side, Chicago, IL",38057
40143007801,"Bixby, OK",38057
9005310801,"Torrington, CT",38056
34031181900,"Paterson, NJ",38055
41051010200,"Fairview, OR",38055
48355001400,"Bay Area, Corpus Christi, TX",38054
53077002701,"Mabton, WA",38054
34017015802,"West New York, NJ",38054
21123960300,"Hodgenville, KY",38054
1049960600,"Geraldine, AL",38053
41059950900,"Umatilla, OR",38053
12101030903,"Orchid Lake Village, Port Richey, FL",38053
39061008300,"Mount Airy, Cincinnati, OH",38053
36059407301,"Uniondale, NY",38053
48409010500,"Gregory, TX",38052
39127965900,"Somerset, OH",38052
22017021400,"Broadmoor, Anderson Island, Shreve Isle, Shreveport, LA",38052
12021010411,"Naples, FL",38052
36055002900,"Park Avenue, Rochester, NY",38051
36017970300,"Norwich, NY",38051
36047000200,"Kings County, NY",38051
50017959200,"Williamstown, VT",38050
39099811400,"Boardman, OH",38050
26049011712,"Davison, MI",38050
48441012801,"Park Central Area, Abilene, TX",38050
21209040303,"Georgetown, KY",38050
48029121205,"Hills of Park North, San Antonio, TX",38050
47083120200,"Erin, TN",38049
18135951500,"Ridgeville, IN",38049
6057001206,"Truckee, CA",38049
51111930300,"Kenbridge, VA",38048
1089002000,"Huntsville, AL",38048
48497150603,"Newark, TX",38048
21175950300,"Ezel, KY",38048
6027000400,"Bishop, CA",38047
48373210102,"Livingston, TX",38047
27097780700,"Little Falls, MN",38047
53017950700,"East Wenatchee, WA",38047
39049009386,"Eastshire, Reynoldsburg, OH",38046
21115960600,"Van Lear, KY",38046
6029001000,"Bakersfield, CA",38045
1043964500,"Cullman, AL",38045
1099076200,"Uriah, AL",38045
6037402903,"Westmont, Pomona, CA",38045
30029001200,"Kalispell, MT",38044
48233950800,"Borger, TX",38044
8069001704,"Loveland, CO",38044
32003002984,"Las Vegas, NV",38043
36119014400,"Peekskill, NY",38043
15003007504,"Aiea, HI",38043
12115001805,"Sarasota, FL",38043
6073013307,"Chula Vista, CA",38042
42033331900,"Westover, PA",38042
1059973700,"Phil Campbell, AL",38042
26099247500,"Harrison charter Township, MI",38042
46099000700,"Folsom's Addition, Sioux Falls, SD",38040
16053970300,"Jerome, ID",38040
40143007310,"Cherokee Village, Tulsa, OK",38040
49049002300,"Franklin, Provo, UT",38040
39035141700,"Cleveland Heights, OH",38040
39139001200,"Mansfield, OH",38040
6037209102,"Central LA, Los Angeles, CA",38039
26035000600,"Clare, MI",38039
6071002107,"Rancho Cucamonga, CA",38039
37089931902,"Hendersonville, NC",38038
20041084300,"Abilene, KS",38038
24510270600,"Harford - Echodale - Perring Parkway, Baltimore, MD",38038
39081011700,"Steubenville, OH",38037
8059011803,"Greenbriar - Cloverdale, Lakewood, CO",38037
39023003101,"Enon, OH",38036
22079010700,"Boyce, LA",38036
6075022901,"Mission District, San Francisco, CA",38036
36007012701,"Conklin, NY",38035
17143001900,"Peoria, IL",38035
27137013800,"Aurora, MN",38035
1097006600,"Grand Bay, AL",38035
2020002702,"Old Seward / Oceanview, Anchorage, AK",38034
39091004600,"Bellefontaine, OH",38034
48061010602,"Harlingen, TX",38034
32003005903,"Mesquite, NV",38034
48113014115,"Irving, TX",38033
26161413402,"Ypsilanti, MI",38033
50019951700,"Albany, VT",38033
24005430900,"Baltimore, MD",38033
40143007305,"Longview Lake, Tulsa, OK",38032
48239950200,"Edna, TX",38032
36061006500,"Lower Manhattan, New York, NY",38032
12103025414,"Clearwater, FL",38032
13047030700,"Fort Oglethorpe, GA",38032
22017024203,"Keithville, LA",38031
26163574100,"Dearborn, MI",38031
27137015800,"Denfeld, Duluth, MN",38031
25025092101,"Dorchester, Boston, MA",38030
29133950100,"Charleston, MO",38030
36045061000,"Carthage, NY",38030
48203020102,"Waskom, TX",38029
49035111702,"South Salt Lake, UT",38029
1031010600,"Kinston, AL",38028
30051050100,"Chester, MT",38028
37045950601,"Kings Mountain, NC",38027
6059089104,"Garden Grove, CA",38027
6037534406,"Cudahy, CA",38026
48141000401,"Mountain Park, El Paso, TX",38026
48201521100,"Northwest Houston, Houston, TX",38026
12095016714,"Orlando, FL",38025
6037433902,"El Monte, CA",38025
26089970200,"Suttons Bay, MI",38025
13247060307,"Conyers, GA",38025
18097361100,"Irvington, Indianapolis, IN",38024
6065043310,"Hemet, CA",38024
30111001100,"Billings, MT",38024
12095013801,"Orlando, FL",38023
37105030101,"Sanford, NC",38023
45051051603,"Myrtle Beach, SC",38022
37101041503,"Angier, NC",38021
36047052000,"Kings County, NY",38021
12011060213,"Sunrise, FL",38021
55115100600,"Gresham, WI",38020
22099020200,"Arnaudville, LA",38020
25025140300,"Stony Brook / Cleary Square, Boston, MA",38020
36081060000,"Queens County, NY",38020
12015030301,"Englewood, FL",38019
24033805202,"Takoma Park, MD",38019
32003003006,"Charleston Preservation, Las Vegas, NV",38019
17031061902,"Lake View East, Chicago, IL",38019
13059001200,"Athens, GA",38019
35001000714,"Willow Wood, Albuquerque, NM",38019
12077950100,"Telogia, FL",38018
6037407501,"La Puente, CA",38018
9009154200,"West Haven, CT",38018
51810040403,"Northwest, Virginia Beach, VA",38018
26081014100,"Godwin Heights, Grand Rapids, MI",38017
8005005552,"Englewood, CO",38017
17031010502,"Rogers Park, Chicago, IL",38017
17119402300,"Alton, IL",38016
12019031300,"Green Cove Springs, FL",38016
48303001709,"Wester, Lubbock, TX",38015
36017970801,"Bainbridge, NY",38015
47113001608,"Three Way, TN",38015
36013036600,"Ripley, NY",38015
51047930102,"Rixeyville, VA",38015
47105060501,"Loudon, TN",38015
4019004107,"Sycamore Canyon, Vail, AZ",38015
25009260800,"Haverhill, MA",38015
26163554900,"Redford Charter Township, MI",38014
54033030200,"North View, Clarksburg, WV",38014
53061051803,"Lynnwood, WA",38014
16083001000,"Twin Falls, ID",38014
6083002703,"Lompoc, CA",38013
6073010012,"San Ysidro, San Diego, CA",38012
35005001102,"Roswell, NM",38012
47055920400,"Pulaski, TN",38012
40143007311,"Tower Heights, Tulsa, OK",38011
12085001404,"Hobe Sound, FL",38011
47053966800,"Trenton, TN",38011
24510271503,"Cross Keys, Baltimore, MD",38011
33003955600,"Tamworth, NH",38011
6089010702,"Quartz Hill, Redding, CA",38011
9001210200,"Danbury, CT",38010
29087960200,"Mound City, MO",38010
5121960200,"Pocahontas, AR",38010
51570830500,"Colonial Heights, VA",38009
41005024304,"Sandy, OR",38009
12021010110,"Naples Park, Naples, FL",38009
34009022101,"Cape May County, NJ",38009
6029002816,"Spice Tract, Bakersfield, CA",38009
48303001502,"Tech Terrace, Lubbock, TX",38008
48113007913,"Northeast Dallas, Dallas, TX",38008
4013040507,"Sun City West Commercial Core, Sun City West, AZ",38007
37081016306,"High Point, NC",38007
37101040700,"Smithfield, NC",38007
12071070200,"Saint James City, FL",38006
13135050435,"Lilburn, GA",38006
37067003307,"Kernersville, NC",38006
42061950800,"Cassville, PA",38006
4013421901,"Mesa, AZ",38005
41039002302,"Eugene, OR",38005
26157000900,"Vassar, MI",38005
6037128302,"Van Nuys, Los Angeles, CA",38004
6065043309,"Hemet, CA",38004
6085501401,"Central San Jose, San Jose, CA",38004
9009351601,"Waterbury, CT",38003
40019892100,"Springer, OK",38003
2090000900,"Fairbanks, AK",38002
36001002000,"Delaware Avenue, Albany, NY",38002
18067010200,"Kokomo, IN",38001
12069030406,"Fruitland Park, FL",38001
25017350800,"Teele Square, Somerville, MA",38000
25009250800,"Lawrence, MA",37999
40081961200,"Tryon, OK",37999
53011042100,"Carter Park, Vancouver, WA",37999
39035106500,"Old Brooklyn, Cleveland, OH",37999
27021960600,"Backus, MN",37999
19053960100,"Leon, IA",37998
10003016404,"New Castle, DE",37998
4021000314,"Apache Junction, AZ",37997
8041005900,"Colorado Springs, CO",37997
36027140500,"Poughkeepsie, NY",37997
53063011101,"Nevada / Lidgerwood, Spokane, WA",37997
27035951000,"Brainerd, MN",37996
24031700724,"Gaithersburg, MD",37996
55009001300,"Green Bay, WI",37996
26149041200,"Centreville, MI",37995
53003960600,"Clarkston, WA",37995
6013314104,"Bay Point, CA",37994
47119010900,"Mount Pleasant, TN",37994
6065051100,"Moreno Valley, CA",37993
6053012000,"Pacific Grove, CA",37993
24033801406,"Fort Washington, MD",37993
6059074602,"Eastside, Santa Ana, CA",37993
36101962200,"Addison, NY",37990
27123034400,"Dayton's Bluff, Saint Paul, MN",37989
36047023000,"Kings County, NY",37989
34003023100,"Hackensack, NJ",37988
17177000900,"Freeport, IL",37988
13139000101,"Lula, GA",37988
6065043701,"Hemet, CA",37988
48201521000,"Northwest Houston, Houston, TX",37988
6101050301,"Yuba City, CA",37988
18175967700,"New Pekin, IN",37987
37119005909,"Steele Creek, Charlotte, NC",37987
48453001766,"Leander, TX",37987
48131950200,"Freer, TX",37986
39065000400,"Ada, OH",37986
8005082600,"Tollgate Overlook, Aurora, CO",37986
48143950201,"Stephenville, TX",37986
26077006701,"Galesburg, MI",37986
18097380600,"Perry Township, Indianapolis, IN",37985
36065025600,"Deansboro, NY",37984
6029003113,"Bakersfield, CA",37983
55125950700,"Woodruff, WI",37983
20207096700,"Yates Center, KS",37983
19117950400,"Chariton, IA",37982
36061015601,"Upper East Side, New York, NY",37981
12103022301,"Saint Petersburg, FL",37980
16001001900,"Franklin - Randolph, Boise, ID",37980
6037204600,"Boyle Heights, Los Angeles, CA",37980
47165021105,"Hendersonville, TN",37979
12081002007,"Bradenton, FL",37979
21059001000,"Owensboro, KY",37978
26159010300,"South Haven, MI",37977
51053840100,"DeWitt, VA",37976
20091052418,"Cedar Tree Apartments, Shawnee, KS",37975
31161951600,"Gordon, NE",37975
48187210608,"New Braunfels, TX",37975
10005051900,"Delmar, DE",37975
48439102302,"Fort Worth, TX",37974
6037204810,"Boyle Heights, Los Angeles, CA",37974
26163584400,"Taylor, MI",37974
6067008142,"Citrus Heights, CA",37973
12081001911,"Parrish, FL",37973
12099007738,"Boca Raton, FL",37973
22051025600,"Gretna, LA",37972
5017080100,"Lake Village, AR",37971
6083000801,"Milpas, Santa Barbara, CA",37971
26115830200,"Newport, Berlin Charter Township, MI",37971
48201431301,"Westside, Houston, TX",37971
1059973300,"Russellville, AL",37970
6071002105,"Rancho Cucamonga, CA",37970
54039002100,"Charleston, WV",37970
12011010607,"Coconut Creek, FL",37970
36123150500,"Penn Yan, NY",37969
21209040203,"Georgetown, KY",37968
47085130300,"Waverly, TN",37968
6073012101,"National City, CA",37968
49049002000,"North Park, Provo, UT",37968
48213950800,"Tool, TX",37968
6029002815,"Bakersfield, CA",37967
6037406702,"Walnut Valley, West Covina, CA",37966
13313000900,"Dalton, GA",37966
6037530802,"Los Angeles, CA",37966
44003020300,"West Warwick, RI",37966
34039031601,"Elizabeth, NJ",37965
30029001700,"Kalispell, MT",37964
17051950800,"Vandalia, IL",37964
47157020810,"Arlington, TN",37963
24031700723,"Gaithersburg, MD",37963
51101950200,"West Point, VA",37963
36047008200,"Kings County, NY",37962
6037291130,"Harbor, Gardena, CA",37962
6037555002,"Lakewood, CA",37962
13257970302,"Toccoa, GA",37961
42049002200,"Erie, PA",37960
30081000800,"Conner, MT",37960
45011970400,"Barnwell, SC",37960
23001030200,"Lisbon Falls, Lisbon, ME",37960
37003040100,"Hiddenite, NC",37959
36047051500,"Kings County, NY",37959
36085023100,"Richmond County, NY",37959
51015071101,"Stuarts Draft, VA",37959
25025081001,"Mission Hill, Boston, MA",37958
8089968200,"Rocky Ford, CO",37957
47055920200,"Pulaski, TN",37957
15003005800,"Kalihi - Palama, Honolulu, HI",37956
22017023903,"Ellerbee Woods, Shreveport, LA",37956
12069031306,"Clermont, FL",37956
12127082508,"Seminole Woods, Port Orange, FL",37956
48029121701,"Northeast Side, Universal City, TX",37955
18157010201,"West Lafayette, IN",37955
29095013703,"Lee's Summit, MO",37954
17031813802,"Cicero, IL",37954
41051010410,"Northeast, Gresham, OR",37954
53075000700,"Garfield, WA",37952
28153950300,"Waynesboro, MS",37952
36015010500,"Horseheads, NY",37951
18127050503,"Valparaiso, IN",37951
37183053106,"Boulder Creek, Fuquay Varina, NC",37951
28047003304,"Biloxi, MS",37951
39035117700,"North Collinwood, Cleveland, OH",37950
48201532300,"Fairbanks/ Northwest Crossing, Houston, TX",37950
6001406400,"Reservoir Hills, Oakland, CA",37950
48201423600,"Southwest Houston, Houston, TX",37949
6047000801,"Atwater, CA",37949
6115040800,"Wheatland, CA",37949
48439111309,"Mansfield, TX",37949
8123001005,"Evans, CO",37948
48409011100,"Odem, TX",37947
54041967200,"Weston, WV",37947
6037900506,"Lancaster, CA",37947
20173007101,"Wichita, KS",37947
6037408140,"La Puente, CA",37947
12086020100,"Miami, FL",37946
47037015630,"Antioch, Nashville, TN",37946
51019030202,"Huddleston, VA",37946
37119001914,"East Forest, Charlotte, NC",37946
4027000901,"El Pueblocito, Yuma, AZ",37946
6071003401,"Fontana, CA",37945
36055013104,"Rochester, NY",37945
17031580100,"Brighton Park, Chicago, IL",37944
26051000800,"Beaverton, MI",37944
20103071102,"Lansing, KS",37944
26035000800,"Clare, MI",37944
6037551101,"Downey, CA",37942
37097061304,"Mooresville, NC",37942
54003971800,"Gerrardstown, WV",37941
20037957600,"Pittsburg, KS",37941
48029181001,"North Central, San Antonio, TX",37941
5029950500,"Plumerville, AR",37941
6037601202,"Inglewood, CA",37941
26097950300,"Gould City, MI",37941
36093033200,"Schenectady, NY",37940
37183053207,"Stonemont, Holly Springs, NC",37940
24003750203,"Baltimore, MD",37940
55003950700,"Butternut, WI",37940
20127963600,"Wilsey, KS",37939
54085962300,"Pennsboro, WV",37939
48249950400,"Alice, TX",37939
15001020802,"Hilo, HI",37939
26163580800,"Wyandotte, MI",37938
48453000302,"Hyde Park, Austin, TX",37938
8041004503,"Fountain Valley, Colorado Springs, CO",37938
27169670700,"Winona, MN",37937
42007604700,"Aliquippa, PA",37937
6087120302,"Ben Lomond, CA",37936
47051960400,"Winchester, TN",37936
37089931801,"Hendersonville, NC",37936
40015162000,"Anadarko, OK",37935
28073020500,"Lamar County, MS",37934
42017103800,"Upper Black Eddy, PA",37934
17031570400,"South Side, Chicago, IL",37934
6039000202,"Chowchilla, CA",37934
6071010011,"Hesperia, CA",37934
4021001200,"Casa Grande, AZ",37933
39095000600,"Five Points, Toledo, OH",37933
6037183300,"Northeast Los Angeles, Los Angeles, CA",37932
45063020605,"West Columbia, SC",37931
47165020102,"Westmoreland, TN",37931
41063960300,"Enterprise, OR",37930
48303001706,"West End, Lubbock, TX",37930
12109021205,"St. Augustine, FL",37929
26059050800,"Ward 4, Hillsdale, MI",37929
6059110500,"Buena Park, CA",37929
16067970400,"Rupert, ID",37929
25003900900,"Pittsfield, MA",37929
40121486800,"Kiowa, OK",37928
47131965100,"Union City, TN",37927
12011060114,"Lauderhill, FL",37927
34013000100,"Forest Hill, Newark, NJ",37927
36049950400,"Glenfield, NY",37927
42003462100,"McKees Rocks, PA",37927
37189920300,"Vilas, NC",37927
1009050400,"Blountsville, AL",37927
48499950500,"Quitman, TX",37926
13101880200,"Lake Park, GA",37925
48309002501,"Parkdale Viking Hills, Waco, TX",37925
47083120100,"Erin, TN",37924
42027012800,"State College, PA",37924
4003000400,"Tombstone, AZ",37923
6059074106,"South Coast Metro, Santa Ana, CA",37923
56021000401,"Cheyenne, WY",37923
13085970100,"Dawsonville, GA",37922
41035970600,"Malin, OR",37922
6065044904,"Cathedral City, CA",37922
6037621204,"South Redondo, Redondo Beach, CA",37921
47169090100,"Hartsville, TN",37921
41051008202,"Southeast Portland, Portland, OR",37921
6071007306,"Loma Linda, CA",37919
48201220500,"North Houston, Houston, TX",37919
18023950400,"Frankfort, IN",37919
6065045213,"Indio, CA",37918
40065968300,"Duke, OK",37918
24017850709,"Waldorf, MD",37917
47099960401,"Lawrenceburg, TN",37916
41051007300,"Northeast Portland, Portland, OR",37916
19155030800,"Council Bluffs, IA",37915
26057000700,"Wheeler, MI",37915
31047968500,"Lexington, NE",37915
1097007202,"Coden, AL",37914
12053040302,"Brooksville, FL",37914
6073008305,"La Jolla, San Diego, CA",37914
24043001001,"Hagerstown, MD",37913
29073960400,"Owensville, MO",37913
48381022002,"Amarillo, TX",37913
37063002007,"Hope Valley, Durham, NC",37912
17201000502,"Rockford, IL",37912
6059074701,"New Horizons, Santa Ana, CA",37912
12011060122,"Plantation, FL",37911
53063010304,"Deer Park, WA",37910
41047010801,"Turner, OR",37910
12031016400,"Southside, Jacksonville, FL",37910
45031010500,"Hartsville, SC",37910
45047970201,"Greenwood, SC",37909
6059087901,"Stanton, CA",37909
22051023200,"Metairie, LA",37909
6023000800,"Eureka, CA",37909
28049010804,"Clinton, MS",37908
5045030101,"Greenbrier, AR",37908
46135966100,"Yankton, SD",37908
36047049900,"Kings County, NY",37908
39113021900,"Kettering, OH",37907
26157000500,"Caro, MI",37906
55057100300,"Necedah, WI",37906
51683910401,"Manassas, VA",37905
42033331200,"Clearfield, PA",37905
48201534001,"Houston, TX",37905
28111950101,"Richton, MS",37905
17195000800,"Tampico, IL",37904
35043010719,"Rio Rancho, NM",37903
22051027805,"Harvey, LA",37903
5083950100,"New Blaine, AR",37903
50021963700,"Fair Haven, Fair Haven, VT",37902
18097310203,"Fieldstone and Brookstone, Indianapolis, IN",37902
51520020400,"Bristol, VA",37902
48133950300,"Cisco, TX",37901
53027001500,"Hoquiam, WA",37901
53053063200,"Eastside, Tacoma, WA",37901
40147001100,"Dewey, OK",37900
48029171923,"Far West Side, San Antonio, TX",37900
51053840400,"Petersburg, VA",37900
32031002615,"North Valleys, Reno, NV",37899
12097042400,"Kissimmee, FL",37899
6107002007,"Visalia, CA",37899
55079009500,"Washington Heights, Milwaukee, WI",37899
48141010317,"East Glen, El Paso, TX",37898
6051000101,"Mammoth Lakes, CA",37897
8031006813,"Southeast, Denver, CO",37897
48001950901,"Palestine, TX",37897
6083002930,"Goleta, CA",37895
4013103302,"Paradise Valley Village, Phoenix, AZ",37895
13077170100,"Newnan, GA",37894
49035113534,"West Jordan, UT",37894
41029001500,"Jacksonville, OR",37894
36013036800,"Ashville, NY",37893
39035160602,"Lakewood, OH",37893
5079960400,"Star City, AR",37892
41029000406,"Medford, OR",37892
13067031506,"Powder Springs, GA",37892
51810045801,"Windsor Woods, Virginia Beach, VA",37891
12095016411,"Orlando, FL",37891
6065044807,"Araby Cove, Palm Springs, CA",37891
42115032000,"Friendsville, PA",37891
48141010218,"El Paso, TX",37890
6037208802,"Central LA, Los Angeles, CA",37890
36061013300,"Hell's Kitchen, New York, NY",37890
4019001700,"La Madera, Tucson, AZ",37889
34029729000,"Ocean Gate, NJ",37889
42003403500,"East Tarentum, Tarentum, PA",37889
36081023500,"Queens County, NY",37888
36011041800,"Auburn, NY",37887
36045060700,"Philadelphia, NY",37886
18019050401,"Clarksville, IN",37886
13311950201,"Cleveland, GA",37886
45045003802,"Greenville, SC",37885
12069031307,"Clermont, FL",37885
39007000602,"Ashtabula, OH",37885
45013000902,"Beaufort, SC",37885
53057952301,"Mount Vernon, WA",37885
45047970202,"Greenwood, SC",37884
1097006105,"Prichard, AL",37884
39007001400,"Orwell, OH",37883
48029131613,"Northeast Side, Converse, TX",37883
11001009901,"Penn Branch, Washington, DC",37883
4013071910,"Downtown, Peoria, AZ",37882
47157020900,"Arlington, TN",37882
48361020500,"West Orange, TX",37882
19127950900,"Marshalltown, IA",37881
47093006001,"Knoxville, TN",37881
12086006205,"Douglas, Coral Gables, FL",37881
6037601402,"Inglewood, CA",37880
12101030204,"West Port, Port Richey, FL",37879
29095007100,"Plaza Area, Kansas City, MO",37879
36047007400,"Kings County, NY",37879
53063011201,"Nevada / Lidgerwood, Spokane, WA",37878
6073020308,"Central Escondido, Escondido, CA",37878
6099000303,"Riverbank, CA",37877
12057007103,"Sun Bay South, Tampa, FL",37877
18089020300,"Hammond, IN",37877
21033920300,"Princeton, KY",37877
36061030300,"Inwood, New York, NY",37877
26089970400,"Empire, MI",37876
47157020610,"Memphis, TN",37876
41039000902,"Elmira, OR",37876
20133951800,"Chanute, KS",37875
42033331300,"Clearfield, PA",37875
25013801602,"Sixteen Acres, Springfield, MA",37875
41017000402,"Sunriver, OR",37874
26121002602,"Norton Shores, MI",37874
13139000201,"Gainesville, GA",37872
36077591600,"Unadilla, NY",37872
13121010118,"Sandy Springs, GA",37872
47109930400,"Stantonville, TN",37871
51125950200,"Afton, VA",37871
12103027315,"Rustic Oaks, Palm Harbor, FL",37871
37119005918,"Yorkshire, Charlotte, NC",37871
27111961000,"Fergus Falls, MN",37870
37035010303,"Hickory, NC",37869
1043964600,"Cullman, AL",37869
18005010400,"Columbus, IN",37869
1097003000,"Crestview, Mobile, AL",37869
1101005302,"Montgomery, AL",37868
17031825503,"Hazel Crest, IL",37868
48113004600,"Oak Cliff, Dallas, TX",37867
6059074102,"Bristol Warner, Santa Ana, CA",37867
28095950100,"Amory, MS",37867
48201423301,"Southwest Houston, Houston, TX",37866
19153003901,"Des Moines, IA",37866
6037134800,"Winnetka, Los Angeles, CA",37865
24033801216,"Clinton, MD",37865
6037530204,"South Montebello, Montebello, CA",37865
45045001808,"Greenville, SC",37865
24047950800,"Showell, MD",37863
47081950302,"Centerville, TN",37863
50007002500,"Winooski, VT",37863
20037956600,"Mulberry, KS",37862
6071000201,"Montclair, CA",37862
6037544001,"Carson, CA",37862
36107020600,"Tioga Center, NY",37861
36061000202,"Lower Manhattan, New York, NY",37860
26103001200,"Marquette, MI",37859
21117064400,"Erlanger, KY",37859
30017961600,"Miles City, MT",37859
8041004502,"Colorado Springs, CO",37859
51121020500,"Murphy, Blacksburg, VA",37859
12035060210,"Palm Coast, FL",37858
40071001100,"Tonkawa, OK",37858
4007000301,"Payson, AZ",37858
18095010400,"Elwood, IN",37858
23011023001,"Winslow, ME",37857
8005006601,"Littleton, CO",37857
48427950106,"Rio Grande City, TX",37856
37119005912,"Olde Whitehall, Charlotte, NC",37856
41043020300,"Albany, OR",37855
8041003905,"Briargate, Colorado Springs, CO",37854
41063960200,"Wallowa, OR",37853
26059050500,"Jonesville, MI",37853
22057020500,"Thibodaux, LA",37853
42101030100,"Frankford, Philadelphia, PA",37853
6083003001,"Goleta, CA",37853
16083000400,"Buhl, ID",37852
48303010506,"Lubbock, TX",37852
26143970500,"Roscommon, MI",37851
34017015202,"West New York, NJ",37851
6047000304,"Livingston, CA",37851
29077004803,"Republic, MO",37851
37113970501,"Highlands, NC",37850
19111490200,"Fort Madison, IA",37850
41003010702,"Corvallis, OR",37850
36029002300,"Lovejoy, Buffalo, NY",37850
39133601200,"Kent, OH",37850
1097006501,"Theodore, AL",37849
16019970800,"Idaho Falls, ID",37849
17031841900,"University Village / Little Italy, Chicago, IL",37849
29145020700,"Seneca, MO",37848
23001020900,"Lewiston, ME",37848
4019004065,"Rita Ranch, Tucson, AZ",37848
6077001400,"Pacific, Stockton, CA",37848
15007040800,"Hanapepe, HI",37848
42037051100,"Bloomsburg, PA",37848
39035152400,"Euclid, OH",37848
42003040500,"Central Oakland, Pittsburgh, PA",37847
10001041701,"Camden Wyoming, Camden, DE",37847
39083007300,"Mount Vernon, OH",37847
1073012403,"Adamsville, AL",37846
51063920101,"Floyd, VA",37846
4027001200,"Desert View, Yuma, AZ",37846
36047101000,"Kings County, NY",37845
27109000600,"Rochester, MN",37845
12099007912,"Loxahatchee, FL",37845
22009030300,"Marksville, LA",37844
26099262100,"Warren, MI",37844
19187000400,"Fort Dodge, IA",37844
32003004923,"Orchards, Las Vegas, NV",37844
53059950300,"Stevenson, WA",37844
53047970400,"Tonasket, WA",37844
5125010511,"Benton, AR",37843
42049010500,"Erie, PA",37843
37183054112,"Knightdale, NC",37842
39157022001,"Uhrichsville, OH",37842
6071007410,"San Andreas, Highland, CA",37842
24031700719,"Gaithersburg, MD",37841
48029171922,"Far West Side, San Antonio, TX",37841
54093965200,"Parsons, WV",37840
12011050601,"Central Corals, Oakland Park, FL",37840
6033001200,"Lower Lake, CA",37840
29043020400,"Sparta, MO",37839
6111004101,"Bryce Canyon North, Oxnard, CA",37839
51059421500,"Alexandria, VA",37839
4019004422,"Westside Development, Tucson, AZ",37839
6065042409,"Moreno Valley, CA",37839
39029952000,"East Liverpool, OH",37838
47115050201,"Jasper, TN",37838
13045911000,"Carrollton, GA",37838
34013009500,"Forest Hill, Newark, NJ",37838
6089010602,"Lakeside Avenues Subdivision, Redding, CA",37837
16005000700,"Pocatello, ID",37837
51121020300,"Tom's Creek, Blacksburg, VA",37837
39113050103,"Miamisburg, OH",37836
48225950700,"Lovelady, TX",37836
22033004503,"Broadmoor/Sherwood Forest, Baton Rouge, LA",37836
21061920400,"Smiths Grove, KY",37836
36059414304,"Freeport, NY",37836
53025011100,"Moses Lake, WA",37836
49049002205,"Lake View South, Provo, UT",37835
6065040904,"La Sierra Hills, Riverside, CA",37834
47171080100,"Erwin, TN",37834
55043961000,"Platteville, WI",37834
21023950100,"Augusta, KY",37833
25011040400,"Wendell, MA",37833
54099021000,"Fort Gay, WV",37833
8031007089,"East, Denver, CO",37833
54055001100,"Athens, WV",37833
37081015705,"Greensboro, NC",37832
47153060200,"Signal Mountain, TN",37831
48365950100,"De Berry, TX",37830
53033029206,"Kent, WA",37830
36015011000,"Elmira, NY",37829
12113010300,"Pace, FL",37829
17161021700,"Willard / Wharton, Moline, IL",37829
39061020505,"Cincinnati, OH",37829
4013105900,"Alhambra, Phoenix, AZ",37828
6059063701,"Westside Costa Mesa, Costa Mesa, CA",37828
53071920300,"College Place, WA",37828
48321730600,"Palacios, TX",37828
29095011300,"Independence, MO",37827
17051950500,"Saint Elmo, IL",37827
20045000802,"Lawrence, KS",37827
6037533107,"Huntington Park, CA",37825
26049011210,"Grand Blanc, MI",37825
39141955603,"Chillicothe, OH",37825
4013110802,"Camelback East Village, Phoenix, AZ",37824
48481740400,"Wharton, TX",37824
40013796001,"Durant, OK",37823
22009030500,"Mansura, LA",37823
55081950600,"Tomah, WI",37823
26033970800,"Rudyard, MI",37822
19133960300,"Onawa, IA",37822
8001009308,"Denver, CO",37822
40069660200,"Tishomingo, OK",37821
39073964900,"Logan, OH",37821
37119005610,"Harris - Houston, Charlotte, NC",37821
22017024400,"Western Hills and Yarborough Subdivision, Shreveport, LA",37821
36059414201,"Freeport, NY",37820
29510115400,"Bevo, St. Louis, MO",37820
37025042503,"Concord, NC",37819
26065002200,"Lansing, MI",37819
27145000602,"St. Cloud, MN",37818
17031210100,"Avondale, Chicago, IL",37818
42079216800,"Freeland, PA",37818
13097080510,"Douglasville, GA",37818
26057000500,"Alma, MI",37817
47019070200,"Elizabethton, TN",37817
37051002100,"Terry Sanford, Fayetteville, NC",37817
50027966500,"Chester, VT",37816
54061010901,"South Park, Morgantown, WV",37816
8001008606,"Brighton, CO",37815
55009001000,"Green Bay, WI",37815
26099256100,"Roseville, MI",37815
6037404401,"Azusa, CA",37815
6111000200,"Fillmore, CA",37815
29077004301,"Springfield, MO",37814
12055960700,"Sebring, FL",37814
36119006300,"New Rochelle, NY",37814
54043955500,"Hamlin, WV",37814
20037957300,"Pittsburg, KS",37814
12086005102,"Little Havana, Miami, FL",37814
24033802301,"District Heights, MD",37814
51700032005,"Central Newport News, Newport News, VA",37813
6115040200,"Marysville, CA",37813
4013092709,"Summersett Village, Peoria, AZ",37813
48409010202,"Aransas Pass, TX",37812
45047970301,"Greenwood, SC",37812
12086013800,"Hialeah, FL",37811
26129950500,"West Branch, MI",37811
48113013714,"Original Town, Carrollton, TX",37811
48355003102,"Flour Bluff, Corpus Christi, TX",37810
13089021209,"North Brookhaven, Atlanta, GA",37810
40095094700,"Madill, OK",37809
24033800210,"Laurel, MD",37809
51710001200,"Norfolk, VA",37809
6075017700,"Mission District, San Francisco, CA",37809
53063004700,"Lincoln Heights, Spokane, WA",37809
18181958600,"Monticello, IN",37808
40077087300,"Talihina, OK",37807
27053009600,"Powderhorn, Minneapolis, MN",37807
8083969300,"Cortez, CO",37806
6037297201,"San Pedro, Los Angeles, CA",37806
18013974600,"Nineveh, IN",37806
6067009201,"Sacramento, CA",37806
36047021100,"Kings County, NY",37805
32003001714,"Las Vegas, NV",37804
6037204120,"Central LA, Los Angeles, CA",37803
12087971800,"Key West, FL",37803
8041000600,"East Colorado Springs, Colorado Springs, CO",37803
37183054210,"Villages Of Rolesville, Rolesville, NC",37803
39099813400,"Salem, OH",37802
53029971600,"Camano Island, WA",37802
6093000400,"Hornbrook, CA",37802
18149953700,"Grovertown, IN",37802
6037900201,"Lancaster, CA",37801
12117021706,"Altamonte Springs, FL",37801
6037191620,"Central LA, Los Angeles, CA",37801
36089490700,"Winthrop, Stockholm, NY",37800
4013110901,"Camelback East Village, Phoenix, AZ",37800
42091208901,"Pottstown, PA",37800
17163503324,"Belleville, IL",37800
39049007112,"Brandywine, Columbus, OH",37799
18041954200,"Connersville, IN",37798
18105000903,"Bloomington, IN",37797
12069030306,"Leesburg, FL",37797
26161411700,"Gault Village, Ypsilanti, MI",37797
12099007739,"Boca Raton, FL",37796
47077975300,"Lexington, TN",37796
37183053204,"Holly Springs, NC",37794
36047117201,"Kings County, NY",37794
1039962400,"Opp, AL",37794
41027950100,"Hood River, OR",37794
55041950400,"Crandon, WI",37794
22103040102,"Abita Springs, LA",37794
24033801904,"Suitland, Camp Springs, MD",37794
28033070210,"Horn Lake, MS",37793
51059420400,"Alexandria, VA",37793
48201531300,"North Houston, Houston, TX",37793
6037185203,"Northeast Los Angeles, Los Angeles, CA",37792
23003950300,"Madawaska, ME",37792
13185011500,"Valdosta, GA",37790
22083970300,"Rayville, LA",37790
23009965504,"Ellsworth, ME",37790
1117030704,"Shelby, AL",37790
54039011402,"Charleston, WV",37790
20173005300,"Southwest Wichita, Wichita, KS",37788
4013071906,"Countryside Manor, Peoria, AZ",37788
40109108801,"Choctaw, OK",37788
13139001603,"Flowery Branch, GA",37787
6059086502,"Northeast Anaheim, Anaheim, CA",37786
6065049100,"Indio, CA",37785
51510200703,"Southwest Quadrant, Alexandria, VA",37785
17179020301,"East Peoria, IL",37785
19179960400,"Ottumwa, IA",37785
34021000700,"Chambersburg, Trenton, NJ",37785
42007603500,"Freedom, PA",37784
48201511301,"Greater Heights, Houston, TX",37784
6001406201,"Meadow Brook, Oakland, CA",37784
17199020201,"Carterville, IL",37783
40143005001,"Tulsa, OK",37783
37129011800,"Wrightsville Beach, NC",37783
4021001100,"Coolidge, AZ",37783
48411950200,"San Saba, TX",37781
6037552301,"Norwalk, CA",37781
36055010901,"East Irondequoit, Rochester, NY",37781
13157010300,"Commerce, GA",37780
39071955200,"Sardinia, OH",37780
6037540300,"Lynwood, CA",37780
17031520400,"South Side, Chicago, IL",37780
48423001401,"Lindale, TX",37780
48423002007,"Tyler, TX",37780
21029021200,"Lebanon Junction, KY",37780
6071010410,"Yucca Valley, CA",37779
26117970700,"Gowen, MI",37779
18143966900,"Scottsburg, IN",37779
8001008200,"Morris Heights, Aurora, CO",37779
36009960500,"Cattaraugus, NY",37778
39147963200,"Tiffin, OH",37778
32003000107,"Las Vegas, NV",37778
51550020805,"Greenbrier West, Chesapeake, VA",37777
48113014136,"Las Colinas, Irving, TX",37777
32003005847,"Las Vegas, NV",37776
34009021806,"North Cape May, NJ",37776
4013110400,"Encanto Village, Phoenix, AZ",37775
6025011802,"El Centro, CA",37775
23025966600,"Skowhegan, Skowhegan, ME",37775
6107003100,"Tulare, CA",37774
12069030104,"Altoona, FL",37773
32003003220,"Allure Townhomes, Las Vegas, NV",37773
17121952300,"Centralia, IL",37773
23003952100,"Mars Hill, ME",37773
6067006101,"Country Club Grove, Sacramento, CA",37772
29095012904,"South Kansas City, Kansas City, MO",37772
6071005100,"San Bernardino, CA",37772
39049006943,"Devonshire, Columbus, OH",37772
6107003502,"West Porterville, Porterville, CA",37771
47149041102,"Murfreesboro, TN",37771
17031830400,"Park Forest, IL",37771
5139950100,"Strong, AR",37770
34003015200,"Englewood, NJ",37770
48457950200,"Woodville, TX",37770
40041375602,"Grove, OK",37769
12103025010,"Largo, FL",37769
39059977400,"Cambridge, OH",37769
20055960507,"Garden City, KS",37769
27021960302,"Backus, MN",37768
51143010900,"Dry Fork, VA",37768
44007016300,"Pawtucket, RI",37768
4027011800,"Somerton, AZ",37767
47093005908,"Knoxville, TN",37767
25025080900,"Mission Hill, Boston, MA",37766
6083001304,"Alta Mesa, Santa Barbara, CA",37766
6067009610,"Southwestern Sacramento, Sacramento, CA",37765
51067020101,"Moneta, VA",37765
8077000601,"Grand Junction, CO",37764
24003706600,"Annapolis, MD",37764
28047003502,"Pass Christian, MS",37763
18163010100,"Evansville, IN",37763
12011031205,"Pompano Beach, FL",37763
6053013600,"Seaside, CA",37763
12011030703,"Coconut Creek, FL",37763
36089492400,"North Lawrence, NY",37762
21067003703,"Masterson Station, Lexington, KY",37762
13083040300,"Rising Fawn, GA",37762
6113011102,"Woodland, CA",37761
37031970504,"Morehead City, NC",37761
6077003213,"Sherwoods Manor, Stockton, CA",37761
18055954702,"Solsberry, IN",37761
34021000300,"Franklin Park, Trenton, NJ",37761
41039003202,"Springfield, OR",37760
26099256600,"Roseville, MI",37760
6037910712,"Palmdale, CA",37759
24031701800,"Takoma Park, MD",37759
6037552302,"Norwalk, CA",37759
12086000808,"Hialeah, FL",37758
27053100200,"Webber-Camden, Minneapolis, MN",37758
17031031900,"Uptown, Chicago, IL",37758
1073012908,"Birmingham, AL",37757
33009960400,"Thornton, NH",37757
48201320700,"Meadowbrook/ Allendale, Houston, TX",37757
47093006208,"Knoxville, TN",37756
35001000203,"Montgomery Park, Albuquerque, NM",37755
45013002103,"Hampton Lake, Bluffton, SC",37755
26049011902,"Davison, MI",37755
18095011700,"Pendleton, IN",37755
6071010402,"Twentynine Palms, CA",37754
13169030301,"Gray, GA",37754
37171930802,"State Road, NC",37754
48209010100,"Heritage, San Marcos, TX",37754
35061970303,"Los Lunas, NM",37753
6071010419,"Joshua Tree, CA",37753
8031000102,"Berkeley, Denver, CO",37753
6037206050,"Central LA, Los Angeles, CA",37752
18053010800,"Marion, IN",37751
6065031602,"Arlington, Riverside, CA",37750
17031843700,"North Center, Chicago, IL",37750
6085513000,"Stanford, CA",37748
53071920802,"Walla Walla, WA",37748
6037408202,"Bassett, City of Industry, CA",37748
32003001609,"Las Vegas, NV",37748
48491020504,"La Frontera Village, Round Rock, TX",37747
4013092721,"Rovey Farm Estates, Glendale, AZ",37747
48111950300,"Dalhart, TX",37747
48123970300,"Cuero, TX",37746
37179020403,"Monroe, NC",37746
47077975000,"Lexington, TN",37746
12053040907,"Spring Hill, FL",37745
17089854400,"Aurora, IL",37745
6079010101,"Paso Robles, CA",37745
6099003500,"Newman, CA",37745
5127950100,"Waldron, AR",37745
41039000404,"Junction City, OR",37745
8001009002,"Denver, CO",37744
32510000501,"Carson City, NV",37743
51165011000,"Fulks Run, VA",37743
17031301803,"Little Village, Chicago, IL",37741
28029950500,"Wesson, MS",37741
12095013607,"Orlando, FL",37740
48113016615,"Cedar Hill, TX",37740
4027980006,"Yuma, AZ",37739
53041970400,"Centralia, WA",37739
5139950200,"El Dorado, AR",37739
48121021635,"Far North Dallas, Dallas, TX",37739
26051000700,"Gladwin, MI",37738
12103027901,"Treasure Island, FL",37738
6019003803,"West Fresno, Fresno, CA",37738
48215023504,"Edinburg, TX",37738
4025001001,"Prescott, AZ",37737
33015069300,"Portsmouth, NH",37737
36091060300,"Corinth, NY",37737
47037015614,"Antioch, Nashville, TN",37737
13135050539,"Lawrenceville, GA",37737
53021020300,"Pasco, WA",37736
12021010604,"East Naples, Naples, FL",37736
6037123204,"North Hollywood, Los Angeles, CA",37736
36047049100,"Kings County, NY",37735
4013061019,"Canyon Trails, Goodyear, AZ",37735
46103010903,"Rapid City, SD",37734
13021011800,"Macon, GA",37734
40117957500,"Pawnee, OK",37733
37107011200,"Deep Run, NC",37733
15001020801,"Hilo, HI",37733
26005030901,"South Haven, MI",37733
39101010201,"Marion, OH",37732
6071006201,"Del Rosa, San Bernardino, CA",37732
15007040400,"Lihue, HI",37732
45013000901,"Beaufort, SC",37732
42049011801,"Wattsburg, PA",37732
6069000701,"Hollister, CA",37731
45045003701,"Greenville, SC",37731
41051008600,"Brentwood-Darlington, Portland, OR",37731
27099000300,"Austin, MN",37731
6037294701,"Wilmington, Los Angeles, CA",37730
37053110301,"Moyock, NC",37730
51185020100,"Bluefield, VA",37729
33013043001,"Franklin, NH",37725
54097966800,"Buckhannon, WV",37725
48113013712,"Farmers Branch, TX",37725
11001008100,"Northeast Washington, Washington, DC",37725
6037533902,"South Montebello, Bell Gardens, CA",37725
48201233102,"Northeast Houston, Houston, TX",37723
40109106707,"Northwest Oklahoma City, Oklahoma City, OK",37722
53025010902,"Moses Lake, WA",37722
15001021300,"Captain Cook, HI",37722
20177004100,"Central Topeka 1, Topeka, KS",37722
36117020800,"Sodus, NY",37721
46005956900,"Huron, SD",37721
17033880400,"Robinson, IL",37721
5143010702,"Fayetteville, AR",37721
4013106300,"Camelback East Village, Phoenix, AZ",37721
48201324200,"Harrisburg/ Manchester, Houston, TX",37721
6073010200,"Imperial Beach, CA",37720
47017962202,"McKenzie, TN",37720
22033003601,"Park Forest/LA North, Baton Rouge, LA",37719
22111960600,"Downsville, LA",37719
12086017500,"Miami, FL",37718
29077004600,"Strafford, MO",37718
12057013318,"Brandon, FL",37718
48201321300,"Edgebrook, Houston, TX",37717
20169000900,"Salina, KS",37716
6037501200,"Whittier, CA",37716
21223100200,"Bedford, KY",37716
12097041002,"Kissimmee, FL",37716
6037502700,"Santa Fe Springs, CA",37716
4015953800,"Kingman, AZ",37715
36017970802,"Greene, NY",37715
1125010602,"McCalla, AL",37715
47089070400,"New Market, TN",37715
48085032003,"Glen Eden, Plano, TX",37714
36091060502,"Hadley, NY",37714
48079950100,"Morton, TX",37713
48037011700,"Simms, TX",37713
39153502700,"Goodyear Heights, Akron, OH",37713
6037431200,"Duarte, CA",37713
36119000202,"Ludlow, Yonkers, NY",37713
55101001301,"Racine, WI",37713
50015953200,"Johnson, VT",37713
51710006607,"Bromley, Norfolk, VA",37712
17091011100,"Saint Anne, IL",37711
18097310310,"Liberty Creek North, Indianapolis, IN",37711
6113010902,"Woodland, CA",37711
47137925100,"Byrdstown, TN",37711
25005650500,"New Bedford, MA",37711
4021000307,"Apache Junction, AZ",37710
48491020113,"Georgetown, TX",37708
6071002705,"Rialto, CA",37707
25003901100,"Pittsfield, MA",37707
48491021502,"Chapel Hill North, Round Rock, TX",37707
37193961002,"Wilkesboro, NC",37707
53053073114,"Spanaway, WA",37707
53057952500,"Mount Vernon, WA",37707
6111003010,"Orchard Park, Oxnard, CA",37707
55079012900,"Johnson's Woods, Milwaukee, WI",37707
48201222401,"Northfield Place, Houston, TX",37707
6073018507,"San Luis Rey, Oceanside, CA",37707
48049950300,"Blanket, TX",37706
42107000500,"Mahanoy City, PA",37706
35049010310,"Santa Fe County, NM",37706
37071033500,"Stanley, NC",37705
48113016521,"Dallas, TX",37705
51187020400,"Front Royal, VA",37705
37159051101,"Rowan County, NC",37705
6001428700,"Alameda, CA",37704
12071010303,"Hancock, Cape Coral, FL",37703
47149040101,"La Vergne, TN",37703
40023966900,"Fort Towson, OK",37702
26049011503,"Burton, MI",37702
6083002306,"Santa Maria, CA",37702
17031282800,"Near West Side, Chicago, IL",37701
48143950700,"Hico, TX",37701
27137003000,"West Duluth, Duluth, MN",37700
6029005204,"Bodfish, CA",37699
21195930200,"Pikeville, KY",37699
39061021509,"Cincinnati, OH",37698
55127000800,"Delavan, WI",37698
12086004404,"Flamingo / Lummus, Miami Beach, FL",37697
48113013725,"Southwest Carrollton, Carrollton, TX",37697
40019892600,"Ardmore, OK",37696
6067007208,"Rio Linda, CA",37694
45003021002,"North Augusta, SC",37694
48303010406,"Lubbock, TX",37693
4021000207,"San Tan Valley, AZ",37693
6073002801,"Mid-City, San Diego, CA",37692
36065024500,"Camden, NY",37692
35001000114,"Matheson Park, Albuquerque, NM",37691
48253020101,"Ft. Phantom Area, Abilene, TX",37691
39035106100,"Brookside, Cleveland, OH",37690
55001950502,"Grand Marsh, WI",37689
48201553300,"Cypress Station, Houston, TX",37689
6019003104,"McLane, Clovis, CA",37688
40143002000,"Tulsa, OK",37688
19185070100,"Corydon, IA",37688
55069960500,"Irma, WI",37687
37105030502,"Sanford, NC",37687
48201334001,"Southbelt/ Ellington, Houston, TX",37686
48459950700,"Gilmer, TX",37686
48215021305,"Hidalgo, TX",37686
55037190100,"Florence, WI",37685
4013061031,"Surprise, AZ",37685
48099010201,"Gatesville, TX",37685
42101029100,"Lawncrest, Philadelphia, PA",37685
26051000600,"Gladwin, MI",37685
37127011101,"Rocky Mount, NC",37684
6037183810,"Northeast Los Angeles, Los Angeles, CA",37684
34005702206,"Burlington County, NJ",37683
49053270902,"Hurricane, UT",37682
48439111523,"East Arlington, Arlington, TX",37682
37183054111,"Wendell, NC",37680
12011010308,"Deerfield Beach, FL",37680
6037572302,"West Side, Long Beach, CA",37680
32003003609,"North Las Vegas, NV",37679
48201451700,"Westside, Houston, TX",37679
13137000300,"Clarkesville, GA",37679
48201521400,"Kempwood, Houston, TX",37678
37137950202,"Oriental, NC",37678
24033803607,"Lanham, MD",37678
6037213401,"Central LA, Los Angeles, CA",37677
41061970400,"La Grande, OR",37676
22051022001,"Metairie, LA",37676
30081000500,"Hamilton, MT",37676
12101032010,"Pasco County, FL",37676
12086004605,"Key Biscayne, FL",37675
6043000102,"Catheys Valley, CA",37675
48201220200,"Northside, Houston, TX",37675
28003950400,"Corinth, MS",37674
39049006352,"Governours Square, Columbus, OH",37674
6073012302,"Chula Vista, CA",37674
42111021500,"Meyersdale, PA",37673
26023950200,"Union City, MI",37673
17031140602,"Albany Park, Chicago, IL",37673
26021011300,"New Buffalo, MI",37672
5087960100,"Huntsville, AR",37671
29011960300,"Lamar, MO",37671
36103123201,"Farmingdale, NY",37670
17197880507,"Romeoville, IL",37669
6073004200,"North Park, San Diego, CA",37669
12071060102,"Fort Myers Beach, FL",37669
42007602100,"Rochester, PA",37668
24037876001,"Lexington Park, MD",37668
36043011502,"Old Forge, NY",37667
55139003300,"Neenah, WI",37667
6001403400,"Downtown Oakland, Oakland, CA",37666
6103000200,"Cottonwood, CA",37665
36081020600,"Queens County, NY",37665
19057000600,"Burlington, IA",37665
37085070802,"Lillington, NC",37665
34025810300,"Englishtown, NJ",37664
30089000200,"Trout Creek, MT",37664
39097040202,"London, OH",37663
1097007201,"Irvington, AL",37663
9003502300,"South End, Hartford, CT",37663
39015951202,"Mount Orab, OH",37662
27137015500,"Cook, MN",37661
48201222300,"Houston, TX",37661
31133967800,"Pawnee City, NE",37661
18105001102,"Bloomington, IN",37661
34023004300,"Perth Amboy, NJ",37661
21123960200,"Buffalo, KY",37660
48469000501,"Victoria, TX",37660
23015975600,"Bristol, ME",37660
12057010600,"Tampa, FL",37660
16045960200,"Emmett, ID",37659
48355003500,"Northwest Corpus Christi, Corpus Christi, TX",37659
34013016600,"Montclair, NJ",37659
51121021300,"Blacksburg, VA",37658
47011011401,"Cleveland, TN",37657
12099005000,"Lake Worth, FL",37657
13129970800,"Calhoun, GA",37656
12085000200,"Jensen Beach, FL",37656
18093950800,"Bedford, IN",37656
12103026814,"Briar Creek, Safety Harbor, FL",37655
12086011800,"Hialeah, FL",37655
48273020400,"Kingsville, TX",37655
18105000700,"Bloomington, IN",37655
36027040003,"Wingdale, NY",37654
48141010326,"Sandy Creek, El Paso, TX",37654
39089754400,"Newark, OH",37654
13097080304,"Douglasville, GA",37653
23019028500,"Howland, Howland, ME",37652
26111290300,"Midland, MI",37652
48409011000,"Sinton, TX",37652
45063020510,"Columbia, SC",37650
6059074501,"Cornerstone Village, Santa Ana, CA",37650
12085001409,"Stuart, FL",37650
22073010201,"Town and Country, Monroe, LA",37649
45035010801,"Summerville, SC",37649
48201550700,"Houston, TX",37649
55071000800,"Manitowoc, WI",37649
40097040400,"Chouteau, OK",37648
6071008001,"North Redlands, Redlands, CA",37648
48121021739,"Lewisville, TX",37648
6059110603,"Buena Park, CA",37648
21043960600,"Grayson, KY",37647
40109107707,"Midwest City, OK",37646
48201410402,"Montrose, Houston, TX",37646
42003070600,"Shadyside, Pittsburgh, PA",37646
12021011106,"Naples, FL",37644
42003461000,"Pittsburgh, PA",37644
12085001103,"Stuart, FL",37642
48329000100,"Hollandale Heights, Midland, TX",37642
39077916400,"Willard, OH",37641
22033004005,"South Baton Rouge, Baton Rouge, LA",37640
32031002105,"Mira Loma, Reno, NV",37640
29115490300,"Brookfield, MO",37640
5063490700,"Batesville, AR",37639
36083040100,"Troy, NY",37639
26017286300,"Pinconning, MI",37639
22071000606,"Old Aurora, New Orleans, LA",37639
22055001001,"Lafayette, LA",37639
26011970200,"Alger, MI",37638
17199020300,"Energy, IL",37638
6073009201,"Serra Mesa, San Diego, CA",37638
45019003200,"Joint Base Charleston, North Charleston, SC",37637
42123970400,"Pittsfield, PA",37637
54027968300,"Romney, WV",37637
55075961300,"Marinette, WI",37636
20059954200,"Ottawa, KS",37635
35013000104,"Las Cruces, NM",37635
6077003305,"Stockton, CA",37634
6029004604,"Delano, CA",37634
32003003634,"North Las Vegas, NV",37634
6059076102,"Anaheim Resort, Orange, CA",37634
47165020207,"Portland, TN",37634
24510260605,"Medford - Broening, Baltimore, MD",37634
13295020301,"Rossville, GA",37633
16027021700,"Caldwell, ID",37633
20135956200,"Ness City, KS",37633
37035011503,"Sherrills Ford, NC",37633
12101031409,"New Port Richey, FL",37632
48167720800,"Dickinson, TX",37632
12069031204,"Groveland, FL",37632
36013036402,"Stockton, NY",37631
6037269800,"Castle Heights, Los Angeles, CA",37631
29143960400,"Catron, MO",37631
4019004327,"Colonias La Canada, Sahuarita, AZ",37631
18163002800,"Mount Auburn, Evansville, IN",37631
42123971000,"Warren, PA",37631
53063012802,"Spokane Valley, WA",37630
22051025002,"Terrytown, LA",37630
2020002501,"Taku / Campbell, Anchorage, AK",37629
48029141300,"East Side, San Antonio, TX",37629
1057020100,"Winfield, AL",37629
42131400200,"Tunkhannock, PA",37628
29141470100,"Versailles, MO",37628
6037209300,"Central LA, Los Angeles, CA",37627
51197050402,"Max Meadows, VA",37627
41039002002,"Springfield, OR",37626
12083001103,"Ocala, FL",37626
26023951500,"Coldwater, MI",37626
45077010804,"Easley, SC",37625
12115002507,"Venice, FL",37625
36033950100,"Burke, NY",37625
48119950200,"Cooper, TX",37625
12095016001,"Winter Park, FL",37625
6037190510,"Central LA, Los Angeles, CA",37625
48409010201,"Aransas Pass, TX",37625
18083955500,"Vincennes, IN",37625
6037701801,"Pico, Santa Monica, CA",37624
12086006201,"Miami, FL",37622
17031830004,"Matteson, IL",37622
12115002100,"Osprey, FL",37621
37101041300,"Benson, NC",37621
25027707200,"Gardner, MA",37619
41067031705,"Cooper Mountain - Aloha North, Aloha, OR",37619
47037015404,"Hermitage, Nashville, TN",37619
13247060101,"Conyers, GA",37618
8005080800,"Aurora Hills, Aurora, CO",37618
48451001702,"San Angelo, TX",37618
55025002602,"Madison, WI",37617
12053041201,"Spring Hill, FL",37617
12009069901,"Merritt Island, FL",37616
51031020600,"Altavista, VA",37616
6013311000,"Pittsburg, CA",37616
42069101200,"Scranton, PA",37616
48223950700,"Como, TX",37616
29077001500,"Springfield, MO",37616
20155001300,"South Hutchinson, KS",37616
54099020400,"Huntington, WV",37616
26145012500,"Oakley, MI",37615
6085503112,"Central San Jose, San Jose, CA",37615
51113930100,"Aroda, VA",37615
39171950300,"Montpelier, OH",37615
2020002301,"Sand Lake, Anchorage, AK",37614
6077003410,"Valley Oak, Stockton, CA",37614
4003001000,"Bisbee, AZ",37614
15001020701,"Hilo, HI",37613
48201222100,"Greenwood Village, Houston, TX",37613
1071950400,"Scottsboro, AL",37612
13153021400,"Perry, GA",37612
18019050902,"Charlestown, IN",37611
4019004010,"Vista Del Sahuaro, Tucson, AZ",37611
12099007820,"West Palm Beach, FL",37611
6001436200,"Hayward, CA",37610
36095740800,"Gilboa, NY",37610
6097153003,"Santa Rosa, CA",37609
26011970500,"Standish, MI",37609
13157010702,"Jefferson, GA",37609
12086019300,"Deerwood, Miami, FL",37609
50021963800,"Poultney, VT",37608
34017000700,"The Heights, Jersey City, NJ",37608
42053530300,"Tionesta, PA",37608
6019007202,"Kingsburg, CA",37608
37023020802,"Morganton, NC",37607
20173005200,"Southwest Wichita, Wichita, KS",37607
54033030300,"Clarksburg, WV",37606
55009000700,"Green Bay, WI",37606
12086003914,"North Beach, Miami Beach, FL",37605
39063001100,"Findlay, OH",37605
51109950100,"Mineral, VA",37605
17197880113,"Bolingbrook, IL",37604
23011010600,"Pittston, ME",37603
26133970600,"Reed City, MI",37603
6113010501,"Davis, CA",37602
41019040000,"Oakland, OR",37601
53065950900,"Hunters, WA",37601
6037461100,"Altadena, CA",37600
18005011100,"Columbus, IN",37600
39025041800,"Bethel, OH",37599
53011042600,"Hudson Bay, Vancouver, WA",37599
6077005130,"Lathrop, CA",37599
21203950300,"Mount Vernon, KY",37598
25013812701,"Westfield, MA",37597
1097005500,"Saraland, AL",37596
23019009000,"Holden, ME",37596
12099004013,"West Palm Beach, FL",37596
17031832400,"Logan Square, Chicago, IL",37596
26159010100,"Gobles, MI",37596
5031000102,"Jonesboro, AR",37595
17031191302,"Belmont Central, Chicago, IL",37595
26133970300,"Le Roy, MI",37595
6073013306,"Chula Vista, CA",37595
15003008502,"Kapolei, HI",37594
12099003400,"Southside, West Palm Beach, FL",37594
53065950800,"Chewelah, WA",37594
26099263500,"Fitzgerald, Warren, MI",37593
34017017000,"Union City, NJ",37593
34013017700,"West Orange, NJ",37593
12095017013,"Orlando, FL",37592
54107010502,"Vienna, WV",37592
21097950500,"Cynthiana, KY",37592
47157003500,"Central Gardens, Memphis, TN",37591
45083022101,"Spartanburg, SC",37590
13151070107,"Ellenwood, GA",37590
48323950300,"Eagle Pass, TX",37589
6077002504,"Seaport, Stockton, CA",37589
6085504602,"Alviso, San Jose, CA",37589
55137960300,"Plainfield, WI",37588
20099950800,"Chetopa, KS",37588
27137001300,"East Hillside, Duluth, MN",37588
17031301802,"Little Village, Chicago, IL",37588
6037402706,"Westmont, Pomona, CA",37586
21125970800,"London, KY",37585
47033961300,"Friendship, TN",37585
48453002422,"South Austin, Austin, TX",37585
42007605400,"New Brighton, PA",37585
6073013903,"Spring Valley, CA",37584
6111003700,"Bartolo Square North, Oxnard, CA",37584
53027001600,"Aberdeen, WA",37584
20037957000,"Pittsburg, KS",37584
45021970202,"Gaffney, SC",37584
28145950100,"New Albany, MS",37583
26163567100,"Westland, MI",37583
48043950500,"Alpine, TX",37583
31055003300,"Columbus Park, Omaha, NE",37583
48099010400,"Gatesville, TX",37582
36119002106,"Colonial Heights, Yonkers, NY",37581
13089021503,"Merry Hills, Atlanta, GA",37580
6093000600,"Fort Jones, CA",37580
12071001705,"Fort Myers, FL",37580
12095012701,"College Park, Orlando, FL",37579
17113001302,"Bloomington, IL",37578
19145490300,"Shenandoah, IA",37578
12086003917,"North Bay Village, FL",37578
36101960200,"Prattsburgh, NY",37578
31055002500,"South Omaha, Omaha, NE",37578
39061025600,"Cincinnati, OH",37578
19139050900,"Muscatine, IA",37577
36083040200,"Troy, NY",37577
53063012600,"Spokane Valley, WA",37576
34023004000,"Perth Amboy, NJ",37576
46099000500,"Sioux Falls, SD",37576
48019000300,"Pipe Creek, TX",37576
26161414200,"Carpenter, Ann Arbor, MI",37576
26157000100,"Cass City, MI",37575
36061017700,"Upper West Side, New York, NY",37575
21009950900,"Austin, KY",37574
13139001004,"Gainesville, GA",37574
22097961500,"Opelousas, LA",37574
12103025503,"Largo, FL",37574
36047050500,"Kings County, NY",37573
48027023300,"Killeen, TX",37572
53063013100,"Greenacres, Spokane Valley, WA",37572
18179040600,"Bluffton, IN",37572
42123970500,"Youngsville, PA",37571
49011125702,"Clearfield, UT",37571
6089011100,"Girvan, Redding, CA",37570
48121021405,"Denton, TX",37570
39045032500,"Lancaster, OH",37568
32003003629,"North Las Vegas, NV",37568
47031971000,"Tullahoma, TN",37568
18127050900,"Valparaiso, IN",37568
17001000900,"Quincy, IL",37568
47009011501,"Maryville, TN",37567
1051030500,"Eclectic, AL",37567
37063001809,"Durham, NC",37566
20035493400,"Winfield, KS",37565
48407200200,"Coldspring, TX",37564
6059087300,"Anaheim Colony Historic District, Anaheim, CA",37562
37169070200,"Danbury, NC",37561
35001004750,"S.r. Marmon, Albuquerque, NM",37560
37071031201,"Mount Holly, NC",37558
6053000300,"Salinas, CA",37558
45045002604,"Taylors, SC",37557
13245010104,"Augusta, GA",37557
29077005700,"Oak Grove, Springfield, MO",37557
36047009800,"Kings County, NY",37557
34017015600,"West New York, NJ",37557
13039010602,"Saint Marys, GA",37556
6037533703,"Maywood, CA",37556
39105964100,"Reedsville, OH",37555
18157005200,"West Lafayette, IN",37554
26149040100,"Three Rivers, MI",37554
48439104400,"Ryan Place, Fort Worth, TX",37554
29161890900,"Rolla, MO",37554
4005002200,"Flagstaff, AZ",37554
4013319703,"Tempe, AZ",37553
22005031000,"Donaldsonville, LA",37552
53011041313,"Kevanna Park, Vancouver, WA",37552
37089930100,"Hendersonville, NC",37551
42079210900,"Pittston, PA",37551
39013010600,"Flushing, OH",37551
12011060111,"Tamarac, FL",37551
39113003000,"Belmont, Dayton, OH",37550
54079020603,"Hurricane, WV",37550
13039010401,"Saint Marys, GA",37550
6073009107,"Morena, San Diego, CA",37549
19155030502,"Council Bluffs, IA",37549
12099005951,"Boynton Beach, FL",37549
48203020604,"Hallsville, TX",37548
28047001202,"Biloxi, MS",37548
55025002603,"Madison, WI",37548
25013810601,"Chicopee, MA",37547
39155931300,"Trumbull County, OH",37547
24033801212,"Camp Springs, MD",37546
36005040702,"Bronx County, NY",37546
37127010800,"Battleboro, Red Oak, NC",37546
6073007501,"Ocean Beach, San Diego, CA",37546
37071030302,"Dallas, NC",37545
48143950300,"Dublin, TX",37545
41051008100,"Northeast Portland, Portland, OR",37545
6073012003,"National City, CA",37544
51019030603,"Vinton, VA",37543
13135050410,"Lilburn, GA",37543
17031700502,"Ashburn, Chicago, IL",37542
4025000204,"Paulden, AZ",37542
12086005904,"Miami, FL",37541
22001960100,"Church Point, LA",37540
13067031405,"Marietta, GA",37540
12095017104,"Winter Garden, FL",37539
20097969100,"Greensburg, KS",37539
34013007502,"North Ironbound, Newark, NJ",37539
34013019700,"Maplewood, NJ",37539
47113001300,"Jackson, TN",37539
16005001200,"Pocatello, ID",37537
37197050101,"East Bend, NC",37537
6071003301,"Fontana, CA",37537
17031832300,"Bucktown, Chicago, IL",37537
51159040200,"Farnham, VA",37536
6029002900,"Bakersfield, CA",37536
28067950900,"Ellisville, MS",37536
45045002903,"Mauldin, SC",37536
13295020400,"Lookout Mountain, GA",37535
6037121801,"North Hollywood, Los Angeles, CA",37534
39153507300,"Highland Square, Akron, OH",37534
37069060502,"Youngsville, NC",37534
45045002816,"Simpsonville, SC",37533
6089010703,"Blue Oak Terrace, Redding, CA",37532
12021010507,"Naples, FL",37532
36047105801,"Kings County, NY",37532
42029305700,"Coatesville, PA",37531
41051001201,"Buckman Neighborhood, Portland, OR",37531
40143002500,"Downtown, Tulsa, OK",37531
48389950200,"Pecos, TX",37531
53065950600,"Colville, WA",37531
6065043240,"Winchester, CA",37531
6097152100,"North Junior College Neighborhood Association, Santa Rosa, CA",37530
36047044500,"Kings County, NY",37530
36081059000,"Queens County, NY",37530
6037273700,"Venice, Los Angeles, CA",37530
17141961400,"Oregon, IL",37530
37089931700,"Laurel Park, NC",37530
42015951000,"Towanda, PA",37530
12086012100,"Hialeah, FL",37529
48251130302,"Cleburne, TX",37529
40017300300,"El Reno, OK",37528
6037602002,"Hawthorne, CA",37528
25005640500,"Fall River, MA",37528
41059950100,"Milton-Freewater, OR",37527
18105001303,"Bloomington, IN",37527
12121970200,"Live Oak, FL",37527
17031770500,"Des Plaines, IL",37527
6001406300,"Meadow Brook, Oakland, CA",37525
29101960700,"Knob Noster, MO",37525
39101000700,"Marion, OH",37525
33019975700,"Charlestown, NH",37524
21023950300,"Brooksville, KY",37524
48215020205,"Mission, TX",37524
24027601107,"Waterloo, Elkridge, MD",37524
55111001002,"Reedsburg, WI",37524
13067030405,"Marietta, GA",37523
6053014201,"Marina, CA",37523
11001010300,"Northwest Washington, Washington, DC",37523
53039950100,"Goldendale, WA",37523
12086009024,"Miami, FL",37522
48201423401,"Greater Fondren Southwest, Houston, TX",37522
26081001101,"North East Citizens Action, Grand Rapids, MI",37522
26101000700,"Manistee, MI",37522
1079979600,"Moulton, AL",37521
29057480100,"Greenfield, MO",37521
41039002902,"Eugene, OR",37520
42079214600,"Wilkes-Barre, PA",37520
4013092713,"Glendale, AZ",37520
42079216400,"Sugarloaf, PA",37519
26115832100,"Monroe, MI",37518
41013950200,"Prineville, OR",37518
53063014100,"Medical Lake, WA",37518
29229490300,"Macomb, MO",37517
36029006301,"Forest, Buffalo, NY",37517
13135050522,"Lawrenceville, GA",37517
26117970300,"Stanton, MI",37517
48347950200,"Cushing, TX",37516
26063950500,"Pigeon, MI",37515
51550020809,"Indian River, Chesapeake, VA",37515
48245010100,"Port Arthur, TX",37515
21019031100,"Ashland, KY",37514
39173020700,"Perrysburg, OH",37514
48005000101,"Pollok, TX",37514
6019007801,"Huron, CA",37514
12087970500,"Key Largo, FL",37514
47149042300,"Murfreesboro, TN",37513
17179021000,"Pekin, IL",37513
16001001202,"Winstead Park, Boise, ID",37513
8077001301,"Grand Junction, CO",37513
34007611000,"Gloucester City, NJ",37512
13135050520,"Lawrenceville, GA",37512
44007011000,"Central Falls, RI",37512
24031702500,"Downtown Silver Spring, Silver Spring, MD",37511
26163564504,"Canton, MI",37511
47093006501,"Corryton, TN",37510
29095013301,"Grandview, MO",37509
25013800500,"Liberty Heights, Springfield, MA",37509
27067780500,"Willmar, MN",37509
29225470202,"Marshfield, MO",37508
6079012200,"Oceano, CA",37508
48085032013,"Jefferson At Spring Creek - Apartments, Plano, TX",37508
39155930600,"Southington, OH",37507
17031813702,"Cicero, IL",37507
23001043000,"Livermore, ME",37507
47037015629,"Antioch, Nashville, TN",37507
18097340110,"Aspen Ridge, Indianapolis, IN",37506
2090001100,"Fairbanks, AK",37506
12127080700,"Ormond Beach, FL",37506
26145011702,"Birch Run, MI",37506
51197050401,"Wytheville, VA",37506
13115001701,"Silver Creek, GA",37505
54027968200,"Paw Paw, WV",37504
45045001803,"Taylors, SC",37504
53059950500,"Carson, WA",37504
33009961000,"Plymouth, Plymouth, NH",37504
6059063906,"College Park, Costa Mesa, CA",37503
1075030100,"Vernon, AL",37503
40143006804,"South Peoria, Tulsa, OK",37503
48113019032,"Garland, TX",37503
41017000600,"Bend, OR",37502
6037211804,"Central LA, Los Angeles, CA",37502
48481740800,"El Campo, TX",37502
33009961500,"Enfield, NH",37502
24033800102,"Laurel, MD",37501
13223120102,"Dallas, GA",37501
13001950500,"Baxley, GA",37500
12003040102,"Macclenny, FL",37500
25025050500,"Jeffries Point, Boston, MA",37499
23005004803,"Windham, ME",37499
6037131020,"Reseda, Los Angeles, CA",37499
6037910605,"Palmdale, CA",37498
48201511500,"Northside, Houston, TX",37498
23031022000,"Limington, ME",37498
48141010303,"Pebble Hills Park, El Paso, TX",37497
26051000500,"Beaverton, MI",37497
1081040200,"Auburn, AL",37496
12103026909,"Dunedin, FL",37496
26125173100,"Ferndale, MI",37496
39035132100,"Bedford, OH",37496
37069060200,"Louisburg, NC",37496
48217961400,"Hubbard, TX",37495
6065043010,"Lake Elsinore, CA",37494
6029003122,"Bakersfield, CA",37494
6029005507,"California City, CA",37494
53033029004,"Kent, WA",37493
6001406500,"Oakland, CA",37493
36005009200,"Bronx County, NY",37493
39157021900,"Uhrichsville, OH",37492
36077590900,"Oneonta, NY",37492
6077005302,"Tracy, CA",37492
8041000102,"East Colorado Springs, Colorado Springs, CO",37492
56001963400,"Laramie, WY",37491
41017001002,"Bend, OR",37491
4013103900,"North Mountain Village, Phoenix, AZ",37491
55035001300,"Eau Claire, WI",37491
26051000900,"Beaverton, MI",37491
30029000300,"Whitefish, MT",37490
26101000500,"Manistee, MI",37490
53055960500,"Lopez Island, WA",37490
36081060600,"Queens County, NY",37489
6037404703,"Baldwin Park, CA",37489
18035002200,"Selma, IN",37489
36047083200,"Kings County, NY",37489
6037294510,"Wilmington, Los Angeles, CA",37488
13151070106,"Stockbridge, GA",37488
51001090100,"Chincoteague Island, VA",37488
39155931000,"Cortland, OH",37488
36023970700,"Cortland, NY",37487
27053108700,"Corcoran, Minneapolis, MN",37487
45021970700,"Gaffney, SC",37487
6071006603,"Colton, CA",37487
12011060501,"Plantation, FL",37487
26125140700,"Auburn Hills, MI",37487
16055001400,"Coeur d'Alene, ID",37487
13139001605,"Flowery Branch, GA",37486
6037554404,"Bellflower, CA",37486
45045003012,"Simpsonville, SC",37486
48439111548,"Grand Prairie, TX",37485
48029181809,"Northwest Side, San Antonio, TX",37485
18177010700,"Centerville, IN",37485
37125950502,"Carthage, NC",37485
25003922100,"Adams, Adams, MA",37485
48029171921,"Far West Side, San Antonio, TX",37485
21035010302,"Murray, KY",37484
18051050501,"Princeton, IN",37484
47011010600,"Cleveland, TN",37484
36047067200,"Kings County, NY",37483
39023003700,"Ridgewood, Springfield, OH",37483
35045000505,"Kirtland, NM",37482
12011020101,"Margate, FL",37482
34025803600,"Red Bank, NJ",37482
12033002603,"Leeward, Pensacola, FL",37481
45003021500,"Aiken, SC",37481
41041951100,"Newport, OR",37480
6037400602,"Azusa, CA",37480
22043020100,"Pollock, LA",37480
13067030504,"Marietta, GA",37479
12081000504,"Bradenton, FL",37479
10003015000,"New Castle, DE",37479
28071950501,"Oxford, MS",37478
12099007809,"Loxahatchee, FL",37478
17089850201,"Carpentersville, IL",37478
39095005702,"North Towne, Toledo, OH",37478
40109107606,"Midwest City, OK",37477
21213970300,"Franklin, KY",37477
17019005402,"Urbana, IL",37477
12103027802,"Madeira Beach, FL",37477
12005001502,"Stanford Place, Panama City, FL",37476
36059407203,"Hempstead, NY",37476
36005021200,"Bronx County, NY",37475
6067008131,"Sacramento, CA",37474
6007002200,"Paradise, CA",37474
39123050302,"Lakeside, Lakeside Marblehead, OH",37474
40077087200,"Wilburton, OK",37473
47121960300,"Decatur, TN",37473
37041930102,"Edenton, NC",37473
26163584500,"Taylor, MI",37473
12086009309,"Hialeah, FL",37472
21227011300,"Bowling Green, KY",37472
48091310200,"New Braunfels, TX",37472
17201000300,"Loves Park, IL",37471
6037533803,"Bell, CA",37471
42091208801,"Pottstown, PA",37471
33013044300,"Concord, NH",37471
17031829200,"Chicago Heights, IL",37471
29015460700,"Warsaw, MO",37470
29095013416,"Grandview, MO",37470
4019004120,"Amado, AZ",37470
4025001702,"Sedona, AZ",37469
6037920037,"Los Angeles County, CA",37469
6047001902,"Le Grand, CA",37469
51810045806,"Virginia Beach, VA",37468
47059091200,"Mohawk, TN",37468
13135050543,"Lawrenceville, GA",37467
21081920100,"Dry Ridge, KY",37466
53053071602,"Tacoma, WA",37466
8073961800,"Hugo, CO",37466
17119402900,"Edwardsville, IL",37466
13067031208,"Smyrna, GA",37466
42079213900,"Hunlock Creek, PA",37466
31043010100,"South Sioux City, NE",37464
12115001804,"Sarasota, FL",37464
1095030300,"Union Grove, AL",37464
42089300700,"East Stroudsburg, PA",37464
40113940010,"Skiatook, OK",37463
6013369001,"San Pablo, CA",37463
17199020700,"Johnston City, IL",37463
48061013303,"Brownsville, TX",37463
47011011202,"Cleveland, TN",37462
53033030004,"Federal Way, WA",37462
24033805201,"Hyattsville, MD",37462
12101032804,"Spanish Trails Village, Zephyrhills, FL",37461
1015001700,"Anniston, AL",37460
48409010301,"Ingleside, TX",37460
6083001102,"Westside, Santa Barbara, CA",37460
6037407802,"La Puente, CA",37459
5119003305,"North Little Rock, AR",37459
50019951100,"West Charleston, Morgan, VT",37459
37151031400,"Randleman, NC",37459
55099970500,"Phillips, WI",37459
36101961600,"Corning, NY",37458
4013116704,"South Mountain Village, Phoenix, AZ",37458
25015820300,"North Amherst, Amherst, MA",37458
9001210701,"Danbury, CT",37457
51169030600,"Weber City, VA",37457
6073014102,"Jamacha-Lomita, San Diego, CA",37457
48499950800,"Mineola, TX",37456
18019050403,"Clarksville, IN",37456
31031955800,"Valentine, NE",37456
6037575803,"North Pine, Long Beach, CA",37455
37159051102,"Salisbury, NC",37455
39151711700,"Canton, OH",37455
39061025401,"Cincinnati, OH",37454
20045001001,"Barker, Lawrence, KS",37453
48439111541,"Southeast Arlington, Arlington, TX",37452
26099268100,"Center Line, MI",37452
6073018601,"Oceanside, CA",37451
37057060303,"Clemmons, NC",37451
51167030402,"Cedar Bluff, VA",37451
55003950300,"Ashland, WI",37451
47037015620,"Antioch, Nashville, TN",37450
42077002100,"Allentown, PA",37450
6013374000,"North & East, Richmond, CA",37450
51185020600,"Pounding Mill, VA",37449
26049010502,"Flushing, MI",37448
45045002402,"Greer, SC",37448
41053020303,"Monmouth, OR",37448
34017017600,"Union City, NJ",37448
37081015500,"Browns Summit, NC",37448
42045400302,"Lansdowne, PA",37447
18157001300,"Lafayette, IN",37447
45077011103,"Norris, SC",37447
40109108307,"Northwest Oklahoma City, Oklahoma City, OK",37446
6037224020,"South Los Angeles, Los Angeles, CA",37446
6095252608,"Fairfield, CA",37446
6037403722,"Covina, CA",37445
6099001400,"Modesto, CA",37445
37191001302,"Goldsboro, NC",37445
12105012802,"Winter Haven, FL",37444
6001422200,"Northwest Berkeley, Berkeley, CA",37444
39093024100,"Lorain, OH",37444
13023790100,"Cochran, GA",37444
48273020500,"Kingsville, TX",37443
26117970400,"Lakeview, MI",37443
23019007200,"Old Town, ME",37443
53067012710,"Rochester, WA",37443
45007010200,"Piedmont, SC",37443
16001002312,"West Valley, Boise, ID",37443
6051000200,"Mammoth Lakes, CA",37442
17009970500,"Mount Sterling, IL",37442
13013180104,"Auburn, GA",37442
6085503113,"Central San Jose, San Jose, CA",37442
54067950100,"Birch River, WV",37441
23011011000,"Gardiner, ME",37441
36007011902,"Castle Creek, NY",37441
21029020800,"Shepherdsville, KY",37440
6073020029,"San Marcos, CA",37440
5055480400,"Paragould, AR",37440
17031821300,"Blue Island, IL",37440
33011000800,"Manchester, NH",37439
11001002302,"Northwest Washington, Washington, DC",37439
36101962600,"Corning, NY",37439
6037576001,"Downtown, Long Beach, CA",37438
42003202200,"Sheraden, Pittsburgh, PA",37438
26147628000,"Port Huron, MI",37438
16027021002,"Nampa, ID",37438
37109070901,"Maiden, NC",37437
12003040202,"Glen Saint Mary, FL",37437
6037402406,"Westmont, Pomona, CA",37436
6037121900,"North Hollywood, Los Angeles, CA",37436
26045020902,"Charlotte, MI",37435
37067002801,"Tobaccoville, NC",37435
36065026700,"Blossvale, NY",37435
54057010400,"Burlington, WV",37434
1101001700,"Montgomery, AL",37434
20061000700,"Junction City, KS",37434
55039040500,"Fond du Lac, WI",37434
1033020902,"Tuscumbia, AL",37434
40031002004,"Lawton, OK",37433
36081053800,"Queens County, NY",37433
54033031300,"Lost Creek, WV",37433
8077000400,"Grand Junction, CO",37433
17031210900,"Avondale, Chicago, IL",37432
48215020102,"Mission, TX",37431
29095012906,"Bannister Acres, Kansas City, MO",37431
17201001600,"Rockford, IL",37431
39005970500,"Ashland, OH",37430
12103023200,"Saint Petersburg, FL",37430
42107000601,"Shenandoah, PA",37429
13077170802,"Moreland, GA",37428
12081002010,"Myakka City, FL",37428
51590000700,"Danville, VA",37428
48201323000,"Satsuma Gardens, Pasadena, TX",37428
6065941300,"Palm Springs, CA",37428
27123034601,"Dayton's Bluff, Saint Paul, MN",37428
41051007700,"Northeast Portland, Portland, OR",37427
41003010800,"Philomath, OR",37427
6065045606,"Indio, CA",37426
6037900507,"Lancaster, CA",37426
15009031501,"Lahaina, HI",37426
6037190801,"Central LA, Los Angeles, CA",37426
32003002976,"Las Vegas, NV",37425
39007000802,"Geneva, OH",37425
12087971002,"Duck Key, FL",37425
37031970903,"Emerald Isle, NC",37425
18081610403,"Greenwood, IN",37424
12061050602,"Vero Beach, FL",37423
48303010505,"University Pines, Lubbock, TX",37423
13143010200,"Tallapoosa, GA",37421
24025301601,"Edgewood, MD",37421
31153010402,"Bellevue, NE",37420
47037019109,"Antioch, Nashville, TN",37419
6019001408,"Roosevelt, Fresno, CA",37419
12057002400,"Northwest Tampa, Tampa, FL",37419
6025011700,"El Centro, CA",37419
18077966200,"Lexington, IN",37418
37175960401,"Pisgah Forest, NC",37418
39169001400,"Apple Creek, OH",37417
47179061602,"Jonesborough, TN",37417
21195931400,"Belfry, KY",37417
26081001000,"Creston Heights, Grand Rapids, MI",37416
12103027403,"Tarpon Springs, FL",37416
48167725900,"Galveston, TX",37416
49053271000,"La Verkin, UT",37416
37193960300,"North Wilkesboro, NC",37415
53029970200,"Oak Harbor, WA",37415
6073010111,"San Ysidro, San Diego, CA",37414
37101040500,"Princeton, NC",37414
55111000402,"Baraboo, WI",37414
12015030302,"Englewood South, Englewood, FL",37414
47141000400,"Cookeville, TN",37414
4013040502,"Casandro, Wickenburg, AZ",37414
45073030902,"Seneca, SC",37413
12031011902,"Northwest, Jacksonville, FL",37413
8117000200,"Dillon, CO",37413
12099004811,"Lake Worth, FL",37413
8001009553,"Denver, CO",37413
6037405301,"Covina, CA",37412
37085071303,"Sanford, NC",37411
6019003900,"Kerman, CA",37411
47187050503,"Fairview, TN",37410
53063012200,"Spokane Valley, WA",37410
26155031600,"Corunna, MI",37409
50007000600,"Old North End, Burlington, VT",37409
25013801605,"Sixteen Acres, Springfield, MA",37409
36027070401,"Hyde Park, NY",37409
51165010200,"Elkton, VA",37408
48439100102,"Scenic Bluff, Fort Worth, TX",37408
20177002701,"West Southwest 3, Topeka, KS",37408
23005002102,"Riverton, Portland, ME",37408
12086019900,"Miami, FL",37408
34017010900,"Constable Hook, Bayonne, NJ",37407
45045003902,"Travelers Rest, SC",37407
55029100300,"Ephraim, WI",37407
36093033400,"Schenectady, NY",37406
45079011301,"Columbia, SC",37406
53053063100,"South End, Tacoma, WA",37406
6073020017,"Vista, CA",37406
48113001102,"Lakewood Heights, Dallas, TX",37405
23031025201,"Biddeford, ME",37405
28115950500,"Pontotoc, MS",37405
49035102802,"Glendale, Salt Lake City, UT",37405
28045030601,"Perkinston, MS",37405
6037127920,"Van Nuys, Los Angeles, CA",37404
22051025103,"Gretna, LA",37404
6073018608,"North Valley, Oceanside, CA",37403
1003011407,"Gulf Shores, AL",37403
26133970500,"Evart, MI",37402
17031660302,"Chicago Lawn, Chicago, IL",37402
39025041306,"Cincinnati, OH",37400
15003940001,"Waimanalo, HI",37400
47163043500,"Blountville, TN",37399
6037536104,"South Gate, CA",37399
32003003613,"North Las Vegas, NV",37399
48141003403,"Cielo Vista South, El Paso, TX",37398
6037183221,"Northeast Los Angeles, Los Angeles, CA",37398
8001008506,"Northglenn, CO",37398
6037294410,"Harbor City, Los Angeles, CA",37398
47165020300,"Portland, TN",37397
42045400402,"Upper Darby, PA",37397
33001965900,"Laconia, NH",37397
54043955400,"Sod, WV",37397
41051009101,"Centennial, Portland, OR",37397
18013974900,"Nashville, IN",37396
10001043400,"Milford, DE",37396
51650010307,"Farmington, Hampton, VA",37396
41067031616,"Tanasbourne, Hillsboro, OR",37396
34023000501,"Piscataway Township, NJ",37395
6029002700,"Benton Park, Bakersfield, CA",37395
26021020200,"Buchanan, MI",37395
39169000700,"Wooster, OH",37395
17031242200,"West Town, Chicago, IL",37394
42101037800,"North Philadelphia, Philadelphia, PA",37394
37071033202,"Howe-Diary TND, Gastonia, NC",37393
48167722300,"Texas City, TX",37393
18039001801,"Elkhart, IN",37392
33011000600,"Manchester, NH",37392
41039003500,"Springfield, OR",37391
6053014301,"Marina, CA",37391
19025950100,"Manson, IA",37390
26027001900,"Dowagiac, MI",37390
55053960500,"Black River Falls, WI",37389
53053940006,"Eastside, Tacoma, WA",37389
23025967000,"Mercer, ME",37388
42049011600,"North East, PA",37387
51175200400,"Courtland, VA",37386
26009960500,"Alden, MI",37386
53073000700,"Roosevelt, Bellingham, WA",37385
12099005915,"Delray Beach, FL",37385
12086009015,"Miami, FL",37384
36119009200,"White Plains, NY",37384
15003006804,"Aliamanu - Salt Lakes - Foster Village, Honolulu, HI",37384
36119013304,"Ossining, NY",37383
20091052905,"North Ridge, Olathe, KS",37383
21227010801,"Bowling Green, KY",37382
21239050400,"Midway, KY",37382
6067007414,"Don Julio Estates, North Highlands, CA",37381
37081014407,"High Point, NC",37381
6059086903,"Southwest Anaheim, Anaheim, CA",37381
6073000500,"University Heights, San Diego, CA",37381
26045020601,"Potterville, MI",37379
18085961900,"Warsaw, IN",37379
55079011100,"Lower East Side, Milwaukee, WI",37379
26161405400,"Ann Arbor, MI",37379
13151070404,"Locust Grove, GA",37379
5009790600,"Harrison, AR",37379
21059000800,"Owensboro, KY",37378
53011042500,"Arnada, Vancouver, WA",37378
22103040701,"Lacombe, LA",37378
54019020100,"Fayetteville, WV",37378
18175967200,"Salem, IN",37377
12075970101,"Williston, FL",37377
18005010600,"Columbus, IN",37377
36107020100,"Berkshire, NY",37376
37097061205,"Statesville, NC",37376
48355003101,"Flour Bluff, Corpus Christi, TX",37376
11001011000,"Southwest Washington, Washington, DC",37376
8041003308,"Southeast Colorado Springs, Colorado Springs, CO",37376
12095015105,"Orlando, FL",37375
41001950500,"Baker City, OR",37374
13139000600,"Gainesville, GA",37374
47189030600,"Lebanon, TN",37374
29195090700,"Sweet Springs, MO",37374
6037120400,"Panorama City, Los Angeles, CA",37374
40089098400,"Valliant, OK",37373
6037207301,"Central LA, Los Angeles, CA",37373
42013101500,"Altoona, PA",37373
4019004614,"Tucson, AZ",37373
6053010400,"Castroville, CA",37373
39093071500,"Elyria, OH",37373
6037703002,"Los Angeles, CA",37372
24005402506,"Randallstown, MD",37372
37183053110,"Weekend Retreat, Raleigh, NC",37371
18105000100,"Bloomington, IN",37369
18013974700,"Morgantown, IN",37369
25017353200,"Cambridgeport, Cambridge, MA",37369
25025120104,"Jamaica Plain, Boston, MA",37368
29095012100,"Independence, MO",37368
17031221300,"Logan Square, Chicago, IL",37367
39145002200,"Lucasville, OH",37367
26103001700,"Negaunee, MI",37366
26061000800,"Houghton, MI",37366
5145070100,"Bald Knob, AR",37365
6073018905,"Fallbrook, CA",37365
29109470400,"Pierce City, MO",37365
26023950100,"Coldwater, MI",37365
12099000802,"Palm Beach Gardens, FL",37365
5009790200,"Harrison, AR",37364
50007000900,"South End, Burlington, VT",37364
8031005001,"East, Denver, CO",37364
47021070203,"Chapmansboro, TN",37364
6053013900,"Seaside, CA",37363
15003001903,"Waikīkī, Honolulu, HI",37361
16005000600,"Pocatello, ID",37360
29043020304,"Ozark, MO",37359
42037051000,"Bloomsburg, PA",37359
30013000100,"Great Falls, MT",37359
27061480801,"Grand Rapids, MN",37359
6085501000,"Central San Jose, San Jose, CA",37358
10005051205,"Fenwick Island, DE",37357
37119001505,"Newell South, Charlotte, NC",37357
12099007750,"Wellington, FL",37356
48099010101,"Gatesville, TX",37356
29145020602,"Neosho, MO",37355
20161000900,"Manhattan, KS",37355
1115040201,"Pell City, AL",37354
39001770300,"West Union, OH",37354
4013104206,"North Mountain Village, Phoenix, AZ",37354
13115001400,"Rome, GA",37354
6037109500,"San Fernando, CA",37354
12057012212,"Limona Improvement, Brandon, FL",37353
41039001600,"Fall Creek, OR",37353
13167960100,"Kite, GA",37353
28089030106,"Ridgeland, MS",37352
13139000302,"Gainesville, GA",37351
50003970800,"Shaftsbury, VT",37351
51139030500,"Shenandoah, VA",37351
13029920102,"Pembroke, GA",37351
6077003216,"Sherwoods Manor, Stockton, CA",37350
6037404803,"Baldwin Park, CA",37349
6037433700,"South El Monte, CA",37349
53015000900,"Kelso, WA",37349
6037910716,"Palmdale, CA",37348
48479001104,"Eastern Division, Laredo, TX",37348
48419950300,"Center, TX",37348
39093057100,"South Amherst, OH",37347
36069051200,"Canandaigua, NY",37347
25013812702,"Westfield, MA",37346
15003009802,"Waianae, HI",37345
26041970600,"Gladstone, MI",37344
6071002301,"Fontana, CA",37344
55079020100,"Southgate, Milwaukee, WI",37344
42075000402,"Lebanon, PA",37344
17047957100,"Albion, IL",37343
16017950100,"Clark Fork, ID",37343
4013420111,"Desert Saguaro Estates, Mesa, AZ",37343
11001001902,"Manor Park, Washington, DC",37342
42101016000,"North Philadelphia, Philadelphia, PA",37342
17031842800,"Brighton Park, Chicago, IL",37342
48449950300,"Mount Pleasant, TX",37341
47107970600,"Etowah, TN",37340
47123925502,"Tellico Plains, TN",37340
46099000900,"Emerson, Sioux Falls, SD",37340
50025968100,"Whitingham, VT",37340
39143961600,"Fremont, OH",37340
20161000303,"Manhattan, KS",37339
48029120902,"Near East Side, San Antonio, TX",37339
5113950500,"Cove, AR",37338
42003462600,"McKees Rocks, PA",37338
13223120400,"Dallas, GA",37337
48029131615,"Northeast Side, San Antonio, TX",37337
41039001803,"Springfield, OR",37337
47157008700,"Berclair, Memphis, TN",37336
6037531502,"East Los Angeles, CA",37335
4025000608,"Prescott Valley Units, Prescott Valley, AZ",37335
12057010107,"Plant City, FL",37335
6037294620,"Wilmington, Los Angeles, CA",37335
37085070401,"Coats, NC",37334
26093742401,"Howell, MI",37334
39059977200,"Cambridge, OH",37333
26045021301,"Eaton Rapids, MI",37333
4019003302,"Tucson, AZ",37332
35001000129,"Grandview Heights, Albuquerque, NM",37332
6037124903,"Valley Village, Los Angeles, CA",37331
48029121505,"Northeast Side, Converse, TX",37331
29077002402,"Oak Grove, Springfield, MO",37330
12103024508,"Clearwater, FL",37330
40037021101,"Depew, OK",37330
12015020201,"Port Charlotte, FL",37330
36005022200,"Bronx County, NY",37328
54095962000,"Alma, WV",37327
19113001300,"Cedar Rapids, IA",37327
27109000300,"Slatterly Park, Rochester, MN",37327
36103146106,"Brentwood, NY",37327
35035000602,"Alamogordo, NM",37326
12057013001,"Plant City, FL",37326
12099007812,"Royal Palm Beach, FL",37326
36047073000,"Kings County, NY",37325
12011070310,"Sunrise, FL",37325
12011080402,"Fort Lauderdale, FL",37325
5145070300,"Searcy, AR",37324
40049681500,"Wynnewood, OK",37324
17161020700,"East Moline, IL",37324
48215023509,"McAllen, TX",37324
4007000400,"Payson, AZ",37323
51199051000,"Williamsburg, VA",37323
28087000101,"Caledonia, MS",37322
12103025401,"Clearwater, FL",37321
36075021102,"Fulton, NY",37321
35061970404,"Los Lunas, NM",37321
5035030806,"Marion, AR",37320
39035196100,"Cleveland, OH",37320
15009030100,"Hana, HI",37319
20037956800,"Girard, KS",37319
13051003000,"Chatham Crescent, Savannah, GA",37319
18067001000,"Kokomo, IN",37319
47037011100,"East Nashville, Nashville, TN",37319
54039010900,"Charleston, WV",37319
1115040105,"Pell City, AL",37318
8005087300,"Denver, CO",37318
1057020000,"Bankston, AL",37317
56031959100,"Guernsey, WY",37317
29145020800,"Neosho, MO",37317
5055480600,"Paragould, AR",37317
48073950200,"Bullard, TX",37316
13255160600,"Griffin, GA",37316
48227950400,"Big Spring, TX",37316
41047001702,"East Lancaster, Salem, OR",37316
19039960100,"Osceola, IA",37315
29143960600,"Portageville, MO",37315
48201510700,"Washington Ave./ Memorial Park, Houston, TX",37315
6037224700,"South Los Angeles, Los Angeles, CA",37314
12071010801,"Pelican, Cape Coral, FL",37314
54061011804,"Morgantown, WV",37313
1125010703,"Vance, AL",37313
39093024200,"Lorain, OH",37312
6011000500,"Colusa, CA",37312
48215022300,"Weslaco, TX",37312
26023951200,"Bronson, MI",37312
6037201120,"Northeast Los Angeles, Los Angeles, CA",37312
35043010717,"Rio Rancho, NM",37312
6057000300,"Grass Valley, CA",37312
36067014400,"Syracuse, NY",37310
6065043274,"Wildomar, CA",37310
6099002605,"Ceres, CA",37309
28057950400,"Fulton, MS",37308
51019030602,"Hardy, VA",37308
36005026100,"Bronx County, NY",37308
35045000205,"Farmington, NM",37307
31001966000,"Hastings, NE",37307
40109101800,"Central Oklahoma City, Oklahoma City, OK",37307
6037203710,"Boyle Heights, Los Angeles, CA",37307
36081053401,"Queens County, NY",37307
42041012900,"Newville, PA",37306
12095016727,"Orlando, FL",37306
27091790600,"Fairmont, MN",37305
26005031900,"Otsego, MI",37305
36047117601,"Kings County, NY",37304
6037910201,"Palmdale, CA",37304
36047036700,"Kings County, NY",37304
6075017902,"Treasure Island, San Francisco, CA",37304
6019004212,"Fresno, CA",37303
21183920100,"Fordsville, KY",37302
40137001100,"Comanche, OK",37301
36055008600,"Charlotte, Rochester, NY",37301
24019970900,"Cambridge, MD",37301
8005081900,"Laredo Highline, Aurora, CO",37301
12086013400,"Hialeah, FL",37300
42089300900,"Stroudsburg, PA",37300
42101002400,"Bella Vista, Philadelphia, PA",37300
18165020100,"Perrysville, IN",37299
45063020703,"West Columbia, SC",37299
39035152501,"Cleveland, OH",37298
36031961200,"Essex County, NY",37298
48459950300,"Gilmer, TX",37297
18157000800,"Columbian Park, Lafayette, IN",37296
48439110703,"White Settlement, TX",37296
39133600902,"Ravenna, OH",37295
50019951300,"Newport, VT",37295
48257050703,"Kaufman, TX",37295
36047021800,"Kings County, NY",37294
27053008100,"Calhoun Isles, Minneapolis, MN",37294
22077952000,"Batchelor, LA",37294
48401950800,"Henderson, TX",37293
37087920400,"Canton, NC",37293
19061000500,"Dubuque, IA",37293
13219030300,"Bishop, GA",37292
6097153002,"Santa Rosa, CA",37292
19057000500,"Burlington, IA",37292
24019970100,"Rhodesdale, MD",37291
45045002611,"Taylors, SC",37291
37081016503,"Greensboro, NC",37291
42047950400,"Ridgway, PA",37291
30053000100,"Libby, MT",37290
12099007613,"Boca Raton, FL",37290
20079030100,"Newton, KS",37290
45091061502,"York, SC",37290
21027960501,"Custer, KY",37289
40119011301,"Cushing, OK",37288
23027046001,"Palermo, ME",37288
38035010700,"Grand Forks, ND",37288
6077005126,"Manteca, CA",37288
35001004746,"Skies West, Albuquerque, NM",37288
22079011500,"Pineville, LA",37288
53035081100,"Bremerton, WA",37287
17031051000,"Roscoe Village, Chicago, IL",37287
12061050200,"Vero Beach, FL",37286
53027000700,"Oakville, WA",37286
28035010600,"Hattiesburg, MS",37286
39017015100,"Trenton, OH",37286
12015020104,"Punta Gorda, FL",37286
54003971101,"Williamsport, WV",37284
1089010100,"New Market, AL",37284
53065951100,"Valley, WA",37284
22015010500,"Bossier City, LA",37284
51033030300,"Bowling Green, VA",37283
6071012001,"Barstow, CA",37283
10005050601,"Millsboro, DE",37282
12011040701,"Central Fort Lauderdale, Fort Lauderdale, FL",37282
15007040604,"Koloa, HI",37282
6037531504,"East Los Angeles, CA",37281
19127950100,"Marshalltown, IA",37281
6073005600,"Cortez Hill, San Diego, CA",37281
51169030200,"Duffield, VA",37280
29510102400,"Princeton Heights, St. Louis, MO",37280
25027731600,"Worcester, MA",37280
54039011800,"Cedar Grove, WV",37280
40145030202,"Wagoner, OK",37279
6071010026,"Victorville, CA",37279
25027709600,"Leominster, MA",37279
48113000603,"Oak Lawn, Dallas, TX",37278
26059051200,"Camden, MI",37278
42079216700,"Freeland, PA",37277
36061002800,"Alphabet City, New York, NY",37277
6029003306,"Frazier Park, CA",37277
8101003200,"Avondale, CO",37275
21087930100,"Summersville, KY",37274
55057100700,"Lyndon Station, WI",37274
37067003703,"Winston-Salem, NC",37273
6037572900,"Lower Westside, Long Beach, CA",37273
6037460401,"Altadena, CA",37273
6037183620,"Northeast Los Angeles, Los Angeles, CA",37272
48061012612,"Brownsville, TX",37272
45001950100,"Donalds, SC",37272
45079010103,"Blythewood, Columbia, SC",37272
48339693102,"Conroe, TX",37270
42021011700,"Ebensburg, PA",37269
6025011000,"Imperial, CA",37269
1001020300,"Prattville, AL",37269
23011014500,"Fayette, ME",37269
29027070800,"Holts Summit, MO",37268
53063010800,"Spokane, WA",37268
37067001200,"Winston-Salem, NC",37268
42007605200,"Beaver Falls, PA",37267
6037195710,"Los Angeles, CA",37267
21213970400,"Franklin, KY",37267
24045010603,"Salisbury, MD",37266
6067009601,"Southwestern Sacramento, Sacramento, CA",37266
18117951600,"English, IN",37265
45063021305,"Lexington County, SC",37265
6037117530,"North Hills, Los Angeles, CA",37264
40013796200,"Durant, OK",37263
12095017006,"Orlando, FL",37263
12071050205,"Fort Myers, FL",37262
21229930300,"Springfield, KY",37262
21209040302,"Georgetown, KY",37262
6037532606,"Huntington Park, CA",37261
6037191203,"Central LA, Los Angeles, CA",37261
29189214602,"Overland, MO",37260
21031930300,"Morgantown, KY",37260
18155965900,"Vevay, IN",37260
23007971300,"Wilton, Wilton, ME",37260
21027960100,"Webster, KY",37260
39151710600,"Alliance, OH",37258
45019002002,"James Island, Charleston, SC",37257
26105950300,"Ludington, MI",37257
48455950100,"Apple Springs, TX",37256
6089011500,"Pacheco, Redding, CA",37255
6115040902,"Beale Air Force Base, CA",37255
32003002821,"Henderson, NV",37255
17037001500,"DeKalb, IL",37253
45013011100,"Hilton Head Island, SC",37253
6037701702,"Downtown, Santa Monica, CA",37253
12055961602,"Lake Placid, FL",37252
36083051500,"Rensselaer, NY",37252
18097340102,"Wayne, Indianapolis, IN",37251
36071001500,"Middletown, NY",37251
42071013400,"Lancaster, PA",37251
25009217400,"Beverly, MA",37250
45063020802,"Swansea, SC",37250
21185030301,"La Grange, KY",37249
8059010402,"I-70 Corridor, Arvada, CO",37249
48113015305,"Lamar Brown, Irving, TX",37249
40037020702,"Bristow, OK",37249
51035080500,"Hillsville, VA",37248
6037530602,"Los Angeles, CA",37248
49035113600,"Kearns, UT",37245
48213950100,"Chandler, TX",37245
12099007202,"Boca Raton, FL",37245
6037532303,"South Montebello, Commerce, CA",37244
9003406100,"Federal Hill, Bristol, CT",37244
48113013713,"Original Town, Carrollton, TX",37244
8051963700,"Gunnison, CO",37244
17025972100,"Flora, IL",37244
16001001800,"Hillcrest, Boise, ID",37244
48439100201,"Diamond Hill - Jarvis, Fort Worth, TX",37244
6071002401,"Fontana, CA",37243
12099006300,"Boynton Beach, FL",37243
6037500404,"El Rancho, Pico Rivera, CA",37242
6037910707,"Palmdale, CA",37242
30041040300,"Havre, MT",37240
23005000300,"Downtown, Portland, ME",37240
49007000300,"Price, UT",37240
17031243400,"West Town, Chicago, IL",37240
36005044200,"Bronx County, NY",37240
37147001100,"Greenville, NC",37238
6061021037,"Foothill Junction, Roseville, CA",37238
6037553802,"Paramount, CA",37236
37071030101,"Mount Holly, NC",37236
28109950300,"Poplarville, MS",37235
18081610300,"Greenwood, IN",37235
34017007000,"Downtown Jersey City, Jersey City, NJ",37235
41053020203,"Dallas, OR",37234
4013061046,"Dreaming Summit, Litchfield Park, AZ",37234
55051180200,"Hurley, WI",37234
37069060600,"Youngsville, NC",37233
6023010502,"McKinleyville, CA",37233
36115086000,"Salem, NY",37233
12103026913,"On Top Of The World, Clearwater, FL",37233
48201320100,"Park Place, Houston, TX",37233
12011110337,"Pembroke Pines, FL",37233
36093021600,"Schenectady, NY",37233
5007020205,"Rogers, AR",37232
48485013401,"Sheppard Air Force Base, TX",37232
26025002200,"Battle Creek, MI",37232
12103027606,"Indian Rocks Beach, FL",37232
18097310308,"Guion Lakes, Indianapolis, IN",37232
13215010401,"Columbus, GA",37231
13135050215,"Gwinnett Place, Duluth, GA",37231
12011060126,"Lauderhill, FL",37230
36035971300,"Johnstown, NY",37230
36089491800,"De Kalb Junction, NY",37230
6037211922,"Central LA, Los Angeles, CA",37230
42129801400,"Vandergrift, PA",37230
1023957000,"Silas, AL",37229
32031002206,"Reno, NV",37229
1107050100,"Reform, AL",37228
6029006401,"Lamont, CA",37228
42039110202,"Cambridge Springs, PA",37228
23001010400,"Auburn, ME",37227
18003003902,"Fort Wayne, IN",37227
32031003509,"Sparks, NV",37227
6007003400,"Gridley, CA",37226
33007950900,"Gorham, NH",37226
6085512604,"Gilroy, CA",37225
36101962100,"Addison, NY",37223
48215020202,"Mission, TX",37223
1009050101,"Oneonta, AL",37222
1051030200,"Titus, AL",37222
6073018517,"Mira Costa, Oceanside, CA",37220
37013930900,"Blounts Creek, NC",37220
6037104401,"Pacoima, Los Angeles, CA",37220
28061950300,"Stringer, MS",37219
54005958600,"Seth, WV",37219
1045020000,"Fort Rucker, AL",37218
35001004716,"Seven Bar Ranch, Albuquerque, NM",37218
12083001900,"Historic District, Ocala, FL",37217
12103025013,"Seminole, FL",37216
18177010300,"Williamsburg, IN",37215
26099256200,"Roseville, MI",37215
42089301302,"Kunkletown, PA",37213
25017354900,"North Cambridge, Cambridge, MA",37213
25009251500,"Lawrence, MA",37213
6037701701,"Mid-City, Santa Monica, CA",37212
18089021800,"Hammond, IN",37211
8041004008,"Peterson Air Force Base, Colorado Springs, CO",37210
36013037200,"Jamestown, NY",37210
39035183606,"Shaker Heights, OH",37210
21067003914,"Gleneagles, Lexington, KY",37209
48035950600,"Clifton, TX",37209
47165020901,"Gallatin, TN",37209
53011041900,"Shumway, Vancouver, WA",37209
48375010700,"Amarillo, TX",37209
55075961500,"Marinette, WI",37209
17143001200,"Peoria, IL",37208
6007000800,"Chico, CA",37208
6109002100,"Columbia, CA",37207
37159051001,"Rockwell, NC",37207
12095016710,"Orlando, FL",37207
4013071505,"Sun City, AZ",37207
42101027000,"North Philadelphia, Philadelphia, PA",37206
54039013702,"Saint Albans, WV",37206
6037407602,"La Puente, CA",37206
39017010600,"Hamilton, OH",37206
45051051403,"Myrtle Beach, SC",37206
8005006000,"Englewood, CO",37205
12019030600,"Orange Park, FL",37205
6019004100,"Fresno, CA",37205
6037212305,"Central LA, Los Angeles, CA",37204
36005023000,"Bronx County, NY",37204
6071003506,"Rialto, CA",37204
12105010401,"South Lake Morton Historic District, Lakeland, FL",37204
36115084000,"Granville, NY",37204
51650010311,"Northampton, Hampton, VA",37203
6071001803,"Ontario, CA",37203
6059074806,"Central City, Santa Ana, CA",37203
17099962000,"Mendota, IL",37203
54103030800,"New Martinsville, WV",37202
30063000500,"University District, Missoula, MT",37202
39029950500,"Salem, OH",37201
40061279400,"McCurtain, OK",37201
12057012209,"Valrico, FL",37201
48019000102,"Bandera, TX",37201
6037575102,"Eastside, Long Beach, CA",37200
6083002303,"Santa Maria, CA",37200
18005010200,"Columbus, IN",37200
41051000402,"Southeast Portland, Portland, OR",37200
6113010201,"West Sacramento, CA",37200
6037404100,"Azusa, CA",37199
40063484900,"Holdenville, OK",37199
26163588000,"Van Buren Charter Township, MI",37198
53053062300,"Eastside, Tacoma, WA",37198
48305950400,"Wilson, TX",37198
48029181301,"Mission Trace, San Antonio, TX",37198
6013328000,"Concord, CA",37198
55041950200,"Laona, WI",37198
18105001103,"Bloomington, IN",37197
17031030706,"Edgewater Beach, Chicago, IL",37197
6013373000,"Belding Woods, Richmond, CA",37197
17031081800,"River North, Chicago, IL",37197
40143004000,"Tulsa, OK",37196
39081011300,"Toronto, OH",37196
34025805001,"Eatontown, NJ",37196
28033070822,"Olive Branch, MS",37196
12101030301,"Peninsular Paradise, New Port Richey, FL",37196
47009011302,"Walland, TN",37194
4025000401,"Prescott, AZ",37194
37135011000,"Hillsborough, NC",37194
36101962700,"Corning, NY",37192
15003002006,"Waikīkī, Honolulu, HI",37192
2090001300,"Fairbanks, AK",37191
36047118202,"Kings County, NY",37191
6053000502,"Salinas, CA",37191
39141955500,"Kingston, OH",37190
26075005100,"Vandercook Lake, Jackson, MI",37190
47099960402,"Lawrenceburg, TN",37190
21113060101,"Nicholasville, KY",37190
18089030500,"East Chicago, IN",37189
6089011701,"Shasta Lake, CA",37189
12069030601,"Leesburg, FL",37189
6037119202,"Arleta, Los Angeles, CA",37189
13295020302,"Rossville, GA",37189
39001770100,"Peebles, OH",37188
39035138105,"Cleveland, OH",37187
12081000503,"Bradenton, FL",37187
40089098900,"Haworth, OK",37187
10005051006,"Lewes, DE",37186
13151070114,"Stockbridge, GA",37186
53053061200,"Central Tacoma, Tacoma, WA",37186
6073013801,"Spring Valley, CA",37183
55105002500,"Beloit, WI",37183
4013108502,"Camelback East Village, Phoenix, AZ",37183
17143002400,"Peoria, IL",37183
6037543400,"Carson, CA",37183
13015960101,"Fairmount, GA",37182
47053966400,"Milan, TN",37181
21043960500,"Grayson, KY",37181
23019027000,"Lincoln, Lincoln, ME",37180
48181001803,"Van Alstyne, TX",37179
17143004400,"West Peoria, IL",37179
48141004311,"Album, El Paso, TX",37178
48037010902,"Texarkana, TX",37178
48309003900,"McGregor, TX",37178
39049006931,"Forest Park East, Columbus, OH",37178
40143007642,"Kensington, Tulsa, OK",37178
19021960400,"Storm Lake, IA",37177
6037117510,"North Hills, Los Angeles, CA",37177
34021002800,"Hamilton Township, NJ",37176
48027020202,"Temple, TX",37176
48303000402,"Lubbock, TX",37175
18161960700,"Liberty, IN",37173
29067950500,"Ava, MO",37173
45001950400,"Abbeville, SC",37173
54039011200,"Clendenin, WV",37173
6067002100,"Central Sacramento, Sacramento, CA",37173
51680000900,"Sandusky, Lynchburg, VA",37171
18049953100,"Rochester, IN",37171
48035950700,"Valley Mills, TX",37170
47059091100,"Greeneville, TN",37169
4015952500,"Lake Havasu City, AZ",37169
39081001400,"Steubenville, OH",37169
36061002201,"Lower Manhattan, New York, NY",37168
17031410600,"Hyde Park, Chicago, IL",37166
37001021500,"Burlington, NC",37166
1041963900,"Brantley, AL",37166
6037601501,"Inglewood, CA",37165
12117022002,"Casselberry, FL",37165
8005005700,"Englewood, CO",37165
48141004314,"O'Shea Keleher, El Paso, TX",37165
42045406300,"Brookhaven, PA",37163
42029307200,"Coatesville, PA",37163
36045061100,"Black River, NY",37163
26101000900,"Manistee, MI",37162
39099802600,"Schenley, Youngstown, OH",37162
26045020403,"Grand Ledge, MI",37161
27053104400,"Downtown West, Minneapolis, MN",37161
26073000500,"Mount Pleasant, MI",37160
17195001100,"Sterling, IL",37160
6099003803,"Turlock, CA",37160
18149953900,"Knox, IN",37159
45083023404,"Duncan, SC",37158
54037972203,"Harpers Ferry, WV",37158
23025965600,"Athens, ME",37158
32003003003,"Summerlin, Las Vegas, NV",37158
12103026912,"On Top Of The World, Clearwater, FL",37158
48141010101,"Fort Bliss, TX",37157
6025011100,"El Centro, CA",37157
6037910705,"Palmdale, CA",37157
5131010302,"Huntington, AR",37157
29097010500,"Joplin, MO",37157
12086012600,"Hialeah, FL",37157
31047968400,"Lexington, NE",37156
37081012508,"Guilford Hills, Greensboro, NC",37156
1073005302,"South Roebuck, Birmingham, AL",37156
48439111005,"Willow Creek, Fort Worth, TX",37155
54005958502,"Madison, WV",37155
50015953500,"Morrisville, Morristown, VT",37155
17031600900,"South Side, Chicago, IL",37154
42125754200,"Washington, PA",37154
36047083800,"Kings County, NY",37154
6097153102,"Southwest Santa Rosa, Santa Rosa, CA",37153
36081042400,"Queens County, NY",37152
23017965700,"Dixfield, ME",37152
22019001100,"Lake Charles, LA",37152
54043955700,"Harts, WV",37151
6107002304,"Tulare, CA",37150
12095011100,"Lake Underhill, Orlando, FL",37149
53055960300,"Friday Harbor, WA",37149
5069002400,"Redfield, AR",37149
12031012400,"Lakeshore South, Jacksonville, FL",37148
12011060211,"Sunrise, FL",37148
48245005600,"Port Arthur, TX",37147
37159051204,"Salisbury, NC",37146
6039000400,"Madera, CA",37146
45083023405,"Greer, SC",37146
17121952100,"Salem, IL",37146
12099005916,"Lake Worth, FL",37145
13089021305,"Atlanta, GA",37144
12021010509,"South Naples, Naples, FL",37143
6065040503,"Mira Loma, Jurupa Valley, CA",37142
44007017400,"Woonsocket, RI",37142
6001437701,"Harder - Tennyson, Hayward, CA",37141
22031950100,"Stonewall, LA",37140
21137920102,"Stanford, KY",37140
12011090700,"Driftwood, Hollywood, FL",37140
6037430102,"Duarte, CA",37140
37111970902,"Marion, NC",37140
40121486500,"McAlester, OK",37139
23013970500,"Rockport, ME",37139
8029964600,"Paonia, CO",37139
12113010811,"Navarre, FL",37139
53063003900,"Comstock, Spokane, WA",37138
36047114201,"Kings County, NY",37137
40013796002,"Durant, OK",37137
21009951000,"Park City, KY",37137
12113010819,"Navarre, FL",37137
6037552601,"Norwalk, CA",37137
15003006201,"Kalihi - Palama, Honolulu, HI",37136
26021011400,"Three Oaks, MI",37136
13011970300,"Maysville, GA",37136
6065041202,"Arlanza, Riverside, CA",37135
16027021904,"Caldwell, ID",37135
31079000700,"Grand Island, NE",37135
17073030900,"Kewanee, IL",37134
5047950100,"Ozark, AR",37134
6077003111,"Stockton, CA",37134
13083040101,"Trenton, GA",37134
51095080402,"Williamsburg, VA",37133
49037978100,"Monticello, UT",37133
47131965000,"South Fulton, TN",37132
20091052803,"Woodside, Olathe, KS",37132
41059950200,"Milton-Freewater, OR",37131
39015951500,"Sardinia, OH",37130
21183920400,"Horse Branch, KY",37130
42085031800,"Hadley, PA",37129
17127970200,"Metropolis, IL",37127
6037535804,"South Gate, CA",37126
36047102800,"Kings County, NY",37125
13297110603,"Loganville, GA",37125
13077170200,"Newnan, GA",37125
31019969600,"Kearney, NE",37125
24033803803,"Riverdale, Woodlawn, MD",37124
6037204700,"Boyle Heights, Los Angeles, CA",37124
28139950400,"Blue Mountain, MS",37123
37089930502,"Fletcher, NC",37123
36065024400,"Oneida County, NY",37122
39049009350,"Columbus, OH",37122
55127000701,"Delavan, WI",37121
12095016504,"Orlando, FL",37121
6037601502,"Inglewood, CA",37120
47001021100,"Clinton, TN",37120
36097950500,"Hector, Odessa, NY",37119
36059407401,"Uniondale, NY",37119
34029720101,"Manchester Township, NJ",37119
16067970500,"Rupert, ID",37118
10001042800,"Felton, DE",37117
42105950500,"Galeton, PA",37116
12086009035,"Doral, FL",37116
54011000102,"Huntington, WV",37116
12111382109,"Port St. Lucie, FL",37116
26095960200,"Newberry, MI",37116
12057013320,"Sterling Ranch, Brandon, FL",37116
54019020201,"Oak Hill, WV",37116
37121950100,"Bakersville, NC",37115
36067012700,"Syracuse, NY",37115
17099963900,"Streator, IL",37115
28137950400,"Senatobia, MS",37114
29161890100,"Saint James, MO",37114
55079100200,"West Allis, WI",37114
40067371600,"Ringling, OK",37113
31109000100,"Havelock, Lincoln, NE",37113
1089011200,"Huntsville, AL",37111
41051009702,"Southeast Portland, Portland, OR",37111
5033020204,"Van Buren, AR",37111
51760040900,"Museum District, Richmond, VA",37111
6085501200,"Central San Jose, San Jose, CA",37110
8077000200,"Grand Junction, CO",37110
51810046213,"Virginia Beach, VA",37109
39027965100,"New Vienna, OH",37109
27123033000,"Payne - Phalen, Saint Paul, MN",37109
48113005100,"Oak Cliff, Dallas, TX",37108
17031826100,"Calumet City, IL",37108
6089012603,"Shingletown, CA",37108
32003004910,"Las Vegas, NV",37108
37129012007,"Carriage Hills, Wilmington, NC",37107
37071030203,"Stanley, NC",37107
36105950500,"Liberty, NY",37106
1093964600,"Guin, AL",37106
5007020901,"Centerton, AR",37106
13217100201,"Covington, GA",37106
37081017200,"Whitsett, NC",37106
40109106803,"Central Oklahoma City, Bethany, OK",37105
41007951200,"Clatsop County, OR",37105
6073007908,"Pacific Beach, San Diego, CA",37105
21169960200,"Summer Shade, KY",37105
6067009634,"Valley Hi / North Laguna, Sacramento, CA",37104
48201220600,"Northside, Houston, TX",37103
48453002423,"South Austin, Austin, TX",37102
6065042619,"Perris, CA",37102
6013367200,"San Pablo, CA",37101
6053001200,"Salinas, CA",37101
34031182700,"Paterson, NJ",37101
48121020108,"Little Elm, TX",37101
6083002402,"Santa Maria, CA",37100
53045960900,"Shelton, WA",37100
24003751102,"Glen Burnie, MD",37099
35037958900,"Tucumcari, NM",37099
12011100103,"Hallandale Beach, FL",37098
41067031617,"Tanasbourne, Hillsboro, OR",37097
1059973100,"Russellville, AL",37096
42081000500,"East End, Williamsport, PA",37096
6071010803,"Crestline, CA",37096
47035970501,"Crossville, TN",37095
20055960501,"Garden City, KS",37095
6037123520,"Van Nuys, Los Angeles, CA",37095
47009011301,"Maryville, TN",37094
25009206900,"Lynn, MA",37094
36045060400,"Dexter, NY",37094
47181950100,"Clifton, TN",37094
13143010302,"Bremen, GA",37093
51005080100,"Clifton Forge, VA",37092
21167960100,"Harrodsburg, KY",37091
23019010000,"Hermon, ME",37091
39113021200,"Dayton, OH",37091
23017966400,"Oxford, Oxford, ME",37091
25025110201,"Roslindale, Boston, MA",37089
12009064125,"Blake, Melbourne, FL",37089
40143007000,"Hoover, Tulsa, OK",37088
29095013309,"Grandview, MO",37088
45041000201,"Florence, SC",37088
12086009017,"Miami, FL",37088
47093006104,"Powell, TN",37088
12103022503,"Saint Petersburg, FL",37087
39017014800,"Hamilton, OH",37086
6109004200,"Groveland, CA",37086
37197050200,"Boonville, NC",37086
51003011303,"Charlottesville, VA",37086
42089300502,"East Stroudsburg, PA",37085
39119912400,"Zanesville, OH",37085
13215010204,"Columbus, GA",37085
34007608504,"Laurel Springs, NJ",37085
28057950100,"Fulton, MS",37085
18131959000,"Winamac, IN",37085
21111011905,"Louisville, KY",37084
55029100100,"Ellison Bay, WI",37084
42007604100,"Ambridge, PA",37084
40065968200,"Blair, OK",37083
6073010005,"San Ysidro, San Diego, CA",37083
40131050702,"Chelsea, OK",37082
18143967100,"Lexington, IN",37082
25025020303,"West End, Boston, MA",37082
21113060400,"Wilmore, KY",37082
45083022302,"Cowpens, SC",37082
28163950600,"Yazoo City, MS",37081
36007012400,"Deposit, NY",37081
22015010900,"Barksdale Air Force Base, LA",37081
32003002842,"Las Vegas, NV",37081
48141010327,"Sandy Creek, El Paso, TX",37081
29019001002,"Columbia, MO",37080
18181958100,"Monticello, IN",37080
19087970400,"Mount Pleasant, IA",37079
39151713700,"Massillon, OH",37079
49049002400,"Downtown, Provo, UT",37079
6073019406,"Vista, CA",37079
48193950100,"Hico, TX",37079
27137000900,"East Hillside, Duluth, MN",37079
6037533601,"Bell, CA",37078
18027954800,"Washington, IN",37078
6007000603,"Chico, CA",37078
12011030802,"Pompano Beach, FL",37078
21009950100,"Cave City, KY",37077
6073009000,"Linda Vista, San Diego, CA",37077
6037106604,"Sylmar, Los Angeles, CA",37077
39169002200,"West Salem, OH",37077
48035950300,"Morgan, TX",37077
36031960498,"Lake Placid, NY",37077
17031220701,"Logan Square, Chicago, IL",37076
13217100903,"Covington, GA",37076
15009030201,"Maui County, HI",37076
44007015500,"Pawtucket, RI",37076
35001003100,"Los Griegos, Albuquerque, NM",37076
32003004915,"Las Vegas, NV",37075
6035040400,"Litchfield, CA",37075
6037265305,"Westwood, Los Angeles, CA",37075
17031200200,"Belmont Gardens, Chicago, IL",37075
48459950400,"Gilmer, TX",37075
39049008110,"Columbus, OH",37074
40049681600,"Maysville, OK",37074
53063001000,"Northwest Spokane, Spokane, WA",37072
48257050704,"Terrell, TX",37072
39061025300,"Cincinnati, OH",37071
6065043512,"San Jacinto, CA",37071
48113019033,"Garland, TX",37071
53061041903,"Westmont, Everett, WA",37070
28123020300,"Morton, MS",37070
47109930600,"Ramer, TN",37070
12069030902,"Sorrento, FL",37069
29091090600,"West Plains, MO",37069
12105011901,"Lakeland, FL",37069
37097060702,"Statesville, NC",37068
8015000200,"Salida, CO",37067
8119010106,"Florissant, CO",37067
6037203800,"Boyle Heights, Los Angeles, CA",37066
36047117602,"Kings County, NY",37066
32031002706,"Sun Valley, NV",37066
8041001104,"West Colorado Springs, Colorado Springs, CO",37066
17031630300,"Gage Park, Chicago, IL",37065
26015010100,"Nashville, MI",37065
42027011600,"State College, PA",37065
37129011904,"Bradley Creek East, Wilmington, NC",37065
35049940600,"Santa Fe, NM",37064
40109108404,"Central Oklahoma City, The Village, OK",37064
16055000200,"Athol, ID",37064
53009000300,"Forks, WA",37063
27123032500,"Thomas - Dale, Saint Paul, MN",37063
42049010104,"Albion, PA",37062
26025002400,"Battle Creek, MI",37062
10003013614,"Wilmington, DE",37062
6013312000,"Pittsburg, CA",37062
40069660300,"Mannsville, OK",37061
1115040204,"Pell City, AL",37061
42101001101,"Center City, Philadelphia, PA",37060
17167002500,"Springfield, IL",37060
29187950101,"Bonne Terre, MO",37059
6037533501,"Huntington Park, CA",37059
47105060302,"Lenoir City, TN",37059
24033803519,"Landover, Hyattsville, MD",37059
53033010701,"Delridge, Seattle, WA",37058
48181000304,"Gordonville, TX",37057
48215023801,"Edinburg, TX",37057
32003002968,"Las Vegas, NV",37056
36009960200,"Delevan, NY",37056
22021000200,"Columbia, LA",37056
50001960600,"Ripton, VT",37055
8013013402,"Longmont, CO",37055
29119070400,"Anderson, MO",37055
6067008908,"Walnut Woods, Rancho Cordova, CA",37055
12127082411,"Pelican Bay, Daytona Beach, FL",37055
48439105001,"Diamond Hill - Jarvis, Fort Worth, TX",37055
13031110601,"Statesboro, GA",37054
39141955601,"Chillicothe, OH",37053
26075006701,"Jackson, MI",37053
51067020300,"Hardy, VA",37053
42091205806,"King of Prussia, PA",37052
53011040810,"Northeast Hazel Dell, Vancouver, WA",37052
48041001100,"Bryan, TX",37052
53027001000,"Aberdeen, WA",37052
6067009004,"Lincoln Village, Sacramento, CA",37052
15001021604,"Kailua-Kona, HI",37051
36053030900,"Hamilton, NY",37050
51033030500,"Ruther Glen, VA",37050
47065010202,"Sale Creek, TN",37049
27057070600,"Park Rapids, MN",37049
13195020400,"Colbert, GA",37048
26061000200,"Laurium, Calumet Township, MI",37048
6073013303,"Chula Vista, CA",37047
48201533702,"Fallbrook, Houston, TX",37047
1055010502,"Glencoe, AL",37046
6067004100,"Woodbine, Sacramento, CA",37045
35049000101,"Santa Fe, NM",37045
45077010300,"Six Mile, SC",37045
6037433501,"El Monte City, South El Monte, CA",37044
12061050804,"Vero Beach, FL",37044
36047078400,"Kings County, NY",37044
36047072800,"Kings County, NY",37044
34005704802,"Fort Dix, NJ",37043
45045001700,"Greenville, SC",37043
31111959900,"North Platte, NE",37043
21019030600,"Ashland, KY",37043
45079002100,"Midtown - Downtown, Columbia, SC",37042
17031830201,"Richton Park, IL",37042
48113016625,"Cedar Hill, TX",37041
12089050400,"Hilliard, FL",37040
6037320201,"San Fernando, CA",37040
19153001500,"Union Park, Des Moines, IA",37039
12031013800,"Jacksonville, FL",37038
34017016800,"Union City, NJ",37038
12033003607,"North Northwest Pensacola, Pensacola, FL",37037
9015904500,"Danielson, Killingly, CT",37036
6037533201,"Huntington Park, CA",37035
41011000100,"North Bend, OR",37035
6065030104,"Northside, Riverside, CA",37035
48141004317,"Stonehaven, El Paso, TX",37034
51121021400,"Shawsville, VA",37034
21209040301,"Georgetown, KY",37034
12086009314,"Hialeah, FL",37034
29167960400,"Bolivar, MO",37034
37021002504,"Candler, NC",37034
45091061900,"Hickory Grove, SC",37032
53053071705,"Tacoma, WA",37032
6037104124,"Lake View Terrace, Los Angeles, CA",37031
17015960300,"Savanna, IL",37031
13067030345,"Cumberland, Atlanta, GA",37031
12097041001,"Kissimmee, FL",37031
54041967600,"Walkersville, WV",37031
36005021602,"Bronx County, NY",37030
12103025012,"Chateaux De Bardmoor, Seminole, FL",37029
12103025116,"Deerwood Gardens, Seminole, FL",37029
16005001000,"Pocatello, ID",37029
24003750201,"Brooklyn, Baltimore, MD",37028
51680001700,"Beverly Hills, Lynchburg, VA",37028
32003005705,"Laughlin, NV",37028
55025001900,"Marquette, Madison, WI",37028
48349970300,"Corsicana, TX",37028
47171080400,"Erwin, TN",37027
12115001201,"Sarasota, FL",37027
39141955800,"Frankfort, OH",37027
27053001100,"Northeast Minneapolis, Minneapolis, MN",37027
42013010101,"Tyrone, PA",37027
42107002600,"Tamaqua, PA",37026
13229960100,"Patterson, GA",37026
26125128800,"Orion charter Township, MI",37025
35013001201,"Las Cruces, NM",37025
17019001201,"Champaign, IL",37025
12081000805,"Bradenton, FL",37024
12099004101,"West Palm Beach, FL",37024
5115950700,"Sand Gap, AR",37023
6037127300,"Van Nuys, Los Angeles, CA",37023
8123002004,"Dacono, CO",37022
37003040700,"Hickory, NC",37021
36047051100,"Kings County, NY",37021
19157370400,"Grinnell, IA",37020
39135470102,"Camden, OH",37020
6033000400,"Lakeport, CA",37019
13115000100,"Rome, GA",37019
48179950600,"Pampa, TX",37019
18003004101,"Concordia Gardens, Fort Wayne, IN",37018
51069050400,"Winchester, VA",37018
36067011102,"Liverpool, NY",37018
12073000904,"Tallahassee, FL",37018
6037123303,"North Hollywood, Los Angeles, CA",37018
44003021700,"Oakland Beach, Warwick, RI",37017
16055000402,"Post Falls, ID",37016
6073019503,"Vista, CA",37016
48427950600,"Rio Grande City, TX",37016
39153531801,"Akron, OH",37015
32003005342,"Highland Hills, Henderson, NV",37015
23011015000,"Readfield, ME",37015
6057000501,"Grass Valley, CA",37014
48439105505,"Fort Worth, TX",37014
36077590700,"Schenevus, NY",37014
39019720600,"Carrollton, OH",37014
32003004920,"Las Vegas, NV",37013
13317010301,"Washington, GA",37013
12011060606,"Plantation, FL",37013
13015960600,"Cartersville, GA",37013
1059972900,"Russellville, AL",37012
42121200500,"Franklin, PA",37011
47149040809,"Rockvale, TN",37011
26049010110,"Clio, MI",37011
24033801905,"Suitland, Camp Springs, MD",37010
47065010501,"Chattanooga, TN",37008
36059407102,"Hempstead, NY",37008
25003934300,"Egremont, MA",37007
4005001302,"Flagstaff, AZ",37006
6067009112,"Pen Parks Estates, Sacramento, CA",37006
12095014804,"Gotha, FL",37005
48029181704,"Far West Side, San Antonio, TX",37005
22123000200,"Oak Grove, LA",37005
1049960300,"Rainsville, AL",37004
37067003003,"Winston-Salem, NC",37003
50027966300,"Ludlow, VT",37003
42073000800,"New Castle, PA",37003
6071010015,"Hesperia, CA",37003
36081016300,"Queens County, NY",37003
12111381401,"Fort Pierce, FL",37002
49035113512,"Taylorsville, UT",37002
12099007766,"Boca Raton, FL",37002
6037530302,"South Montebello, East Los Angeles, CA",37002
36097950200,"Watkins Glen, NY",37002
6111005003,"El Rio East, Oxnard, CA",37001
18003003304,"Northcrest, Fort Wayne, IN",37000
6073018518,"Tri-City, Oceanside, CA",37000
25015820500,"Amherst Center, Amherst, MA",36999
53045960800,"Shelton, WA",36999
6059087403,"Anaheim Resort, Anaheim, CA",36998
48215021202,"McAllen, TX",36998
20013480800,"Hiawatha, KS",36998
8001008309,"Norfolk Glen, Aurora, CO",36996
37151030802,"Asheboro, NC",36996
32023960406,"Pahrump, NV",36996
17119401100,"Wood River, IL",36996
39157022002,"Uhrichsville, OH",36995
39113021301,"Dayton, OH",36995
36087012202,"Spring Valley, NY",36995
12086008412,"Miami, FL",36995
48201421300,"Sharpstown, Houston, TX",36995
55097960900,"Stevens Point, WI",36994
39017000200,"Hamilton, OH",36994
39133601100,"Ravenna, OH",36994
4013061022,"Wildflower Ranch, Goodyear, AZ",36994
12071040314,"Eisenhower, Lehigh Acres, FL",36994
41051001000,"Brooklyn, Portland, OR",36994
45043920501,"Murrells Inlet, SC",36993
6073013206,"Chula Vista, CA",36992
6071009716,"Apple Valley, CA",36992
39153507600,"North Hill, Akron, OH",36992
8005086900,"Denver, CO",36992
36003950500,"Cuba, NY",36992
18017951800,"Logansport, IN",36992
6071003607,"Rialto, CA",36991
12099005815,"Seminole Manor, Lantana, FL",36990
41051003802,"Arbor Lodge, Portland, OR",36990
6071003700,"Downtown Rialto, Rialto, CA",36990
8029965100,"Delta, CO",36990
41051003100,"Northeast Portland, Portland, OR",36990
41067031200,"Central Beaverton, Beaverton, OR",36989
1069042000,"Cottonwood, AL",36988
6075061200,"Bayview, San Francisco, CA",36988
20015020400,"El Dorado, KS",36988
13311950203,"Cleveland, GA",36988
48471790400,"Huntsville, TX",36988
23017966700,"Fryeburg, ME",36987
42003080200,"Bloomfield, Pittsburgh, PA",36987
39135455002,"Eaton, OH",36987
10005050801,"Milton, DE",36986
12011020326,"Wood Lake, Coral Springs, FL",36986
12009065022,"Clements Wood, West Melbourne, FL",36985
29183310400,"Saint Charles, MO",36985
48201433002,"Westside, Houston, TX",36985
29129470100,"Mercer, MO",36985
6001422900,"Downtown Berkeley, Berkeley, CA",36985
40113940001,"Hominy, OK",36984
37077970300,"Oxford, NC",36984
36019102000,"Keeseville, NY",36984
12099007908,"Loxahatchee, FL",36984
39129021200,"Ashville, OH",36984
39081011401,"Toronto, OH",36984
37127010504,"West Mount, Rocky Mount, NC",36984
9003480600,"Thompsonville, Enfield, CT",36982
48061013002,"Brownsville, TX",36982
48463950200,"Uvalde, TX",36981
36047077200,"Kings County, NY",36981
26103001100,"Marquette, MI",36981
5145071000,"Beebe, AR",36980
29095011600,"Independence, MO",36979
6039001000,"Madera, CA",36979
26121000900,"Lakeside, Muskegon, MI",36979
40041375601,"Jay, OK",36978
37081016600,"High Point, NC",36977
48113014132,"Valley Ranch, Irving, TX",36977
47143975200,"Dayton, TN",36977
28095950300,"Amory, MS",36977
12105012129,"Lakeland, FL",36977
6037571703,"Addams, Long Beach, CA",36976
28149950901,"Vicksburg, MS",36976
51141030302,"Patrick Springs, VA",36975
42039110900,"Townville, PA",36975
21031930100,"Morgantown, KY",36975
5007021406,"Lowell, AR",36975
12105014901,"Mulberry, FL",36974
40115574700,"Miami, OK",36972
54029020900,"New Cumberland, WV",36972
12015010502,"Punta Gorda, FL",36972
29095011500,"Independence, MO",36972
28115950102,"Ecru, MS",36971
36003950800,"Alfred Station, NY",36971
51051040300,"Clintwood, VA",36970
47147080402,"Springfield, TN",36970
26045021001,"Charlotte, MI",36969
42097082000,"Sunbury, PA",36969
9003511200,"East Hartford, CT",36969
12103024406,"Saint Petersburg, FL",36968
48113013711,"Farmers Branch, TX",36968
17163502100,"Fairmont City, IL",36968
5115950900,"Dover, AR",36967
54023969400,"Keyser, WV",36967
47001021301,"Clinton, TN",36967
42121200600,"Franklin, PA",36966
6037604002,"Lawndale, CA",36965
37135010701,"Chapel Hill, NC",36965
55079011000,"Lower East Side, Milwaukee, WI",36964
6077005406,"Tracy, CA",36964
12031013723,"Westside, Jacksonville, FL",36964
6099000602,"Modesto, CA",36964
10003012900,"Wilmington, DE",36964
6037572800,"Lower Westside, Long Beach, CA",36963
42049012400,"Erie, PA",36963
35001004742,"Ladera West, Albuquerque, NM",36962
22083970400,"Rayville, LA",36962
6037533403,"Maywood, CA",36962
8001009318,"Thornton, CO",36961
41051007201,"North Portland, Portland, OR",36961
18039002900,"Elkhart, IN",36960
6037535502,"South Gate, CA",36960
18031969200,"Greensburg, IN",36960
6065045118,"Palm Desert, CA",36959
50027965800,"Woodstock, VT",36959
32003005016,"Las Vegas, NV",36959
1051030100,"Deatsville, AL",36958
51185020900,"Richlands, VA",36958
32003001715,"Las Vegas, NV",36957
51197050200,"Wytheville, VA",36956
17187870300,"Monmouth, IL",36956
36059414100,"Freeport, NY",36956
51700032400,"Greenwood, Newport News, VA",36955
5063490800,"Pleasant Plains, AR",36954
54033031000,"Mount Clare, WV",36954
28047002700,"Long Beach, MS",36954
39079957500,"Jackson, OH",36953
45047971000,"Ninety Six, SC",36953
1013953500,"Georgiana, AL",36953
17167002801,"West Grand Place, Springfield, IL",36952
6029005004,"Delano, CA",36952
12099004815,"Greenacres, FL",36952
37179020317,"Indian Trail, NC",36951
6065940800,"Palm Springs, CA",36949
48427950108,"Rio Grande City, TX",36949
17089854302,"Aurora, IL",36949
5119004302,"North Little Rock, AR",36949
26029000300,"Boyne City, MI",36948
54071970500,"Franklin, WV",36947
6071001501,"Ontario, CA",36947
6071012104,"Apple Valley, CA",36947
5119003608,"Jacksonville, AR",36946
48085030701,"McKinney, TX",36946
54015958000,"Maysel, WV",36946
17087977800,"Vienna, IL",36946
12117021608,"Altamonte Springs, FL",36945
31019969500,"Kearney, NE",36944
48349971000,"Dawson, TX",36943
53063004601,"Lincoln Heights, Spokane, WA",36943
13129970500,"Calhoun, GA",36943
36113072000,"Lake George, NY",36942
6007000102,"Chico, CA",36942
46123971700,"Winner, SD",36941
1053970400,"Atmore, AL",36940
53063011800,"Veradale, Spokane Valley, WA",36940
40119010300,"Stillwater, OK",36940
13275961000,"Thomasville, GA",36939
39085201700,"The Homeland, Willoughby, OH",36939
34041030700,"Phillipsburg, NJ",36939
6037552400,"Norwalk, CA",36938
42097081500,"Shamokin, PA",36937
12095014704,"Southwest Orlando, Orlando, FL",36937
6073015902,"El Cajon, CA",36937
39057200104,"Wright-Patterson Air Force Base, OH",36937
29137960300,"Madison, MO",36937
20035493600,"Winfield, KS",36937
53053071504,"Tacoma, WA",36936
36061015802,"East Harlem, New York, NY",36935
48121020114,"Frisco, TX",36934
12057011521,"Lutz, FL",36934
19113002500,"Southwest Area, Cedar Rapids, IA",36934
53039950300,"White Salmon, WA",36934
1045021300,"Midland City, AL",36933
6037183510,"Northeast Los Angeles, Los Angeles, CA",36933
39155933302,"McDonald, OH",36933
47093004614,"Knoxville, TN",36933
39007000101,"Conneaut, OH",36932
6037535501,"South Gate, CA",36932
47093005302,"Strawberry Plains, TN",36931
27083360700,"Tracy, MN",36931
34003015400,"Englewood, NJ",36931
26091061700,"Adrian, MI",36931
27035951100,"Brainerd, MN",36931
23009965200,"Dedham, ME",36931
26083000100,"Keweenaw County, MI",36930
6073002705,"Mid-City, San Diego, CA",36930
32003000520,"Downtown, Las Vegas, NV",36930
9003480700,"Thompsonville, Enfield, CT",36930
18097340201,"Indianapolis, IN",36929
53033010300,"Columbia City, Seattle, WA",36929
39093030100,"Vermilion, OH",36928
6083002705,"Lompoc, CA",36928
6037183820,"Northeast Los Angeles, Los Angeles, CA",36928
48201520602,"Northwest Houston, Houston, TX",36928
55025002700,"Madison, WI",36927
6065041201,"Arlanza, Riverside, CA",36927
12117021404,"Winter Springs, FL",36926
12077950200,"Bristol, FL",36926
6037131900,"Van Nuys, Los Angeles, CA",36925
5035030804,"Marion, AR",36925
54033030800,"Clarksburg, WV",36925
42091203801,"Norristown, PA",36925
21193970900,"Slemp, KY",36925
6019007600,"Fresno, CA",36924
19153001000,"Beaverdale, Des Moines, IA",36924
26163580100,"Wyandotte, MI",36923
53073010502,"Ferndale, WA",36923
42003170600,"South Side Slopes, Pittsburgh, PA",36923
32003006204,"Las Vegas, NV",36923
22051024202,"Elmwood, LA",36922
34017011000,"Constable Hook, Bayonne, NJ",36921
19069360200,"Hampton, IA",36921
51177020404,"Partlow, VA",36920
28023950200,"Stonewall, MS",36920
13067031005,"Marietta, GA",36920
12086004301,"West Avenue, Miami Beach, FL",36920
6029001600,"Downtown, Bakersfield, CA",36919
45045002504,"Greer, SC",36919
22045031600,"Jeanerette, LA",36918
15001020202,"Hilo, HI",36918
37119006406,"Cornelius, NC",36918
37067003402,"Winston-Salem, NC",36917
6083002806,"Lompoc, CA",36916
24005440701,"Rosedale, MD",36915
26035000400,"Farwell, MI",36915
42079200700,"Wilkes-Barre, PA",36915
28131020201,"Perkinston, MS",36914
12095017804,"Apopka, FL",36914
2020001702,"Northeast Anchorage, Anchorage, AK",36913
6077003308,"Pacific, Stockton, CA",36913
47065012100,"Lookout Valley Neighborhood Association, Chattanooga, TN",36913
39155930700,"Warren, OH",36912
6037403000,"Westmont, Pomona, CA",36912
45063021404,"Lexington County, SC",36912
51047930400,"Elkwood, VA",36912
36103122403,"Wheatley Heights, NY",36912
28059040204,"Ocean Springs, MS",36911
8015000402,"Buena Vista, CO",36911
22015011106,"Haughton, LA",36911
49035113702,"Kearns, UT",36911
13135050211,"Duluth, GA",36911
12127082413,"Town Park, Port Orange, FL",36910
41051008302,"Southeast Portland, Portland, OR",36910
6059074403,"Santa Ana, CA",36909
48493000300,"Floresville, TX",36909
36005044400,"Bronx County, NY",36908
4013421601,"Mesa, AZ",36908
41047002102,"Faye Wright, Salem, OR",36908
26071000400,"Iron River, MI",36907
21073071000,"Frankfort, KY",36907
21111006400,"Highlands, Louisville, KY",36905
42015950400,"Athens, PA",36905
35001000206,"Albuquerque, NM",36905
39003011000,"Lima, OH",36904
54037972601,"Harpers Ferry, WV",36904
18075963100,"Portland, IN",36903
6037534203,"South Montebello, Bell Gardens, CA",36903
6037554405,"Bellflower, CA",36903
6029004500,"Wasco, CA",36902
13039010200,"Woodbine, GA",36901
6065044604,"Desert Park Estates, Palm Springs, CA",36900
26081013600,"Godwin Heights, Grand Rapids, MI",36900
34017006200,"Greenville, Jersey City, NJ",36900
37183054014,"Northeast Raleigh, Raleigh, NC",36900
36035970400,"Gloversville, NY",36899
39041011101,"Ashley, OH",36898
20091053703,"Gardner, KS",36898
13015960902,"Cartersville, GA",36898
34031183000,"Paterson, NJ",36898
8099000700,"Granada, CO",36896
51161030204,"Hollins, VA",36896
48427950500,"Rio Grande City, TX",36896
21047201200,"Hopkinsville, KY",36896
6037302505,"Adams Hill, Glendale, CA",36895
48027021904,"Harker Heights, TX",36895
37021002702,"Weaverville, NC",36894
25005640200,"Fall River, MA",36894
42101012204,"Wynnefield Heights, Philadelphia, PA",36894
39007001200,"Kingsville, OH",36893
48201521200,"Northwest Houston, Houston, TX",36893
12083002402,"Ocala, FL",36893
51810045805,"Windsor Woods, Virginia Beach, VA",36892
6023010901,"Fortuna, CA",36892
25013812202,"West Springfield, MA",36892
15001021504,"Kailua-Kona, HI",36890
20001952800,"Iola, KS",36890
39101000502,"Marion, OH",36890
26133970200,"Tustin, MI",36889
36113070800,"Queensbury, NY",36889
12099006012,"Boynton Beach, FL",36888
13275960200,"Ochlocknee, GA",36888
12071030203,"Fort Myers, FL",36888
6037407502,"La Puente, CA",36888
4025001802,"Sedona, AZ",36887
6037199900,"Montecito Heights, Los Angeles, CA",36886
12011110336,"Pembroke Pines, FL",36886
41043030800,"Lebanon, OR",36886
1061050400,"Hartford, AL",36886
47035970603,"Crossville, TN",36885
22105953200,"Kentwood, LA",36885
42127961100,"Lakeville, PA",36885
34007607401,"Somerdale, NJ",36885
18161960800,"Liberty, IN",36885
6071004401,"Rancho West, Rialto, CA",36884
44007002900,"Charles, Providence, RI",36884
22071012600,"East Carrollton, New Orleans, LA",36884
34025807900,"Neptune City, NJ",36883
42085032000,"Greenville, PA",36883
36103169800,"Riverhead, NY",36883
6065041411,"Corona, CA",36882
9011697000,"Norwich, CT",36881
13227050600,"Tate, GA",36881
6037601700,"Inglewood, CA",36881
48405950300,"Broaddus, TX",36881
18095010800,"Florida, Anderson, IN",36880
12103025209,"Largo, FL",36880
48375015200,"Amarillo, TX",36879
4021000902,"Florence, AZ",36879
49049001803,"Joaquin, Provo, UT",36879
42003523200,"Laketon Heights, Pittsburgh, PA",36879
48439111524,"East Arlington, Arlington, TX",36878
11001010100,"Downtown, Washington, DC",36878
26145012400,"Brant, MI",36878
41039002503,"Bethel-Danebo, Eugene, OR",36877
25007200400,"Aquinnah, MA",36877
5085020400,"Carlisle, AR",36876
8031007037,"East, Denver, CO",36876
51085320602,"Ashland, VA",36876
17019010100,"Rantoul, IL",36876
48187210714,"Cibolo, TX",36875
42011000700,"Reading, PA",36875
48213950400,"Athens, TX",36875
54081001300,"Beckley, WV",36875
48113014113,"Song, Irving, TX",36874
4023966104,"Rio Rico Southeast, Rio Rico, AZ",36874
48029980003,"Southside, San Antonio, TX",36874
48201332800,"Golfcrest, Houston, TX",36873
6087110501,"Watsonville, CA",36873
36117021400,"Lyons, NY",36873
36005042600,"Bronx County, NY",36872
6067008910,"Cordova Meadows, Rancho Cordova, CA",36872
17201000105,"Machesney Park, IL",36871
19067480400,"Charles City, IA",36870
48423001300,"Tyler, TX",36870
6107001302,"Visalia, CA",36869
28007060100,"McCool, MS",36869
6037402703,"Westmont, Pomona, CA",36868
24021750505,"Frederick Heights, Frederick, MD",36867
37179020306,"Indian Trail, NC",36867
40107081000,"Weleetka, OK",36865
5031001100,"Jonesboro, AR",36865
39153520104,"Cuyahoga Falls, OH",36865
10005051702,"Laurel, DE",36865
53053063000,"South Tacoma, Tacoma, WA",36864
39113091100,"Riverside, OH",36864
6111003011,"Sierra Linda, Oxnard, CA",36863
21097950100,"Cynthiana, KY",36863
42047950500,"Johnsonburg, PA",36862
18019050903,"Charlestown, IN",36862
6073002703,"Mid-City, San Diego, CA",36862
26163569800,"Garden City, MI",36861
6037570501,"Jordan, Long Beach, CA",36861
48157670700,"Houston, TX",36861
6073009202,"Serra Mesa, San Diego, CA",36860
20173003800,"Schweiter, Wichita, KS",36860
36081018800,"Queens County, NY",36860
36025970600,"Walton, NY",36859
26067031700,"Ionia, MI",36859
47113001900,"Jackson, TN",36859
6065031100,"Magnolia Center, Riverside, CA",36858
48201333800,"Greater Hobby Area, Houston, TX",36858
48257051100,"Kaufman, TX",36858
20011955900,"Fort Scott, KS",36857
5109953500,"Delight, AR",36857
24510270101,"Arcadia, Baltimore, MD",36856
19187000300,"Fort Dodge, IA",36855
41041951500,"Waldport, OR",36855
48485010900,"Wichita Falls, TX",36855
48029180702,"Northwest Side, San Antonio, TX",36855
6067008139,"Citrus Heights, CA",36853
28039950301,"Lucedale, MS",36853
27135970400,"Warroad, MN",36853
26021010600,"Berrien Center, MI",36852
49035113906,"Magna, UT",36852
53033011200,"South Park, Seattle, WA",36852
53063011702,"Spokane Valley, WA",36851
47033961400,"Bells, TN",36851
54081001200,"Dry Creek, WV",36850
48135001800,"Odessa, TX",36850
20209044001,"Muncie - Stony Pt., Kansas City, KS",36849
15001021402,"Kealakekua, HI",36849
6037408724,"Rowland Heights, CA",36849
21093001001,"Elizabethtown, KY",36848
13047030202,"Ringgold, GA",36848
36047100400,"Kings County, NY",36848
13045910103,"Villa Rica, GA",36848
6107002904,"Tulare, CA",36847
12131950601,"Santa Rosa Beach, FL",36847
48215020725,"McAllen, TX",36847
6037540202,"Lynwood, CA",36847
8005007703,"Highland Park, Aurora, CO",36847
6099000505,"Modesto, CA",36847
12086007804,"Miami, FL",36845
51510200405,"Landmark, Alexandria, VA",36844
24510120201,"Baltimore, MD",36843
20177002500,"Topeka, KS",36843
36081017600,"Queens County, NY",36843
53073000300,"Birchwood, Bellingham, WA",36842
24033804700,"Mount Rainier, MD",36842
37129012008,"Wilmington, NC",36841
12021010300,"Central Naples, Naples, FL",36841
31079001000,"Grand Island, NE",36840
15003009701,"Waianae, HI",36840
8043978500,"Cañon City, CO",36839
4013218300,"Old Town Scottsdale, Scottsdale, AZ",36839
6037601600,"Inglewood, CA",36839
13313001500,"Dalton, GA",36839
54023969500,"Maysville, WV",36839
42101032100,"Northeast Philadelphia, Philadelphia, PA",36838
10001041801,"Dover, DE",36838
17201003708,"Rockford, IL",36838
32003005346,"Henderson, NV",36837
53053071807,"Lakewood, WA",36835
53015000702,"Columbia Valley Garden, Longview, WA",36835
37147000502,"Greenville, NC",36834
18069961900,"Huntington, IN",36834
6037191901,"Central LA, Los Angeles, CA",36833
16075960400,"New Plymouth, ID",36833
13075960300,"Adel, GA",36832
5045030303,"Vilonia, AR",36832
51079030200,"Ruckersville, VA",36831
26155030400,"Owosso, MI",36831
39095005501,"Toledo, OH",36830
28039950200,"Lucedale, MS",36830
48061013308,"Southmost, Brownsville, TX",36830
4013061100,"Luke Air Force Base, Glendale, AZ",36829
39025040204,"Loveland, OH",36829
24033806501,"Riverdale, Riverdale Park, MD",36829
41051009000,"Powellhurst - Gilbert, Portland, OR",36828
12105014121,"Haines City, FL",36828
17181950400,"Anna, IL",36828
48201220400,"North Houston, Houston, TX",36827
9009154500,"West Haven, CT",36827
22005030900,"Donaldsonville, LA",36827
36047102000,"Kings County, NY",36827
19155031400,"Council Bluffs, IA",36827
6073011601,"National City, CA",36826
10001040900,"Dover, DE",36825
6037186403,"Atwater Village, Los Angeles, CA",36825
47021070104,"Ashland City, TN",36825
6029004702,"McFarland, CA",36825
6073007701,"Pacific Beach, San Diego, CA",36824
48143950500,"Stephenville, TX",36824
13225040101,"Byron, GA",36824
17031191301,"Belmont Cragin, Chicago, IL",36824
48215024205,"Penitas, TX",36824
25013800300,"Liberty Heights, Springfield, MA",36824
20175965800,"Liberal, KS",36823
12086010300,"Miami, FL",36822
17031580501,"South Side, Chicago, IL",36822
48113013625,"Far North Dallas, Dallas, TX",36822
12011070305,"Davie, FL",36821
8077000900,"Grand Junction, CO",36821
20059954300,"Ottawa, KS",36821
6029001101,"Bakersfield, CA",36821
12111381102,"Fort Pierce, FL",36820
18135951700,"Winchester, IN",36817
36047078000,"Kings County, NY",36816
36003951200,"Bolivar, NY",36816
39087050400,"Ironton, OH",36815
1071950800,"Scottsboro, AL",36814
17037001300,"DeKalb, IL",36814
53009002000,"Sequim, WA",36814
22093040600,"North Vacherie, Vacherie, LA",36813
42095010900,"Bethlehem, PA",36813
17161021900,"Moline, IL",36813
51187020200,"Middletown, VA",36813
6073014601,"La Mesa, CA",36813
12095014805,"Orlando, FL",36813
6047001200,"Merced, CA",36812
6071002604,"Southridge Village, Fontana, CA",36811
48401951200,"Mount Enterprise, TX",36811
6073005900,"Bankers Hill, San Diego, CA",36810
55063000100,"La Crosse, WI",36810
42027011300,"State College, PA",36809
39083007200,"Mount Vernon, OH",36809
42007604200,"Ambridge, PA",36808
6021010501,"Hamilton City, CA",36808
16079960400,"Silverton, ID",36808
17031040900,"Lincoln Square, Chicago, IL",36808
5035030201,"West Memphis, AR",36807
6037294900,"Wilmington, Los Angeles, CA",36807
36039080402,"Hunter, NY",36807
39027964800,"Wilmington, OH",36806
6065048800,"Moreno Valley, CA",36806
1045020200,"Midland City, AL",36806
37041930200,"Edenton, NC",36806
23019026500,"Woodville, ME",36804
37085070500,"Erwin, NC",36804
12117020807,"Sanford, FL",36803
12071010502,"Caloosahatchee, Cape Coral, FL",36803
18079960500,"North Vernon, IN",36803
34029715700,"Lakewood, Lakewood Township, NJ",36802
37071032301,"Belmont, NC",36802
39129021401,"Orient, OH",36802
39131952400,"Waverly, OH",36802
34001013201,"Ventnor City, NJ",36801
6037127910,"Van Nuys, Los Angeles, CA",36801
36085000900,"Richmond County, NY",36801
40149965000,"Sentinel, OK",36801
12105012204,"Lakeland, FL",36800
36047022200,"Kings County, NY",36799
27053107500,"Seward, Minneapolis, MN",36798
55139003100,"Neenah, WI",36798
40111000800,"Henryetta, OK",36797
21111012107,"Louisville, KY",36797
53005011200,"Kennewick, WA",36797
20073965800,"Severy, KS",36797
32003003253,"Las Vegas, NV",36797
53031950500,"Port Townsend, WA",36796
6067007207,"Rio Linda, CA",36796
26093722500,"Fowlerville, MI",36795
17097862604,"Waukegan, IL",36795
34039032300,"Hillside, NJ",36793
26065003902,"Patriarche Park, East Lansing, MI",36792
21127930100,"Louisa, KY",36792
53043960100,"Davenport, WA",36792
17007010100,"Belvidere, IL",36792
12057014106,"Apollo Beach, FL",36792
23009965503,"Ellsworth, ME",36791
40079040602,"Heavener, OK",36790
18163001800,"Evansville, IN",36790
51051040100,"Haysi, VA",36790
23001030100,"Lisbon, ME",36790
28035010102,"Petal, MS",36790
6037212203,"Central LA, Los Angeles, CA",36790
39113100302,"Dayton, OH",36789
8001009606,"Denver, CO",36789
35001003804,"Dennis Chavez Estates, Tijeras, NM",36789
48453001505,"Brentwood, Austin, TX",36788
8059010702,"Wheat Ridge, CO",36787
48453001849,"North Austin, Austin, TX",36787
36029012300,"Buffalo, NY",36787
22103041102,"Slidell, LA",36787
39049009373,"South Columbus, Columbus, OH",36787
29171960100,"Unionville, MO",36787
21153970300,"Salyersville, KY",36786
48215020726,"McAllen, TX",36786
48027021500,"Belton, TX",36785
4017960400,"Winslow, AZ",36784
13051010807,"Savannah, GA",36784
36081050202,"Queens County, NY",36784
36033950900,"Saranac Lake, NY",36784
47125100602,"Clarksville, TN",36783
19099040300,"Newton, IA",36783
17183010100,"Rossville, IL",36783
48171950200,"Harper, TX",36783
39093070600,"Elyria, OH",36783
48215023802,"Edinburg, TX",36783
6037911001,"Pearblossom, CA",36783
44001030500,"Warren, RI",36781
6065041407,"La Sierra, Riverside, CA",36781
6065031401,"Ramona, Riverside, CA",36781
47141001000,"Baxter, TN",36781
6083000700,"Santa Barbara, CA",36780
51650010306,"Coliseum Central, Hampton, VA",36780
12009066800,"Satellite Beach, FL",36779
20133951700,"Chanute, KS",36779
6071001001,"Ontario, CA",36779
21067003407,"Lexington, KY",36778
51195931400,"Wise, VA",36778
17081050700,"Mount Vernon, IL",36778
48479001715,"Laredo, TX",36778
12095012900,"Colonial Town Center, Orlando, FL",36777
12095015402,"Winter Park, FL",36777
48407200300,"Point Blank, TX",36777
25015822402,"Easthampton, MA",36776
26163573300,"Dearborn, MI",36776
48215024000,"Edinburg, TX",36776
15003006600,"Moanalua, Honolulu, HI",36776
12101032103,"Palm Cove, Wesley Chapel, FL",36775
17055040700,"Benton, IL",36775
6037500600,"El Rancho, Pico Rivera, CA",36773
6077004501,"Lodi, CA",36773
39131952300,"Waverly, OH",36773
53053061602,"New Tacoma, Tacoma, WA",36772
53061052905,"Marysville, WA",36772
6065042901,"Perris, CA",36772
54037972701,"Harpers Ferry, WV",36770
6099002702,"Modesto, CA",36770
12011042302,"Poinciana Park, Fort Lauderdale, FL",36770
48105950100,"Ozona, TX",36769
6067003102,"Southeastern Sacramento, Sacramento, CA",36769
36083041000,"Troy, NY",36768
23005002900,"Westbrook, ME",36768
6037531202,"Los Angeles, CA",36768
42079213600,"Plymouth, PA",36767
6037531701,"South Montebello, East Los Angeles, CA",36766
51003010601,"Raintree, Charlottesville, VA",36766
12041950204,"Trenton, FL",36766
48139060101,"Ferris, TX",36766
26163543000,"North Rosedale Park, Detroit, MI",36765
13151070205,"McDonough, GA",36765
51023040502,"Roanoke, VA",36765
17167001400,"Downtown, Springfield, IL",36764
32003004912,"South Christy, Las Vegas, NV",36764
48201550602,"Mckamy Meadows, Houston, TX",36764
48029171912,"Far West Side, San Antonio, TX",36763
21033920100,"Fredonia, KY",36763
41029002700,"Shady Cove, OR",36763
9001022000,"Cove - East Side - Shippan, Stamford, CT",36762
12005000500,"Panama City, FL",36762
6037407001,"Bassett, West Puente Valley, CA",36762
12095016715,"Orlando, FL",36761
8105977000,"Del Norte, CO",36761
24510130700,"Hampden, Baltimore, MD",36760
37057062001,"Denton, NC",36760
48201210500,"Near Northside, Houston, TX",36760
53061040400,"Bayside, Everett, WA",36759
34041030600,"Phillipsburg, NJ",36759
26019000300,"Benzonia, MI",36758
31109003302,"Oak Hills, Lincoln, NE",36758
34021000500,"Chambersburg, Trenton, NJ",36757
12103022802,"Disston Heights, Saint Petersburg, FL",36757
37063002022,"Lake Village Townes, Durham, NC",36757
18033020602,"Garrett, IN",36757
4015952900,"Lake Havasu City, AZ",36757
37189920602,"Boone, NC",36756
26145011901,"Saginaw, MI",36756
29027070500,"Fulton, MO",36756
48467950200,"Grand Saline, TX",36755
49057201800,"Ogden, UT",36755
12057013907,"Wimauma, FL",36753
20177001800,"College Hill, Topeka, KS",36753
8069000802,"Highlander Heights, Fort Collins, CO",36751
28033070412,"West End, Southaven, MS",36751
13223120601,"Powder Springs, GA",36751
6019005410,"Fresno, CA",36751
23005017101,"Harpswell, ME",36750
54079020500,"Poca, WV",36749
30063000202,"Missoula, MT",36749
6037555102,"Lakewood, CA",36749
48029181728,"Far West Side, San Antonio, TX",36748
6037269700,"Beverlywood, Los Angeles, CA",36748
9001210100,"Danbury, CT",36748
28047001201,"Biloxi, MS",36748
54015957900,"Clay County, WV",36747
17183000500,"Danville, IL",36747
47163041300,"Kingsport, TN",36747
12071010204,"Jacarandas, Cape Coral, FL",36746
12111382003,"Port St. Lucie, FL",36746
15009030202,"Haiku, Haiku-Pauwela, HI",36746
6037603001,"Gardena, CA",36744
47117955200,"Lewisburg, TN",36744
21097950300,"Cynthiana, KY",36743
18127050800,"Valparaiso, IN",36742
48389950300,"Pecos, TX",36742
45083022406,"Boiling Springs, SC",36742
17143002600,"Peoria, IL",36742
42109980705,"Selinsgrove, PA",36742
51550020600,"South Norfolk, Chesapeake, VA",36741
39103408201,"Medina, OH",36741
12103026820,"Brookfield, Clearwater, FL",36741
21111012003,"Louisville, KY",36740
24005402504,"Randallstown, MD",36740
4019004647,"Tucson, AZ",36740
17089853007,"Aurora, IL",36739
18113971800,"Kendallville, IN",36739
41047002502,"Salem, OR",36738
6065042510,"Moreno Valley, CA",36738
48141003803,"Shawver Park, El Paso, TX",36738
1127020600,"Cordova, AL",36737
47093005602,"Knoxville, TN",36737
44007015300,"Pawtucket, RI",36737
17199021200,"Marion, IL",36736
34025809000,"Lake Como, NJ",36735
42065951200,"Punxsutawney, PA",36735
26065001703,"Lansing, MI",36734
4013619300,"Inverness Valley, Phoenix, AZ",36734
26049012504,"Clio, MI",36734
6037216200,"Central LA, Los Angeles, CA",36734
42127961300,"Newfoundland, PA",36734
13185010102,"Valdosta, GA",36733
51065020101,"Troy, VA",36733
12011110100,"Pembroke Pines, FL",36732
12099000213,"Jupiter, FL",36732
54095961800,"Sistersville, WV",36732
29189216100,"Delmar Loop, University City, MO",36732
35025000300,"Hobbs, NM",36730
42079215702,"Shickshinny, PA",36729
12015020601,"Port Charlotte, FL",36729
24031703219,"Silver Spring, MD",36728
5075470200,"Imboden, AR",36728
51105950600,"Ewing, VA",36728
26145002100,"Saginaw, MI",36727
4013218200,"Old Town Scottsdale, Scottsdale, AZ",36727
53033011402,"Delridge, Seattle, WA",36727
36043011501,"Cold Brook, NY",36727
36109002200,"Groton, NY",36727
50005957500,"St. Johnsbury, Saint Johnsbury, VT",36726
12009068102,"Cocoa Beach, FL",36725
51700031902,"Central Newport News, Newport News, VA",36725
31055007309,"Omaha, NE",36724
12057011412,"Citrus Park Community, Tampa, FL",36723
18003011202,"Fort Wayne, IN",36723
53033028100,"SeaTac, WA",36723
55013970700,"Webster, WI",36722
42089301102,"Stroudsburg, PA",36722
21015070311,"Erlanger, KY",36722
12087972200,"Key West, FL",36721
39127966300,"New Straitsville, OH",36721
42123970900,"Warren, PA",36720
4019004626,"Tucson, AZ",36720
45077011205,"Clemson, SC",36720
19155021200,"Carter Lake, IA",36720
45045003103,"Fountain Inn, SC",36719
22051027100,"Westwego, LA",36719
17137951800,"Jacksonville, IL",36718
13153020106,"Warner Robins, GA",36717
56021000300,"Cheyenne, WY",36717
6037602404,"Hawthorne, CA",36717
12086004205,"Flamingo / Lummus, Miami Beach, FL",36716
39155932701,"Niles, OH",36716
36055011603,"Rochester, NY",36715
48439113923,"Fossil Park, Fort Worth, TX",36715
42039110100,"Crawford County, PA",36714
51121021500,"Christiansburg, VA",36714
15001020900,"Hilo, HI",36713
37077970101,"Oxford, NC",36712
54055001000,"Rock, WV",36711
22087030103,"Saint Bernard, LA",36710
48041000800,"Bryan, TX",36710
18089041600,"Hobart, IN",36710
51630000302,"Fredericksburg, VA",36709
6089010803,"Enterprise, Redding, CA",36709
36081064600,"Queens County, NY",36709
5007021102,"Siloam Springs, AR",36709
5009790300,"Harrison, AR",36708
17201000104,"Machesney Park, IL",36708
24003730402,"Glen Burnie, MD",36708
36061028300,"Fort George, New York, NY",36707
42101012100,"Wynnefield, Philadelphia, PA",36706
5115951200,"Pottsville, AR",36706
26099256400,"Roseville, MI",36706
55137960600,"Wautoma, WI",36705
12071040125,"Richmond, Lehigh Acres, FL",36704
54019020900,"Victor, WV",36704
8083969000,"Dolores, CO",36704
6037535607,"South Gate, CA",36704
37087920300,"Canton, NC",36703
12071001707,"Fort Myers, FL",36703
51700031602,"South Newport News, Newport News, VA",36702
45003021101,"Warrenville, SC",36702
29001950100,"Kirksville, MO",36702
1001020100,"Prattville, AL",36702
8073961700,"Limon, CO",36700
13057091102,"Acworth, GA",36700
12011031202,"Pompano Beach, FL",36700
51161030100,"Salem, VA",36700
6037570601,"Lindbergh, Long Beach, CA",36699
47179061100,"Johnson City, TN",36699
36047117800,"Kings County, NY",36698
32003003636,"North Las Vegas, NV",36698
48349970500,"Corsicana, TX",36698
20161001100,"Manhattan, KS",36698
22103041104,"Slidell, LA",36697
47093004900,"Knoxville, TN",36697
4013116604,"Laveen Village, Phoenix, AZ",36697
48201314002,"Southwest Houston, Houston, TX",36697
6019003809,"West Fresno, Fresno, CA",36696
13135050424,"Norcross, GA",36696
48049951100,"Brownwood, TX",36695
37067003315,"Kernersville, NC",36695
48181001200,"Sherman, TX",36695
40145030507,"Bentree, Broken Arrow, OK",36694
45083023401,"Spartanburg, SC",36694
31055005700,"North Omaha, Omaha, NE",36694
45003021102,"Warrenville, SC",36694
17199020600,"Herrin, IL",36694
45059920501,"Laurens, SC",36694
48185180200,"Navasota, TX",36694
41051007202,"East Columbia, Portland, OR",36693
37005950100,"Ennice, NC",36693
23017965100,"Andover, ME",36693
6067007209,"Rio Linda, CA",36693
6071003503,"Rialto Airport, Rialto, CA",36693
12085001408,"Hobe Sound, FL",36692
36071015005,"Kiryas Joel, NY",36692
13121008902,"Berkeley Park, Atlanta, GA",36692
12127082802,"New Smyrna Beach Historic District, New Smyrna Beach, FL",36691
37081016011,"Greensboro, NC",36690
13005970100,"Alma, GA",36690
15003009400,"Wahiawa, HI",36690
13145120402,"Ellerslie, GA",36690
33013032900,"Concord, NH",36689
26107960400,"Paris, Green Charter Township, MI",36689
17031843200,"Heart of Chicago, Chicago, IL",36688
18097360800,"Warren, Indianapolis, IN",36688
2020002602,"Abbott Loop, Anchorage, AK",36688
4019004049,"Tucson, AZ",36687
41017001700,"Mountain View, Bend, OR",36686
39049010100,"Easton, Columbus, OH",36686
53011041010,"Northeast Hazel Dell, Vancouver, WA",36685
48113001301,"Junius Heights, Dallas, TX",36685
36053940200,"Canastota, NY",36685
29189211402,"Hazelwood, MO",36684
16061940001,"Kamiah, ID",36684
26015010800,"Nashville, MI",36684
6037104103,"Sylmar, Los Angeles, CA",36684
20173005700,"South Seneca, Wichita, KS",36683
51027010500,"Jewell Ridge, VA",36683
18105001501,"Bloomington, IN",36682
48141010343,"Horizon City, TX",36682
54049021800,"Mannington, WV",36682
12117021613,"Altamonte Springs, FL",36681
1057020400,"Berry, AL",36679
6111004902,"Rose Park, Oxnard, CA",36678
21217920300,"Campbellsville, KY",36678
23011010200,"Augusta, ME",36678
26163573800,"Dearborn, MI",36677
31173940100,"Walthill, NE",36676
51167030100,"Swords Creek, VA",36676
37045951502,"Mooresboro, NC",36676
1049960100,"Ider, AL",36676
41033360600,"Grants Pass, OR",36676
48231960400,"Greenville, TX",36675
40079040102,"Pocola, OK",36674
6037190201,"Central LA, Los Angeles, CA",36674
51041100814,"Richmond, VA",36674
42081001000,"Williamsport, PA",36674
53073010401,"Blaine, WA",36674
17031190601,"Belmont Central, Chicago, IL",36673
48141010329,"Sun Ridge North, El Paso, TX",36673
48369950300,"Farwell, TX",36673
21187970200,"Owenton, KY",36672
36081044301,"Queens County, NY",36672
48427950107,"Rio Grande City, TX",36671
51700032117,"Saunders, Newport News, VA",36671
48379950100,"Emory, TX",36671
48201311700,"Southeast Houston, Houston, TX",36671
40107080700,"Paden, OK",36670
37125951000,"Southern Pines, NC",36670
6067007004,"North Sacramento, Sacramento, CA",36670
6037402102,"Westmont, Pomona, CA",36670
51003010602,"Dunlora, Charlottesville, VA",36669
48113016516,"Duncanville, TX",36669
48423001000,"Tyler, TX",36669
12031014329,"Arlington, Jacksonville, FL",36669
6107003601,"West Porterville, Porterville, CA",36669
6067002200,"Southwestern Sacramento, Sacramento, CA",36668
50025968400,"West Brattleboro, VT",36668
51177020406,"Spotsylvania Courthouse, VA",36668
47031970600,"Manchester, TN",36668
21191930300,"Falmouth, KY",36668
54077963900,"Masontown, WV",36667
40029388100,"Coalgate, OK",36666
48201520300,"Northwest Houston, Houston, TX",36666
1069040800,"Dothan, AL",36665
48167721800,"San Leon, TX",36665
41033360800,"Grants Pass, OR",36665
26049012100,"Mount Morris, MI",36664
32005002100,"Carson City, NV",36663
54039010702,"Charleston, WV",36661
48479001001,"Eastern Division, Laredo, TX",36661
12005001301,"Camryn's Crossing, Panama City, FL",36660
6037192520,"Central LA, Los Angeles, CA",36660
51067020600,"Ferrum, VA",36659
41029002800,"Gold Hill, OR",36659
51810046005,"Kempsville Lake, Virginia Beach, VA",36659
25009207100,"Lynn, MA",36659
42101029800,"Northeast Philadelphia, Philadelphia, PA",36658
12071050602,"Bonita Springs, FL",36658
42079200900,"Wilkes-Barre, PA",36658
12011050602,"South Corals, Oakland Park, FL",36658
1125010601,"Brookwood, AL",36658
12087971900,"Key West, FL",36658
13277960300,"Tifton, GA",36657
12103024100,"Saint Petersburg, FL",36656
29159481100,"Sedalia, MO",36656
53067012320,"Olympia, WA",36655
29029951100,"Osage Beach, MO",36655
1003010200,"Bay Minette, AL",36654
17031611500,"South Side, Chicago, IL",36654
48053960400,"Burnet, TX",36653
8031015400,"Northwest, Denver, CO",36653
6037201401,"Northeast Los Angeles, Los Angeles, CA",36652
39057240301,"Xenia, OH",36652
12097043203,"Saint Cloud, FL",36652
36081056800,"Queens County, NY",36652
6037404503,"Azusa, CA",36651
6059074406,"Saddleback View, Santa Ana, CA",36651
36025970500,"Deposit, NY",36650
8041005104,"Peyton, CO",36650
6037460200,"Altadena, CA",36650
6037191710,"Central LA, Los Angeles, CA",36649
26081010200,"Cedar Springs, MI",36648
8031004302,"Hale, Denver, CO",36646
18177010100,"Richmond, IN",36646
35049010309,"Santa Fe, NM",36646
6071002902,"Fontana, CA",36646
39099812302,"Youngstown, OH",36646
41029001200,"Medford, OR",36645
48037011600,"De Kalb, TX",36645
26163568800,"Westland, MI",36645
39061021801,"Cincinnati, OH",36644
48323950205,"Eagle Pass, TX",36642
54081000804,"Daniels, WV",36641
18039001501,"Elkhart, IN",36640
6053000400,"Salinas, CA",36640
41051009301,"Northeast Portland, Portland, OR",36640
17031221500,"Logan Square, Chicago, IL",36639
5143011004,"West Fork, AR",36638
55105002601,"Beloit, WI",36637
12083002702,"Dunnellon, FL",36636
37097061001,"Statesville, NC",36636
10005050802,"Harbeson, DE",36636
55113100300,"Hayward, WI",36636
6023010700,"Eureka, CA",36636
19151780100,"Laurens, IA",36635
54033030100,"Clarksburg, WV",36635
51173030702,"Chilhowie, VA",36634
6065042516,"Moreno Valley, CA",36633
41071030502,"Sheridan, OR",36633
36005007400,"Bronx County, NY",36632
29225470101,"Niangua, MO",36632
35061970102,"Peralta, NM",36631
18023950800,"Frankfort, IN",36631
41071030202,"Newberg, OR",36631
36047095000,"Kings County, NY",36631
48113013621,"Far North Dallas, Dallas, TX",36630
6067007428,"Wood Leaf Village, Sacramento, CA",36630
53065950500,"Colville, WA",36628
48265960100,"Kerrville, TX",36628
48201520400,"Northwest Houston, Houston, TX",36627
48113016517,"Duncanville, TX",36627
51155210202,"Pulaski, VA",36626
48453002436,"Austin, TX",36626
22069000100,"Goldonna, LA",36626
54053954900,"Leon, WV",36625
24033801003,"Brandywine, MD",36625
50017959102,"East Corinth, Corinth, VT",36625
37171930202,"Mount Airy, NC",36625
39049009420,"South Columbus, Columbus, OH",36624
48141001111,"Festival Hills, El Paso, TX",36624
23011020000,"South China, China, ME",36623
22041950100,"Winnsboro, LA",36623
51770003100,"Roanoke, VA",36623
1125010701,"Tuscaloosa, AL",36623
6037104620,"Arleta, Los Angeles, CA",36622
24001001200,"Cumberland, MD",36621
4019004008,"Terra Del Sol, Tucson, AZ",36620
42061950600,"Huntingdon, PA",36620
48499950200,"Winnsboro, TX",36620
6067007016,"Gateway West, Sacramento, CA",36620
41067031100,"Vose, Beaverton, OR",36619
51045050100,"New Castle, VA",36619
12095013300,"Southeast Orlando, Orlando, FL",36619
17031830003,"Matteson, IL",36618
39151711600,"Canton, OH",36617
4003000500,"McNeal, AZ",36617
24043000200,"Hagerstown, MD",36616
1049960200,"Henagar, AL",36616
24033803608,"Lanham, MD",36615
48439111521,"East Arlington, Arlington, TX",36615
36103146203,"Central Islip, NY",36615
26103002000,"Ishpeming, MI",36615
18089041700,"Lake Station, IN",36615
8003960000,"Mosca, CO",36614
29189214400,"Overland, MO",36613
6095252606,"Fairfield, CA",36612
13115001702,"Rome, GA",36612
47001020800,"Rocky Top, TN",36611
27065480300,"Mora, MN",36611
48453002424,"Hillside Oaks, Austin, TX",36611
45015020724,"Goose Creek, SC",36610
29189210600,"St. Louis, MO",36610
13115000700,"Rome, GA",36610
21141960500,"Russellville, KY",36610
9003514600,"Central Manchester, Manchester, CT",36610
46047964200,"Hot Springs, SD",36609
12117021321,"Alafaya Woods, Oviedo, FL",36609
47043060300,"White Bluff, TN",36609
25015821602,"Florence, Northampton, MA",36608
48027023105,"Killeen, TX",36608
6083001101,"Westside, Santa Barbara, CA",36608
26049011010,"Flint, MI",36607
17039971700,"Clinton, IL",36607
48375011600,"Amarillo, TX",36606
6071010417,"Morongo Valley, CA",36606
23019020500,"Hudson, ME",36605
6089011803,"Redding, CA",36605
6037433901,"El Monte, CA",36605
26125123000,"Holly, MI",36604
6037920337,"Newhall, Santa Clarita, CA",36603
55075960100,"Niagara, WI",36602
37071031701,"Gastonia, NC",36602
21111012604,"Louisville, KY",36602
37127011400,"Bailey, NC",36601
39113090800,"Dayton, OH",36600
4015953900,"Kingman, AZ",36599
21209040400,"Sadieville, KY",36599
18135951400,"Saratoga, IN",36598
6111008700,"Wilson, Oxnard, CA",36598
26147634600,"Smiths Creek, MI",36597
39099810200,"Campbell, OH",36597
48201221100,"Eastex/ Jensen, Houston, TX",36597
13285960400,"LaGrange, GA",36596
26163578500,"Melvindale, MI",36596
17089851302,"Elgin, IL",36596
12087970600,"Key Largo, FL",36595
17031828702,"Glenwood, IL",36595
27053106400,"Seward, Minneapolis, MN",36595
6073002502,"Mid-City, San Diego, CA",36595
36087010703,"Congers, NY",36594
48215020804,"McAllen, TX",36592
6099002005,"Modesto, CA",36592
47163043201,"Bluff City, TN",36592
1001020802,"Prattville, AL",36592
6037402402,"Westmont, Pomona, CA",36591
24047950300,"Ocean City, MD",36591
39155921500,"Warren, OH",36591
30027030200,"Lewistown, MT",36591
6037502302,"Whittier, CA",36591
6071002101,"Rancho Cucamonga, CA",36590
6037191500,"Central LA, Los Angeles, CA",36590
6071010413,"Yucca Valley, CA",36590
36081005500,"Queens County, NY",36589
20173002800,"Delano, Wichita, KS",36589
48249950100,"Orange Grove, TX",36589
12086005403,"Little Havana, Miami, FL",36589
17121951900,"Odin, IL",36589
36019100900,"Plattsburgh, NY",36589
48201313900,"Astrodome, Houston, TX",36588
6065043504,"Hemet, CA",36588
26149041400,"White Pigeon, MI",36588
28087000200,"Columbus, MS",36588
48215020503,"McAllen, TX",36587
6059087404,"Southeast Anaheim, Anaheim, CA",36587
17031827802,"South Holland, IL",36587
36047054900,"Kings County, NY",36587
41043030904,"Lebanon, OR",36586
1077011603,"Killen, AL",36586
39173021702,"Bowling Green, OH",36586
6111004503,"Cypress Gardens, Oxnard, CA",36585
37067002804,"Winston-Salem, NC",36583
6047001002,"Merced, CA",36583
12103025014,"Pinellas Park, FL",36582
5037950300,"Wynne, AR",36581
13049010200,"Saint George, GA",36581
53045960700,"Mountain View, Shelton, WA",36581
6013336202,"Monument Corridor, Concord, CA",36581
12063211100,"Alford, FL",36581
6053010101,"Watsonville, CA",36581
48029180202,"Inner West Side, San Antonio, TX",36580
15009031502,"Lahaina, HI",36580
6065041002,"Arlanza, Riverside, CA",36580
6065042511,"Moreno Valley, CA",36580
54081001400,"Mount Hope, WV",36579
23031005200,"Saco, ME",36579
48063950102,"Pittsburg, TX",36578
25011041100,"Greenfield, MA",36578
6037204300,"Boyle Heights, Los Angeles, CA",36577
20177000900,"Oakland, Topeka, KS",36577
12011030704,"Coconut Creek, FL",36577
47107970700,"Etowah, TN",36577
12073002101,"Hidden Lakes, Tallahassee, FL",36577
6029003900,"Bakersfield, CA",36577
25005631600,"Attleboro, MA",36576
36077590600,"Westford, NY",36576
47077975200,"Huron, TN",36576
47105060502,"Loudon, TN",36576
6037570202,"Hamilton, Long Beach, CA",36576
27123034500,"Dayton's Bluff, Saint Paul, MN",36576
6037297601,"San Pedro, Los Angeles, CA",36575
10003014100,"Newark, DE",36575
18055955100,"Linton, IN",36575
48143950100,"Stephenville, TX",36574
4013071802,"Sun City, AZ",36574
54091964600,"Grafton, WV",36574
37127010502,"Rocky Mount, NC",36574
5115951502,"Russellville, AR",36574
48355002303,"South Side, Corpus Christi, TX",36574
48029191410,"North Central, San Antonio, TX",36574
37081016701,"Greensboro, NC",36573
37081012607,"Beechcroft, Greensboro, NC",36573
39049007954,"Hilliard Green, Hilliard, OH",36573
6073002803,"Mid-City, San Diego, CA",36573
41065970300,"The Dalles, OR",36573
8031003701,"Central, Denver, CO",36572
36005007600,"Bronx County, NY",36572
4003000202,"Willcox, AZ",36572
51069050801,"Stephens City, VA",36571
39113110202,"Dayton, OH",36571
22075050800,"Buras, LA",36570
6037204110,"Boyle Heights, Los Angeles, CA",36569
26103000400,"Marquette, MI",36569
6029004901,"Delano, CA",36569
48031950200,"Blanco, TX",36568
39035154200,"Garfield Heights, OH",36568
17031243100,"West Town, Chicago, IL",36568
5021950600,"Piggott, AR",36568
6113010102,"West Sacramento, CA",36567
47031970300,"Wartrace, TN",36567
17031140701,"Albany Park, Chicago, IL",36567
34029721000,"Lakehurst, NJ",36566
36055014301,"Rochester, NY",36566
39165031400,"Lebanon, OH",36566
48213951300,"Athens, TX",36566
37057060400,"Lexington, NC",36565
48201511200,"Northside, Houston, TX",36565
12091021102,"Niceville, FL",36565
47141000500,"Cookeville, TN",36565
6037554104,"Bellflower, CA",36564
10003012700,"Wilmington, DE",36563
39075976600,"Killbuck, OH",36563
34039034000,"Roselle, NJ",36563
50023955500,"Northfield, VT",36563
51775010100,"Salem, VA",36563
26021010100,"Coloma, MI",36563
34011030100,"Millville, NJ",36563
48201252500,"Dezavalla Acres, Channelview, TX",36562
6071010020,"Hesperia, CA",36561
13071970600,"Moultrie, GA",36561
12099004201,"Palm Springs, FL",36561
28145950500,"Blue Springs, MS",36561
17097862501,"Waukegan, IL",36561
42069102900,"South Side, Scranton, PA",36560
12011010104,"Deerfield Beach, FL",36559
19155030402,"Council Bluffs, IA",36559
21117065600,"Elsmere, KY",36559
17045070300,"Paris, IL",36559
1097006502,"Grand Bay, AL",36558
45015020811,"Goose Creek, SC",36558
26059050200,"Jonesville, MI",36557
39109315002,"Piqua, OH",36557
22051025001,"Gretna, LA",36557
17089852907,"Aurora, IL",36555
55079020000,"Jackson Park, Milwaukee, WI",36555
19193000700,"Sioux City, IA",36555
24003730505,"South Gate, Glen Burnie, MD",36555
42043022100,"Harrisburg, PA",36555
37121950400,"Spruce Pine, NC",36554
6077005119,"Lathrop, CA",36554
37035011102,"Hickory, NC",36554
21143960100,"Kuttawa, KY",36553
5103950300,"Camden, AR",36553
31119961000,"Norfolk, NE",36553
37045951503,"Shelby, NC",36553
17031661100,"South Side, Chicago, IL",36553
54001965800,"Belington, WV",36552
53053062802,"South Tacoma, Tacoma, WA",36552
5125010408,"Alexander, AR",36552
1047956202,"Valley Grande, AL",36551
1099076100,"Frisco City, AL",36551
41067030900,"Metzger, Portland, OR",36551
6065045117,"Palm Desert, CA",36550
34017006100,"Greenville, Jersey City, NJ",36548
6079010902,"San Luis Obispo, CA",36548
4013082024,"Harbor Shores, Avondale, AZ",36548
6037186301,"Atwater Village, Los Angeles, CA",36548
42049011900,"Corry, PA",36547
36047044100,"Kings County, NY",36547
12057013922,"Fish Hawk, Lithia, FL",36547
8031000303,"Northwest, Denver, CO",36547
48389950500,"Balmorhea, TX",36547
32003003303,"Las Vegas, NV",36546
1049960500,"Fyffe, AL",36546
48459950500,"Big Sandy, TX",36546
36089490900,"Potsdam, NY",36546
28127950500,"Magee, MS",36545
15001021013,"Keaau, HI",36545
26023951300,"Coldwater, MI",36545
47037010502,"Nashville, TN",36545
4013523002,"Chandler, AZ",36544
29009960200,"Purdy, MO",36543
17201004003,"South Beloit, IL",36543
6103000400,"Red Bluff, CA",36543
28137950200,"Coldwater, MS",36543
12011060801,"Plantation, FL",36543
6071010004,"Victorville, CA",36543
12086003707,"Downtown Miami, Miami, FL",36543
17019001400,"Champaign, IL",36542
29510115100,"Bevo, St. Louis, MO",36542
12105011732,"Lakeland, FL",36541
5101180100,"Harrison, AR",36540
28071950503,"Taylor, MS",36539
37001020501,"Burlington, NC",36538
6037404802,"Baldwin Park, CA",36537
21175950400,"West Liberty, KY",36537
36077590400,"Edmeston, NY",36537
12011060206,"Sunrise, FL",36537
32033970100,"Ely, NV",36537
48121021619,"Lewisville, TX",36537
53009001000,"Port Angeles, WA",36536
6107001502,"Exeter, CA",36536
36081000100,"Queens County, NY",36535
47051960300,"Belvidere, TN",36533
42109070600,"Mount Pleasant Mills, PA",36533
21067003912,"Lexington, KY",36533
50017959400,"Randolph, VT",36532
13127000403,"Brunswick, GA",36532
48061011400,"San Benito, TX",36531
12057007102,"South Tampa, Tampa, FL",36531
24033807410,"Beltsville, MD",36530
21089040100,"Russell, KY",36530
12069030803,"Tavares, FL",36530
12031014338,"Arlington, Jacksonville, FL",36529
1043964200,"Cullman, AL",36529
47023970300,"Henderson, TN",36528
37195000900,"Black Creek, NC",36528
42017100304,"Levittown, PA",36527
12127082406,"Harborside Village, South Daytona, FL",36527
48449950800,"Mount Pleasant, TX",36526
18155965700,"Rising Sun, IN",36526
55129950200,"Trego, WI",36525
12086006401,"Coral Way, Miami, FL",36525
29211480200,"Milan, MO",36524
42027012600,"State College, PA",36524
24045010400,"Salisbury, MD",36524
20173006200,"Mead, Wichita, KS",36522
12127082509,"Port Orange, FL",36521
17031242100,"West Town, Chicago, IL",36521
30013010100,"Great Falls, MT",36521
40027202402,"Norman, OK",36520
6073009603,"Grantville, San Diego, CA",36520
24033805907,"Hyattsville, MD",36520
4013092711,"Glendale, AZ",36519
54099020900,"East Lynn, WV",36519
8031007088,"East, Denver, CO",36519
37183053726,"Northwest Raleigh, Raleigh, NC",36518
13067031503,"Marietta, GA",36518
17159978200,"Olney, IL",36518
48439106600,"Fort Worth, TX",36518
13225040102,"Byron, GA",36517
42077000600,"Allentown, PA",36517
47037018904,"Nashville, TN",36517
6037272302,"Mar Vista, Los Angeles, CA",36517
47017962400,"Cedar Grove, TN",36517
20145970200,"Larned, KS",36517
54049021700,"Mannington, WV",36516
34017004900,"West Side, Jersey City, NJ",36516
5139950400,"El Dorado, AR",36516
6037534403,"Cudahy, CA",36516
6083002706,"Lompoc, CA",36515
32003005838,"Las Vegas, NV",36515
32003003426,"Las Vegas, NV",36514
37087920102,"Clyde, NC",36514
6037208620,"Central LA, Los Angeles, CA",36514
4015953402,"Lake Havasu City, AZ",36514
6071000904,"Upland, CA",36513
12011020409,"Tamarac, FL",36513
20173006300,"Grandview Heights, Wichita, KS",36513
12011040503,"East Fort Lauderdale, Fort Lauderdale, FL",36512
47047060401,"Eads, Hickory Withe, TN",36512
20209043301,"Rosedale, Kansas City, KS",36512
13013180107,"Winder, GA",36512
48201550601,"Rushwood, Houston, TX",36511
39145002300,"Lucasville, OH",36511
36013037500,"Frewsburg, NY",36510
8041005110,"Colorado Springs, CO",36509
39035132301,"Bedford, OH",36509
48375011700,"Amarillo, TX",36508
51177020306,"Fredericksburg, VA",36508
45043920302,"Georgetown, SC",36508
48193950300,"Hamilton, TX",36507
6071002207,"Fontana, CA",36507
6071007109,"Grand Terrace, CA",36507
23019025500,"Springfield, ME",36507
26121003300,"Holton, MI",36507
12086003704,"Downtown Miami, Miami, FL",36506
4013071511,"Peoria, AZ",36506
13077170503,"Senoia, GA",36506
28127950200,"Mendenhall, MS",36504
48291700100,"Cleveland, TX",36503
6037601401,"Inglewood, CA",36503
48049951300,"Brownwood, TX",36503
17031580800,"Brighton Park, Chicago, IL",36501
48487950600,"Vernon, TX",36501
47159975200,"Carthage, TN",36501
41029001001,"Central Point, OR",36500
45045002403,"Greer, SC",36500
36017970900,"Afton, NY",36498
39135480100,"Camden, OH",36497
6065042404,"Moreno Valley, CA",36497
32023960300,"Amargosa Valley, NV",36497
18157001100,"Lafayette, IN",36496
15003001801,"Waikīkī, Honolulu, HI",36496
6053001700,"Salinas, CA",36496
12086005001,"Little Havana, Miami, FL",36495
8005007500,"Jewell Heights - Hoffman Heights, Aurora, CO",36495
42045407502,"Media, PA",36495
55007960300,"Washburn, WI",36493
12031016807,"Loretto, Jacksonville, FL",36493
36061000201,"Lower Manhattan, New York, NY",36492
17031813600,"Cicero, IL",36491
6071002110,"Rancho Cucamonga, CA",36491
48027021201,"Temple, TX",36491
10003014703,"Newark, DE",36491
23025966100,"Skowhegan, ME",36490
47065010303,"Soddy-Daisy, TN",36489
6073013203,"Chula Vista, CA",36489
13225040301,"Fort Valley, GA",36489
26065004301,"East Lansing, MI",36488
42123971200,"Sheffield, PA",36487
6037404000,"Covina, CA",36487
26063951000,"Bad Axe, MI",36487
32003005013,"Las Vegas, NV",36486
21043960100,"Olive Hill, KY",36485
23025966000,"Pittsfield, Pittsfield, ME",36485
20099950400,"Parsons, KS",36485
28033070900,"Byhalia, MS",36484
27021960200,"Longville, MN",36484
34009021803,"Villas, NJ",36483
41017000800,"Redmond, OR",36483
48113017003,"Seagoville, TX",36483
16073950101,"Homedale, ID",36483
37139960502,"Elizabeth City, NC",36482
51059421600,"Alexandria, VA",36482
53045960600,"Shelton, WA",36481
39099812700,"North Jackson, OH",36481
25025160101,"Chelsea, MA",36481
47165020700,"Gallatin, TN",36481
41019020000,"Reedsport, OR",36480
36047101800,"Kings County, NY",36480
41051009201,"Southeast Portland, Portland, OR",36478
36047023600,"Kings County, NY",36477
12031015001,"Arlington, Jacksonville, FL",36477
6067005505,"Sacramento, CA",36477
26071000100,"Crystal Falls, MI",36477
12081002003,"Bradenton, FL",36477
6037107020,"Sylmar, Los Angeles, CA",36473
48423001907,"Flint, TX",36473
36113073000,"Warrensburg, NY",36472
13129970700,"Plainville, GA",36472
37081015200,"Gibsonville, NC",36470
36099950800,"Romulus, NY",36469
12105011902,"Lakeland, FL",36469
6037531603,"East Los Angeles, CA",36468
17031832200,"Bucktown, Chicago, IL",36468
26163577500,"Lincoln Park, MI",36468
6071003611,"Colton, CA",36467
6065044102,"Banning, CA",36467
29105960400,"Lebanon, MO",36467
26117971200,"Greenville, MI",36467
6037900607,"Lancaster, CA",36467
6037571701,"North Long Beach, Long Beach, CA",36467
4013610000,"Phoenix, AZ",36466
48407200102,"Cleveland, TX",36466
1043965100,"Hanceville, AL",36465
10005051005,"Lewes, DE",36465
13039010403,"Saint Marys, GA",36465
29019002000,"Centralia, MO",36465
6065040605,"Mira Loma, Jurupa Valley, CA",36465
36005032800,"Bronx County, NY",36465
39005970100,"Polk, OH",36465
20035493700,"Arkansas City, KS",36465
39049009430,"South Columbus, Columbus, OH",36465
26041971000,"Escanaba, MI",36465
17031081000,"Near North, Chicago, IL",36464
48113014405,"Irving, TX",36463
12009067100,"Patrick Air Force Base, FL",36463
54083966000,"Elkins, WV",36462
18095011400,"Markleville, IN",36462
49035103300,"Sugar House, Salt Lake City, UT",36462
41017002100,"Southwest Bend, Bend, OR",36461
40095094801,"Kingston, OK",36460
29097010900,"Joplin, MO",36460
26163577300,"Lincoln Park, MI",36460
12103022302,"Saint Petersburg, FL",36459
53065950100,"Evans, WA",36459
36007012600,"Kirkwood, NY",36458
48141010504,"Tornillo, TX",36458
6073010501,"Imperial Beach, CA",36458
26111291101,"Midland, MI",36457
41039005200,"South Hills, Eugene, OR",36457
39087051001,"South Point, OH",36457
48407200101,"Shepherd, TX",36456
6037123205,"North Hollywood, Los Angeles, CA",36456
5031001200,"Bono, AR",36456
36005020200,"Bronx County, NY",36455
36011040100,"Martville, NY",36455
48141010215,"Desierto Plaza, El Paso, TX",36454
12015020501,"Port Charlotte, FL",36454
20125950100,"Independence, KS",36454
34039036000,"Rahway, NJ",36453
41015950100,"Port Orford, OR",36452
12009060200,"Titusville, FL",36452
41025960200,"Princeton, OR",36452
41007951100,"Seaside, OR",36452
29019001300,"Columbia, MO",36451
33009960300,"Lyman, NH",36451
8001009604,"South Westminster, Westminster, CO",36450
53007960300,"Chelan, WA",36450
6065048902,"Moreno Valley, CA",36450
42043022000,"Harrisburg, PA",36450
21049020400,"Winchester, KY",36449
36065021402,"Utica, NY",36448
12069031311,"Clermont, FL",36448
54037972402,"Ranson, WV",36448
48215020701,"McAllen, TX",36447
45063020602,"West Columbia, SC",36447
6071001706,"Ontario, CA",36447
26067030200,"Belding, MI",36447
12057013319,"Riverview, FL",36446
26041971100,"Escanaba, MI",36445
35049010102,"Santa Cruz, NM",36444
45007010900,"Townville, SC",36444
12069030409,"Lady Lake, FL",36444
29139970100,"Wellsville, MO",36444
19083480200,"Iowa Falls, IA",36444
39153530901,"Tallmadge, OH",36444
39113020200,"Kettering, OH",36443
36059407204,"Hempstead, NY",36443
6111001502,"Ventura, CA",36442
40031000402,"Lawton, OK",36442
1029959500,"Fruithurst, AL",36442
41057960500,"Tillamook, OR",36442
25015820102,"Ware, Ware, MA",36441
28141950400,"Dennis, MS",36441
48439111306,"Mansfield, TX",36441
4013061042,"Sundial, El Mirage, AZ",36440
37051000702,"Terry Sanford, Fayetteville, NC",36440
6039000508,"Madera, CA",36440
48329001700,"Chestnut Place, Midland, TX",36439
12011060115,"Sunrise, FL",36439
12053041600,"Weeki Wachee, FL",36438
4019004066,"Rita Ranch, Tucson, AZ",36437
36103170101,"Greenport, NY",36437
12071001914,"Fort Myers, FL",36437
36033951000,"Saranac Lake, NY",36437
6037553702,"Paramount, CA",36437
48041000101,"East Brazos Industrial Park Ph 1, Bryan, TX",36436
13281960100,"Young Harris, GA",36436
6073013308,"Chula Vista, CA",36435
18167000900,"Collett Park, Terre Haute, IN",36435
53055960100,"Eastsound, WA",36435
42087961200,"McClure, PA",36434
29097011100,"Joplin, MO",36434
48251130407,"Alvarado, TX",36434
13135050304,"Gwinnett Village, Peachtree Corners, GA",36433
5065960400,"Melbourne, AR",36433
41029001400,"Eagle Point, OR",36432
36023970500,"Cortland, NY",36432
6065041302,"La Sierra, Riverside, CA",36432
21081920200,"Dry Ridge, KY",36432
51161030900,"Roanoke, VA",36431
6025010500,"Brawley, CA",36431
42003450800,"Coraopolis, PA",36431
1021060500,"Maplesville, AL",36430
12105015900,"Fort Meade, FL",36430
40055967100,"Granite, OK",36429
16069940000,"Lapwai, ID",36428
6037433302,"El Monte, CA",36428
21085950500,"Leitchfield, KY",36427
21067003504,"Lexington, KY",36427
21111012002,"Fairdale, Louisville, KY",36427
48159950300,"Winnsboro, TX",36426
47011011402,"Cleveland, TN",36426
6037900501,"Lancaster, CA",36425
36101960500,"Arkport, NY",36424
29097011400,"Webb City, MO",36424
23025965302,"West Forks, ME",36424
12117021000,"Sanford, FL",36423
40079040303,"Spiro, OK",36422
49035113308,"West Valley City, UT",36422
16085970100,"Cascade, ID",36422
40117957300,"Jennings, OK",36421
48143950600,"Stephenville, TX",36421
6071012002,"Barstow, CA",36420
21195931500,"Hardy, KY",36420
34017018000,"Weehawken, NJ",36420
6037531702,"South Montebello, East Los Angeles, CA",36419
26005032401,"Holland, MI",36419
6113010800,"Woodland, CA",36419
4013106802,"Alhambra, Phoenix, AZ",36419
28121021003,"Florence, MS",36419
39045031600,"Lancaster, OH",36419
6037134305,"Canoga Park, Los Angeles, CA",36418
6073003111,"Valencia Park, San Diego, CA",36418
36113070500,"Glens Falls, NY",36417
12109021407,"St. Augustine, FL",36417
12057011613,"Town N Country Alliance, Tampa, FL",36417
19099040600,"Newton, IA",36416
47141000900,"Cookeville, TN",36415
29159480700,"Sedalia, MO",36415
6073013908,"Spring Valley, CA",36415
47051960700,"Sewanee, TN",36414
8089968300,"La Junta, CO",36414
26099241700,"Clinton Township, MI",36413
40143006905,"Tulsa, OK",36413
24033800211,"Laurel, MD",36412
30031001102,"Bozeman, MT",36411
6013310000,"Pittsburg, CA",36411
18089041200,"Gary, IN",36410
28075010500,"Meridian, MS",36409
26003000100,"Munising, MI",36409
16001002000,"Boise, ID",36408
48113018802,"Garland, TX",36408
6111003802,"Kamala Park, Oxnard, CA",36408
4025001701,"Cornville, AZ",36407
18097360501,"Warren, Indianapolis, IN",36407
28121020401,"Richland, MS",36407
26073000600,"Mount Pleasant, MI",36406
24005491402,"Parkville, MD",36406
5023480502,"Quitman, AR",36406
12011051001,"Wilton Manors, FL",36405
8001009752,"Denver, CO",36405
12086001602,"Hialeah, FL",36405
8101001600,"Aberdeen, Pueblo, CO",36405
37097061201,"Statesville, NC",36404
25017311800,"Highlands, Lowell, MA",36403
20045001002,"Prairie Park, Lawrence, KS",36403
12086005501,"Little Havana, Miami, FL",36403
48201223002,"High Meadows, Houston, TX",36403
36077590800,"Oneonta, NY",36403
12009063000,"Rockledge, FL",36402
5045030702,"Conway, AR",36401
25003921500,"North Adams, MA",36401
48061012504,"Brownsville, TX",36401
26045021401,"Dimondale, Windsor charter Township, MI",36401
6037408141,"La Puente, CA",36400
51175200100,"Ivor, VA",36400
53033008400,"Downtown, Seattle, WA",36400
17031220902,"Logan Square, Chicago, IL",36400
42029305300,"Chester County, PA",36400
12055960101,"Avon Park, FL",36400
39059977500,"Cambridge, OH",36399
51133020200,"Heathsville, VA",36399
13157010101,"Hoschton, GA",36399
32003002981,"Las Vegas, NV",36399
1077011801,"Rogersville, AL",36399
47039955002,"Parsons, TN",36399
6037533805,"Bell, CA",36399
4013061041,"Parque Verde, El Mirage, AZ",36398
37191000401,"Goldsboro, NC",36397
9009170900,"Meriden, CT",36397
16001010503,"Boise, ID",36397
33009960200,"Bethlehem, NH",36397
36001012900,"Cohoes, NY",36396
4019004074,"Rita Ranch, Tucson, AZ",36396
21089040502,"Greenup, KY",36396
47037015631,"Antioch, Nashville, TN",36396
29189214800,"Saint Ann, MO",36395
37031970802,"Swansboro, NC",36395
47149041700,"Murfreesboro, TN",36395
18043070302,"New Albany, IN",36394
48201211500,"Northeast Houston, Houston, TX",36394
30013000900,"Great Falls, MT",36393
6037123410,"North Hollywood, Los Angeles, CA",36393
6007000201,"Chico, CA",36393
13121011420,"Roswell, GA",36392
13169030101,"Macon, GA",36392
12015020202,"Port Charlotte, FL",36392
24039930200,"Dames Quarter, MD",36391
8043978300,"Cañon City, CO",36391
24510280403,"Westgate, Baltimore, MD",36391
6073018700,"Camp Pendleton North, CA",36390
21071920800,"Langley, KY",36389
6019001411,"Roosevelt, Fresno, CA",36389
21081920400,"Corinth, KY",36387
6037604100,"Lawndale, CA",36387
48399950600,"Ballinger, TX",36387
40109106804,"Central Oklahoma City, Warr Acres, OK",36385
36013036000,"Fredonia, NY",36385
36021000200,"Canaan, NY",36384
18097320902,"Washington Township, Indianapolis, IN",36383
37173960200,"Bryson City, NC",36383
12011020324,"Forest Hills, Coral Springs, FL",36382
48113016611,"DeSoto, TX",36382
53011042400,"Esther Short, Vancouver, WA",36382
4013318400,"Tempe, AZ",36382
21149970500,"Island, KY",36382
53033009200,"Downtown, Seattle, WA",36382
6037531901,"South Montebello, East Los Angeles, CA",36381
6065042745,"Hemet, CA",36381
51121021200,"Christiansburg, VA",36380
50015953000,"Eden, VT",36380
6067009006,"Sunrise Countryside, Sacramento, CA",36380
55053960100,"Black River Falls, WI",36380
37063000302,"Durham, NC",36379
19007950400,"Centerville, IA",36379
51177020201,"Fredericksburg, VA",36376
1073011802,"Center Point, AL",36376
8003960100,"Alamosa, CO",36376
48047950200,"Falfurrias, TX",36375
48113016803,"Lancaster, TX",36375
51191010900,"Damascus, VA",36375
26049011502,"Burton, MI",36374
29213480201,"Branson, MO",36374
6081612000,"East Palo Alto, CA",36373
12085001104,"Stuart, FL",36373
54091964800,"Grafton, WV",36373
1001021000,"Billingsley, AL",36373
12019030203,"OakLeaf Plantation, Orange Park, FL",36372
6067008133,"Merrihill Terrace, Sacramento, CA",36372
12095014607,"Southwest Orlando, Orlando, FL",36372
6037128101,"Van Nuys, Los Angeles, CA",36371
26055550400,"Traverse City, MI",36371
23003951400,"Mapleton, ME",36371
23021960500,"Parkman, ME",36370
20099950300,"Parsons, KS",36370
23003951200,"Caribou, ME",36370
51003010800,"Terrell, Charlottesville, VA",36369
53011041326,"Burnt Bridge Creek, Vancouver, WA",36369
2020000101,"Chugiak, Anchorage, AK",36369
47011010500,"Cleveland, TN",36369
26099262900,"Warren, MI",36369
6037204410,"Central LA, Los Angeles, CA",36369
8085966202,"Olathe, CO",36367
48177000100,"Waelder, TX",36367
36017970700,"Oxford, NY",36367
12103026907,"Dunedin, FL",36366
6065040603,"Mira Loma, Jurupa Valley, CA",36366
53065950300,"Colville, WA",36365
39099801500,"Pleasant Grove, Youngstown, OH",36365
48367140409,"Springtown, TX",36365
23003950100,"Stockholm, ME",36365
29189212600,"Ferguson, MO",36365
39155920300,"Warren, OH",36364
49035100700,"Capitol Hill, Salt Lake City, UT",36364
6065040502,"Glen Avon, Riverside, CA",36364
8001015000,"Denver, CO",36364
37151031304,"Archdale, NC",36364
39169000600,"Wooster, OH",36364
17031310800,"Heart of Chicago, Chicago, IL",36363
6037540201,"South Gate, CA",36363
22049970500,"Jonesboro, LA",36363
18071967800,"Seymour, IN",36363
17077010600,"Murphysboro, IL",36363
23031022500,"Parsonsfield, ME",36363
6037532304,"South Montebello, Commerce, CA",36363
6037208401,"Central LA, Los Angeles, CA",36362
42133001400,"York, PA",36362
29031881100,"Cape Girardeau, MO",36361
4019004311,"Tucson, AZ",36359
37157041100,"Reidsville, NC",36358
13013180501,"Winder, GA",36358
12103026602,"Clearwater, FL",36357
36009961800,"Olean, NY",36356
1071951100,"Section, AL",36355
1079979900,"Mount Hope, AL",36354
45051051201,"Surfside Beach, SC",36354
39093021200,"Sheffield Lake, OH",36354
1081042102,"Opelika, AL",36353
17201000200,"Loves Park, IL",36353
2122001300,"Seward, AK",36353
39079957700,"Jackson, OH",36353
12053041103,"Berkeley Manor, Spring Hill, FL",36352
26057001000,"Ithaca, MI",36351
32031002619,"Reno, NV",36351
33017087000,"Farmington, NH",36350
1089010702,"Huntsville, AL",36350
29097010200,"Joplin, MO",36350
48029191408,"North Central, San Antonio, TX",36350
48375011500,"Amarillo, TX",36349
1003011601,"Elberta, AL",36349
26027002200,"Dowagiac, MI",36349
6071009713,"Apple Valley, CA",36348
18157010500,"West Lafayette, IN",36348
41019110000,"Roseburg, OR",36348
31115972800,"Taylor, NE",36348
37061090100,"Mount Olive, NC",36347
47037018905,"McMurray, Nashville, TN",36347
12079110400,"Madison, FL",36347
10001041100,"Dover, DE",36346
39095010200,"Glendale-Heatherdowns, Toledo, OH",36346
37001021902,"Snow Camp, NC",36346
50025968700,"Vernon, VT",36346
31055002300,"Riverview, Omaha, NE",36346
17197882200,"Joliet, IL",36345
48141004310,"Scotsdale, El Paso, TX",36345
29219820201,"Innsbrook, MO",36345
1021060300,"Clanton, AL",36344
9003471500,"Bloomfield, CT",36344
29199480100,"Memphis, MO",36343
22101041000,"Franklin, LA",36343
39145002600,"Wheelersburg, OH",36343
37045950302,"Kings Mountain, NC",36342
48061012507,"Brownsville, TX",36341
26059051000,"Pittsford, MI",36341
28033070101,"Walls, MS",36341
29159480400,"Sedalia, MO",36340
29023950201,"Poplar Bluff, MO",36340
36089492000,"Canton, NY",36340
36035971200,"Johnstown, NY",36340
6067003202,"Southeastern Sacramento, Sacramento, CA",36339
6073020108,"Central Escondido, Escondido, CA",36339
11001009504,"Michigan Park, Washington, DC",36339
39113020601,"Dayton, OH",36338
6033001100,"Loch Lomond, CA",36338
36047013500,"Kings County, NY",36338
21101020601,"Henderson, KY",36338
36069051000,"Canandaigua, NY",36337
51163930100,"Fairfield, VA",36337
51183870201,"Waverly, VA",36337
48245006700,"Port Arthur, TX",36335
31055002600,"South Omaha, Omaha, NE",36335
6037540101,"Lynwood, CA",36335
6037535503,"South Gate, CA",36335
51013102901,"Shirlington, Arlington, VA",36335
8069000401,"Hanna Farm Neighbors, Fort Collins, CO",36334
6067007422,"Andrea Boulevard Gold Run Avenue, Sacramento, CA",36334
42037050700,"Berwick, PA",36334
41019060000,"Roseburg, OR",36333
23015975500,"Wiscasset, ME",36332
19187000500,"Fort Dodge, IA",36332
55003950400,"Ashland, WI",36332
29021001800,"Saint Joseph, MO",36332
5119003704,"Sherwood, AR",36332
53033005000,"Wallingford, Seattle, WA",36331
40137000300,"Duncan, OK",36331
13139001403,"Oakwood, GA",36331
40049681400,"Pauls Valley, OK",36330
5075470502,"Walnut Ridge, AR",36330
45059920104,"Gray Court, SC",36330
12099000205,"Jupiter, FL",36330
36081044602,"Queens County, NY",36330
34017006400,"Downtown Jersey City, Jersey City, NJ",36329
29187950800,"Farmington, MO",36329
1045020500,"Ozark, AL",36328
25005614000,"Taunton, MA",36327
9009361500,"West Haven, CT",36327
13059150800,"Athens, GA",36326
54055001800,"Princeton, WV",36326
36081058000,"Queens County, NY",36325
4021001304,"Casa Grande, AZ",36325
22051027501,"Westwego, LA",36325
37159051902,"Cleveland, NC",36325
2090001900,"Fairbanks, AK",36323
8043978800,"Cañon City, CO",36323
40111000600,"Beggs, OK",36322
48085032012,"Plano Park, Plano, TX",36322
27123034000,"Cathedral Hill, Saint Paul, MN",36322
40143001700,"Tulsa, OK",36321
9005310300,"Torrington, CT",36321
45077011101,"Central, SC",36321
34015501002,"Woodbury, NJ",36320
6037702502,"Culver City, CA",36320
12073002208,"Tallahassee, FL",36319
51800075403,"Suffolk, VA",36319
26125181600,"Madison Heights, MI",36319
54107010902,"Parkersburg, WV",36319
17029000100,"Charleston, IL",36319
51810045803,"Virginia Beach, VA",36319
13153020600,"Robins Air Force Base, GA",36318
55025001802,"Tenney-Lapham, Madison, WI",36318
6037104204,"Sylmar, Los Angeles, CA",36318
42003445500,"Sewickley, PA",36318
12095013509,"Southeast Orlando, Orlando, FL",36318
40079040401,"Poteau, OK",36317
1101001800,"Montgomery, AL",36317
26045021302,"Eaton Rapids, MI",36317
48439113115,"North Arlington, Arlington, TX",36316
29053950400,"Boonville, MO",36316
35001003736,"Wildflower Area, Albuquerque, NM",36315
17039971800,"Clinton, IL",36315
6037212303,"Central LA, Los Angeles, CA",36315
45015020812,"Hanahan, SC",36315
6037294120,"Wilmington, Los Angeles, CA",36314
48167725800,"Galveston, TX",36313
54039011301,"Charleston, WV",36313
29189211600,"St. Louis, MO",36313
17019005500,"Urbana, IL",36312
47011010100,"Cleveland, TN",36312
6107001003,"Visalia, CA",36312
26163573701,"Dearborn, MI",36312
6081611900,"East Palo Alto, CA",36311
5075470400,"Alicia, AR",36311
6067009633,"Southwestern Sacramento, Sacramento, CA",36311
48249950600,"Alice, TX",36311
54087963000,"Spencer, WV",36309
24023000700,"Oakland, MD",36309
53021020400,"Pasco, WA",36308
26045020102,"Waverly, Lansing, MI",36308
4019004325,"Canoa Ranch, Green Valley, AZ",36307
8005086800,"Denver, CO",36307
40013796600,"Calera, OK",36307
26031960500,"Cheboygan, MI",36306
29187950700,"Farmington, MO",36305
53015000704,"Longview, WA",36305
28015950100,"Carrollton, MS",36305
4013092708,"Westgreen Estates, Peoria, AZ",36305
29083950100,"Windsor, MO",36305
36103146001,"Brentwood, NY",36305
21105970100,"Clinton, KY",36304
50025968300,"Dummerston, VT",36304
33009961100,"Ashland, NH",36304
48453002432,"Austin, TX",36303
48179950700,"Pampa, TX",36303
36013030400,"Jamestown, NY",36303
4013109603,"Maryvale Village, Phoenix, AZ",36303
26121001902,"Muskegon, MI",36302
39053953700,"Patriot, OH",36301
12115001503,"Sarasota, FL",36301
45045002404,"Landrum, SC",36301
12019031106,"Keystone Heights, FL",36300
6075016801,"Lower Haight, San Francisco, CA",36299
6059089105,"Santa Anita Park, Santa Ana, CA",36298
6081611700,"Belle Haven, Menlo Park, CA",36298
6083002604,"Lompoc, CA",36298
18065976700,"Knightstown, IN",36298
6053000900,"Salinas, CA",36297
45045002904,"Mauldin, SC",36297
32031003101,"Sparks, NV",36297
13117130105,"Cumming, GA",36297
17201001500,"Rockford, IL",36297
6067008907,"Rancho Cordova, CA",36297
37159051502,"Kannapolis, NC",36297
17031242900,"West Town, Chicago, IL",36296
51023040401,"Troutville, VA",36296
51099040500,"King George, VA",36296
6037183610,"Highland Park, Los Angeles, CA",36296
12103024511,"Saint Petersburg, FL",36295
6037267403,"West Los Angeles, Los Angeles, CA",36295
44005041000,"Newport, RI",36295
26125140600,"Auburn Hills, MI",36295
40071000600,"Ponca City, OK",36294
39139002600,"Shelby, OH",36294
23007971000,"New Vineyard, ME",36294
48439106001,"Hallmark-Camelot, Fort Worth, TX",36293
21209040603,"Georgetown, KY",36293
48039661200,"Alvin, TX",36293
36081063200,"Queens County, NY",36292
55079010800,"Lower East Side, Milwaukee, WI",36292
36007013400,"Little Italy, Endicott, NY",36292
39003011900,"Cridersville, OH",36292
24033803513,"Largo, MD",36291
36119001200,"Yonkers, NY",36291
37191000500,"Goldsboro, NC",36290
36047055300,"Kings County, NY",36290
42077001501,"Allentown, PA",36290
48141004307,"Vista Hills, El Paso, TX",36290
36061028700,"Fort George, New York, NY",36290
17031610400,"Back of the Yards, Chicago, IL",36290
49035101800,"Central City, Salt Lake City, UT",36289
39151710800,"Alliance, OH",36289
24033803613,"Lanham, MD",36288
21009950200,"Cave City, KY",36288
37145920100,"Roxboro, NC",36287
17031160300,"Irving Park, Chicago, IL",36287
6077003404,"Valley Oak, Stockton, CA",36287
18153050400,"Sullivan, IN",36287
42003191400,"Mount Washington, Pittsburgh, PA",36287
18083955400,"Vincennes, IN",36287
18095001500,"Anderson, IN",36287
12095017011,"Orlando, FL",36286
36059406702,"Hempstead, NY",36286
22051020502,"Kenner, LA",36285
36081081800,"Queens County, NY",36285
51197050301,"Wytheville, VA",36284
42097082400,"Kulpmont, PA",36284
6031001500,"Corcoran, CA",36284
20173005100,"Southwest Wichita, Wichita, KS",36284
12061050702,"Vero Beach South, FL",36283
36069051700,"Geneva, NY",36283
6071001002,"Ontario, CA",36282
6059075201,"Artesia Pilar, Santa Ana, CA",36282
24047951400,"Pocomoke City, MD",36282
18019050603,"Jeffersonville, IN",36282
13247060306,"Conyers, GA",36282
54109003100,"Brenton, WV",36281
13233010200,"Cedartown, GA",36280
48005000102,"Lufkin, TX",36279
17061973800,"Carrollton, IL",36279
21161960100,"Maysville, KY",36278
29161891000,"Rolla, MO",36278
12086009308,"Hialeah, FL",36277
1021060700,"Verbena, AL",36277
15001021800,"Kapaau, HI",36277
47043060601,"Dickson, TN",36277
24005401301,"Woodlawn, MD",36276
47009010301,"Louisville, TN",36276
26017281300,"Bay City, MI",36276
28071950201,"Oxford, MS",36275
6083001208,"East Mesa, Santa Barbara, CA",36275
48189950300,"Plainview, TX",36275
24033800108,"Laurel, MD",36275
33007950300,"Dummer, NH",36275
17089853008,"Aurora, IL",36274
12071050500,"Bonita Springs, FL",36274
34017004101,"West Side, Jersey City, NJ",36274
39151701100,"Canton, OH",36273
48201432902,"Sharpstown, Houston, TX",36273
26125173400,"Ferndale, MI",36272
48113009401,"Northwest Dallas, Dallas, TX",36272
12091021400,"Eglin Air Force Base, FL",36272
54033030601,"Clarksburg, WV",36271
6101050201,"Yuba City, CA",36271
48213951400,"LaRue, TX",36271
21125970600,"London, KY",36271
17031160501,"Irving Park, Chicago, IL",36271
4019002904,"Tucson, AZ",36270
34023004800,"Perth Amboy, NJ",36270
12031010102,"Northside, Jacksonville, FL",36269
45019000400,"Harleston Village, Charleston, SC",36268
13147960100,"Hartwell, GA",36268
41005020900,"Ardenwald, Milwaukie, OR",36268
24005420301,"Dundalk, MD",36267
35035000601,"Holloman Air Force Base, NM",36267
48055960101,"Lockhart, TX",36267
6053011302,"King City, CA",36266
6103000100,"Red Bluff, CA",36266
25017353900,"Riverside, Cambridge, MA",36265
39049008321,"Hilltop, Columbus, OH",36264
55007960200,"Iron River, WI",36264
6059074601,"Henninger Park, Santa Ana, CA",36263
18141010600,"Mishawaka, IN",36263
48201410800,"Montrose, Houston, TX",36262
4019001600,"Catalina Vista, Tucson, AZ",36262
6037191110,"Central LA, Los Angeles, CA",36262
37089930501,"Hendersonville, NC",36262
6037540102,"Lynwood, CA",36262
18095010700,"Anderson, IN",36262
6023000400,"Eureka, CA",36262
39085204400,"Painesville, OH",36261
6071006700,"Colton, CA",36260
26161402100,"Northside, Ann Arbor, MI",36260
37021002402,"Candler, NC",36259
29095000800,"Northeast Kansas City, Kansas City, MO",36259
37183054301,"Zebulon, NC",36258
5093011200,"Osceola, AR",36258
17031220500,"Logan Square, Chicago, IL",36257
12021011202,"Rural Estates, Naples, FL",36256
44007018200,"Woonsocket, RI",36255
26135970201,"Lewiston, MI",36255
29083950500,"Clinton, MO",36255
13069010600,"Douglas, GA",36254
48063950101,"Pittsburg, TX",36254
4013421902,"Watertower Improvement, Mesa, AZ",36253
31055006506,"North Omaha, Omaha, NE",36253
6037535002,"South Los Angeles, Los Angeles, CA",36252
47017962000,"Hollow Rock, TN",36251
1015002000,"Anniston, AL",36251
21093000800,"Vine Grove, KY",36251
12086006601,"Coral Way, Miami, FL",36249
6037402403,"Westmont, Pomona, CA",36249
48037011000,"Wake Village, TX",36249
21125970400,"London, KY",36248
36035970900,"Gloversville, NY",36248
48499950601,"Hawkins, TX",36248
29079960400,"Trenton, MO",36247
12051000100,"Clewiston, FL",36247
36031960598,"Lake Placid, NY",36247
6037127804,"Van Nuys, Los Angeles, CA",36246
6059074801,"Central City, Santa Ana, CA",36246
44005040800,"Newport, RI",36245
8031004601,"West, Denver, CO",36245
13155950100,"Rebecca, GA",36245
47149040303,"Smyrna, TN",36244
36017970400,"Norwich, NY",36244
6099000304,"Riverbank, CA",36244
18095010900,"Frankton, IN",36243
13097080506,"Douglasville, GA",36243
37119005914,"Brown Road, Charlotte, NC",36243
5033020402,"Alma, AR",36242
26147650100,"St Clair County, MI",36242
37113970700,"Franklin, NC",36242
35001000124,"Uptown, Albuquerque, NM",36242
54043955600,"Branchland, WV",36242
6081612100,"East Palo Alto, CA",36241
37133001000,"Jacksonville, NC",36241
6037572301,"Arlington, Long Beach, CA",36241
28081950201,"Saltillo, MS",36241
17091012100,"Kankakee, IL",36240
35039000400,"Rio Arriba County, NM",36240
1073012002,"Fultondale, AL",36240
21021930100,"Danville, KY",36240
12069030308,"Leesburg, FL",36239
6037407701,"La Puente, CA",36238
12086000705,"Hialeah, FL",36237
22109000102,"Gray, LA",36237
48215020404,"Mission, TX",36237
40113940005,"Tulsa, OK",36237
48231960100,"Commerce, TX",36237
17089853200,"Aurora, IL",36236
39095009400,"Swanton, OH",36236
6099001100,"Modesto, CA",36236
51750010101,"Radford, VA",36235
27005450500,"Detroit Lakes, MN",36235
48491021100,"Taylor, TX",36235
45015020713,"Summerville, SC",36234
25015821904,"Northampton, MA",36234
37175960300,"Brevard, NC",36233
36005008400,"Bronx County, NY",36232
37007920300,"Polkton, NC",36232
54075960101,"Arbovale, WV",36232
6071001308,"Ontario, CA",36229
45019002006,"James Island, Charleston, SC",36229
41045970200,"Ontario, OR",36229
39083007600,"Mount Vernon, OH",36229
6073009511,"San Diego, CA",36229
12119910602,"Bushnell, FL",36228
6065045116,"Palm Desert, CA",36228
54017965100,"West Union, WV",36228
48157670800,"Fresno, TX",36228
15003009608,"Waianae, HI",36227
51710000800,"Northside, Norfolk, VA",36227
28047003402,"Biloxi, MS",36227
17031220300,"Logan Square, Chicago, IL",36227
40037020602,"Sapulpa, OK",36226
6037187200,"Echo Park, Los Angeles, CA",36226
51155210100,"Dublin, VA",36226
37031970303,"Beaufort, NC",36226
6011000200,"Colusa, CA",36226
39117965300,"Cardington, OH",36225
28091950100,"Columbia, MS",36224
48067950500,"Bivins, TX",36224
1043965500,"Cullman, AL",36223
8071000300,"Trinidad, CO",36222
5031000700,"Jonesboro, AR",36222
22071011200,"Broadmoor, New Orleans, LA",36222
37071031402,"Gastonia, NC",36221
54009031700,"Wellsburg, WV",36221
48281950500,"Lampasas, TX",36220
35001003600,"Alamedan Valley, Albuquerque, NM",36220
36081014201,"Queens County, NY",36220
18119955700,"Spencer, IN",36220
12005001501,"St. Andrews Bay, Panama City, FL",36220
47167040100,"Drummonds, TN",36219
30081000202,"Stevensville, MT",36218
24045010502,"Salisbury, MD",36218
37151031505,"Trinity, NC",36218
6071010300,"Newberry Springs, CA",36218
1077011502,"Florence, AL",36218
6099000910,"Modesto, CA",36217
37115010500,"Marshall, NC",36217
2110000300,"Mendenhall Valley, Juneau, AK",36216
9001072400,"North End, Bridgeport, CT",36216
6063000502,"Westwood, CA",36216
28081950202,"Saltillo, MS",36215
28137950302,"Senatobia, MS",36215
15007040603,"Koloa, HI",36215
34005702801,"Willingboro, NJ",36215
48207950400,"Rule, TX",36214
8031002801,"Alamo Placita, Denver, CO",36214
12086017800,"Miami, FL",36214
33013032400,"Concord, NH",36214
39157021100,"Dover, OH",36214
32003002811,"Las Vegas, NV",36213
26145010304,"Saginaw Township North, Saginaw, MI",36213
50025967400,"Jamaica, VT",36213
9001071900,"Brooklawn - St. Vincent, Bridgeport, CT",36212
5121960100,"Maynard, AR",36212
4027011503,"Somerton, AZ",36212
45015020712,"Moncks Corner, SC",36211
26137950600,"Gaylord, MI",36211
37069060802,"Zebulon, NC",36210
22017025100,"Mira, LA",36209
55073000200,"Wausau, WI",36209
23017966800,"Brownfield, ME",36208
53067012412,"Yelm, WA",36208
39153502102,"Chapel Hill, Akron, OH",36208
21013960100,"Arjay, KY",36207
26049010910,"Flint, MI",36207
22051024400,"Jefferson, LA",36205
27123031500,"Payne - Phalen, Saint Paul, MN",36205
17031191000,"Belmont Cragin, Chicago, IL",36205
34017019100,"Hoboken, NJ",36205
12103022501,"Garden Manor, Saint Petersburg, FL",36204
30111000402,"North Elevation, Billings, MT",36204
37183054302,"Zebulon, NC",36204
29127960400,"Hannibal, MO",36203
10005051302,"Frankford, DE",36203
54049020600,"Fairmont, WV",36202
34025805700,"Long Branch, NJ",36202
16027020402,"Nampa, ID",36202
32003001710,"Las Vegas, NV",36201
6037540000,"Lynwood, CA",36201
17195001600,"Rock Falls, IL",36201
6101050701,"Live Oak, CA",36201
6037123020,"Sun Valley, Los Angeles, CA",36201
37171930502,"Mount Airy, NC",36200
47165020902,"Gallatin, TN",36200
4019004317,"Green Valley Country Club Vistas, Green Valley, AZ",36199
40113940004,"Bartlesville, OK",36198
42003515300,"Pittsburgh, PA",36198
45015020810,"Goose Creek, SC",36198
36003951000,"Wellsville, NY",36197
1039961600,"Andalusia, AL",36196
12099004809,"Lake Worth, FL",36196
21009950300,"Park City, KY",36196
6019005602,"Clovis, CA",36196
21117061300,"Covington, KY",36196
26125171100,"Oak Park, MI",36195
4013061028,"Orchards, Surprise, AZ",36194
37107010800,"Kinston, NC",36194
42101001700,"Queen Village, Philadelphia, PA",36194
21227010600,"Bowling Green, KY",36194
18009975400,"Hartford City, IN",36194
54059957200,"Williamson, WV",36193
47131965700,"Union City, TN",36193
51071930200,"Pembroke, VA",36193
27153790100,"Staples, MN",36193
6037320300,"San Fernando, CA",36193
21011970200,"Owingsville, KY",36193
26105950100,"Fountain, MI",36193
32003003630,"North Las Vegas, NV",36192
26163587900,"Belleville, MI",36192
6023010300,"McKinleyville, CA",36191
6089010300,"Enterprise, Redding, CA",36191
25013802601,"Forest Park, Springfield, MA",36191
17097863004,"Great Lakes, North Chicago, IL",36191
22033003506,"Park Forest/LA North, Baton Rouge, LA",36190
37199960102,"Green Mountain, NC",36190
6067009105,"Sacramento, CA",36189
41067032005,"Sherwood - Tualatin South, Tualatin, OR",36188
6067007012,"North Sacramento, Sacramento, CA",36188
28145950600,"New Albany, MS",36187
13187960102,"Dahlonega, GA",36187
48479000200,"Eastern Division, Laredo, TX",36187
26017280800,"Bay City, MI",36187
12105010604,"Lake Somerset, Lakeland, FL",36187
40033871100,"Walters, OK",36186
23031021000,"Hollis, ME",36186
37147001402,"Ayden, NC",36185
33011022000,"Greenfield, NH",36184
12005000804,"Bayou Estates, Panama City, FL",36184
8001009203,"Thornton, CO",36184
37047930800,"Whiteville, NC",36183
8077001705,"Clifton, CO",36183
17089854100,"Aurora, IL",36182
51047930101,"Culpeper, VA",36182
45083023700,"Enoree, SC",36181
47149040102,"La Vergne, TN",36181
36023971100,"Marathon, NY",36181
48041001302,"Carter's Grove, College Station, TX",36181
26065002300,"Lansing, MI",36180
36101961800,"Cameron Mills, NY",36180
23013970800,"South Thomaston, ME",36180
39103411002,"Lodi, OH",36180
39099801400,"Brownlee Woods, Youngstown, OH",36179
6059074901,"Pico-Lowell, Santa Ana, CA",36178
55079180300,"Cudahy, WI",36178
27123037200,"West Side, Saint Paul, MN",36177
54065970700,"Berkeley Springs, WV",36177
10003012400,"Wilmington, DE",36177
26125184600,"Royal Oak, MI",36176
26077001506,"Arcadia, Kalamazoo, MI",36176
48439102700,"Cultural District, Fort Worth, TX",36176
18071967600,"Seymour, IN",36175
12095016807,"Orlando, FL",36175
12031014333,"Arlington, Jacksonville, FL",36174
48427950105,"Rio Grande City, TX",36174
54005958300,"Danville, WV",36174
12071010201,"Mariner, Cape Coral, FL",36174
47079969800,"Henry, TN",36174
12113010815,"Gulf Breeze, FL",36173
24510230200,"South Baltimore, Baltimore, MD",36173
6023000900,"Jacoby Creek, Bayside, CA",36172
2090000600,"Fairbanks, AK",36171
51185020700,"Tazewell, VA",36171
48181000800,"Denison, TX",36170
12127082410,"Willow Run, Port Orange, FL",36170
42097081700,"Shamokin, PA",36170
37139960501,"Elizabeth City, NC",36170
39057240700,"Xenia, OH",36169
36005007800,"Bronx County, NY",36168
24510270302,"Waltherson, Baltimore, MD",36167
40109106909,"Central Oklahoma City, Oklahoma City, OK",36166
23005004501,"Freeport, ME",36165
36061006600,"Midtown, New York, NY",36165
24005421101,"Baltimore, MD",36164
48401951100,"Laneville, TX",36164
12011060306,"Inverrary, Lauderhill, FL",36164
37001021802,"Snow Camp, NC",36163
41035970200,"Chiloquin, OR",36163
29083950400,"Deepwater, MO",36162
36007001800,"Binghamton, NY",36161
6067001400,"Central Sacramento, Sacramento, CA",36161
46103010700,"Rapid City, SD",36160
48401950502,"Henderson, TX",36160
48433950300,"Aspermont, TX",36160
6071008901,"San Bernardino County, CA",36160
16069960400,"Lewiston, ID",36160
12103027319,"Oldsmar, FL",36160
32003003260,"Las Vegas, NV",36159
24033800103,"Laurel, MD",36159
40025950300,"Boise City, OK",36158
20175965900,"Liberal, KS",36158
36047018300,"Kings County, NY",36158
12086009100,"Miami, FL",36157
47163043401,"Blountville, TN",36156
48401950400,"Overton, TX",36156
41029000405,"Medford, OR",36156
36059411100,"Inwood, NY",36156
48113013717,"Original Town, Carrollton, TX",36155
6085512506,"Gilroy, CA",36155
24041960800,"Sherwood, MD",36153
6065044300,"Banning, CA",36152
41053020304,"Monmouth, OR",36151
32031002204,"Reno, NV",36151
4021000400,"Superior, AZ",36151
22017024107,"Jenkins Subdiv., Pinecroft Subdiv., Shreveport, LA",36151
12127081300,"South Peninsula Historic District, Daytona Beach, FL",36150
5143010508,"Fayetteville, AR",36150
12095016717,"Orlando, FL",36149
12115002305,"Venice, FL",36149
36055013902,"Rochester, NY",36149
18089042403,"Merrillville, IN",36149
45051051404,"Surfside Beach, SC",36148
6017030302,"Al Tahoe, South Lake Tahoe, CA",36148
41047001802,"Salem, OR",36148
21111012502,"Pleasure Ridge Park, Louisville, KY",36148
21151010800,"Richmond, KY",36148
12035060204,"Palm Coast, FL",36148
6037214501,"Central LA, Los Angeles, CA",36148
6053000600,"Salinas, CA",36148
36067005601,"Eastside, Syracuse, NY",36147
6037208402,"Central LA, Los Angeles, CA",36147
28059042700,"Moss Point, MS",36147
6077003405,"Valley Oak, Stockton, CA",36147
36109001900,"Brooktondale, NY",36146
22037951501,"Zachary, LA",36146
39049008360,"Hilltop, Columbus, OH",36146
48219950400,"Levelland, TX",36146
25017368500,"South Side, Waltham, MA",36146
8041003307,"Southeast Colorado Springs, Colorado Springs, CO",36145
26041970900,"Escanaba, MI",36145
49035100308,"Westpointe, Salt Lake City, UT",36145
4019004037,"Carson Corner, Tucson, AZ",36145
9009142700,"Annex, New Haven, CT",36142
12057001300,"Lowry Park Central, Tampa, FL",36142
39053953900,"Gallipolis, OH",36141
6113010602,"Davis, CA",36141
39157021700,"Newcomerstown, OH",36139
21021930200,"Danville, KY",36138
39035123700,"Riverside, Cleveland, OH",36137
12099006911,"Delray Beach, FL",36137
5007020504,"Bentonville, AR",36136
5051011602,"Hot Springs, AR",36136
26163568300,"Westland, MI",36136
26111291602,"Sanford, MI",36135
6107002002,"Visalia, CA",36135
6107000800,"Ivanhoe, CA",36135
45051040500,"North Myrtle Beach, SC",36134
13123080100,"Ellijay, GA",36134
16059970300,"Salmon, ID",36134
39049004000,"Downtown, Columbus, OH",36134
19155030401,"Council Bluffs, IA",36134
20173008900,"Orchard Breeze, Wichita, KS",36133
39087051402,"Proctorville, OH",36132
48215024105,"Alton, TX",36132
24510272006,"Glen, Baltimore, MD",36132
37033930600,"Mebane, NC",36132
31057962300,"Benkelman, NE",36131
12103025007,"Seminole, FL",36131
53053063400,"South End, Tacoma, WA",36131
18071968300,"Crothersville, IN",36131
53063004100,"Manito, Spokane, WA",36130
20155001700,"Arlington, KS",36130
34035050400,"Somerville, NJ",36130
26051000100,"Gladwin, MI",36129
4021000801,"Anthem at Merrill Ranch, Florence, AZ",36129
12103024005,"Shore Acres, Saint Petersburg, FL",36129
17031221400,"Logan Square, Chicago, IL",36129
36119004100,"Oakwood Heights, Mount Vernon, NY",36129
8043978200,"Florence, CO",36128
40031002403,"Lawton, OK",36128
47107970500,"Englewood, TN",36128
36087012204,"Spring Valley, NY",36128
39073965300,"Logan, OH",36128
32003005012,"Las Vegas, NV",36127
48225950500,"Crockett, TX",36127
1097003607,"Richelieu, Mobile, AL",36127
6065041704,"Corona, CA",36126
39087050100,"Ironton, OH",36126
32003002846,"Silverado Ranch, Las Vegas, NV",36125
22075050400,"Plaquemines County, LA",36125
48141010502,"Fabens, TX",36125
25005613600,"Taunton, MA",36124
42013100900,"Altoona, PA",36124
13267950400,"Glennville, GA",36124
8041004800,"Colorado Springs, CO",36123
37021002206,"Asheville, NC",36123
39141956700,"Chillicothe, OH",36123
26013000100,"L'Anse, MI",36121
48245006600,"Port Arthur, TX",36121
25017352500,"The Port, Cambridge, MA",36121
39005970300,"Ashland, OH",36121
33009960600,"North Haverhill, Haverhill, NH",36121
6029002400,"Tyner Homes, Bakersfield, CA",36120
4017965200,"Show Low, AZ",36120
39049009590,"South Columbus, Columbus, OH",36120
39095008600,"Reynolds Corners, Toledo, OH",36120
45071950700,"Newberry, SC",36119
35043010712,"Rio Rancho, NM",36119
6037120020,"Panorama City, Los Angeles, CA",36119
22019002900,"Sulphur, LA",36118
20019964600,"Sedan, KS",36118
6037533602,"Bell, CA",36117
6037402301,"Westmont, Pomona, CA",36116
39077915500,"Norwalk, OH",36116
24033805909,"Hyattsville, MD",36116
29175490600,"Moberly, MO",36116
47007953100,"Pikeville, TN",36116
51009010503,"Madison Heights, VA",36115
1073012200,"Bessemer, AL",36115
1089011100,"Huntsville, AL",36112
6037201501,"Northeast Los Angeles, Los Angeles, CA",36112
26163573400,"Dearborn, MI",36112
26057000100,"Elwell, MI",36112
26081012607,"Kentwood, MI",36111
37113970200,"Franklin, NC",36111
54063950200,"Union, WV",36111
6071000901,"Upland, CA",36110
48113019013,"Garland, TX",36110
4013104000,"North Mountain Village, Phoenix, AZ",36109
1097005800,"Mount Vernon, AL",36108
39171950500,"Stryker, OH",36108
54033031800,"Shinnston, WV",36108
48215020504,"McAllen, TX",36108
12086003912,"Biscayne Point, Miami Beach, FL",36107
12071070102,"Bokeelia, FL",36107
2020002811,"Abbott Loop, Anchorage, AK",36106
53053062400,"South End, Tacoma, WA",36106
4025000610,"Prescott Valley, AZ",36106
12105012403,"Davenport, FL",36106
39167020101,"Belpre, OH",36106
36081032800,"Queens County, NY",36105
21219950100,"Elkton, KY",36105
12083001208,"Ocala, FL",36105
36081040700,"Queens County, NY",36105
17195001400,"Rock Falls, IL",36104
6029001201,"East Bakersfield, Bakersfield, CA",36103
53057952401,"Mount Vernon, WA",36103
37147001002,"Simpson, NC",36103
18097390600,"Lawrence, IN",36103
21089040201,"Flatwoods, KY",36102
48053960200,"Burnet, TX",36102
36061001402,"Lower Manhattan, New York, NY",36102
9003416300,"New Britain, CT",36101
10003014000,"Newark, DE",36101
6089011802,"Redding, CA",36100
21067004104,"Whispering Hills, Lexington, KY",36100
41001950200,"Baker City, OR",36099
6037531301,"Los Angeles, CA",36099
29510104200,"Hi-Pointe, St. Louis, MO",36099
48141010311,"Indian Ridge North, El Paso, TX",36099
24003740305,"Odenton, MD",36098
36015010100,"Erin, NY",36098
36047099000,"Kings County, NY",36098
28109950200,"Poplarville, MS",36098
35001004729,"Albuquerque, NM",36096
5033020600,"Alma, AR",36096
48423002101,"Troup, TX",36096
42045404300,"Eddystone, PA",36095
41047000600,"Northeast Neighbors, Salem, OR",36095
23019011000,"Carmel, ME",36095
50027966600,"Springfield, VT",36095
42021013000,"Portage, PA",36095
6037408139,"La Puente, CA",36094
28013950100,"Bruce, MS",36094
8001008901,"Commerce City, CO",36093
36119001000,"Getty Square, Yonkers, NY",36093
26059050600,"Hillsdale, MI",36093
15003009501,"Schofield Barracks, HI",36093
13073030603,"Martinez, GA",36091
39049000500,"Clintonville, Columbus, OH",36091
37191001000,"Goldsboro, NC",36089
55009001200,"Green Bay, WI",36089
53055960400,"Friday Harbor, WA",36089
26125136800,"Novi, MI",36089
4013092312,"Glendale, AZ",36088
18019050304,"Jeffersonville, IN",36088
36005007200,"Bronx County, NY",36088
4013082028,"Maryvale Village, Phoenix, AZ",36088
48201532100,"North Houston, Houston, TX",36088
12071001000,"Fort Myers, FL",36086
12057014002,"Southside Rural Community, Ruskin, FL",36086
47145030300,"Ten Mile, TN",36085
39095008500,"Reynolds Corners, Toledo, OH",36085
25025050101,"Eagle Hill, Boston, MA",36084
26049012602,"Montrose, MI",36083
29111970100,"Canton, MO",36083
6037602103,"Hawthorne, CA",36083
6065045224,"Indio, CA",36081
37003040300,"Township of Taylorsville, NC",36081
54029021500,"Chester, WV",36079
20209044301,"Bethel Welborn, Kansas City, KS",36079
6037536000,"South Gate, CA",36078
36029005900,"Black Rock, Buffalo, NY",36077
29201780400,"Sikeston, MO",36077
40027201201,"Norman, OK",36076
26163584300,"Taylor, MI",36076
21035010301,"Murray, KY",36075
36089492100,"Canton, NY",36075
26023950800,"Quincy, MI",36074
6037201301,"Montecito Heights, Los Angeles, CA",36074
6019003004,"Roosevelt, Fresno, CA",36074
41043020500,"Albany, OR",36073
1003010906,"Robertsdale, AL",36072
17191955100,"Fairfield, IL",36072
40109105903,"Central Oklahoma City, Oklahoma City, OK",36072
48329001500,"Park Avenue Hts, Midland, TX",36072
51191011000,"Abingdon, VA",36072
37085070100,"Dunn, NC",36071
29229490200,"Hartville, MO",36071
26077001501,"Kalamazoo, MI",36071
6077001101,"Stockton, CA",36070
17165955500,"Eldorado, IL",36070
48453000305,"Triangle State, Austin, TX",36070
39049007115,"Northern Woods, Columbus, OH",36070
39065000200,"Kenton, OH",36070
36115080100,"Hudson Falls, NY",36070
17031191200,"Belmont Cragin, Chicago, IL",36070
37183052302,"Southwest Raleigh, Raleigh, NC",36070
13211010400,"Buckhead, GA",36069
6073011802,"National City, CA",36068
28099010700,"Philadelphia, MS",36068
51041100819,"Richmond, VA",36067
33019975800,"Claremont, NH",36067
5143011003,"West Fork, AR",36067
19007950100,"Udell, IA",36067
32003005607,"Mesquite, NV",36066
53053071707,"Tacoma, WA",36066
35001003807,"Summer Breezes Estates, Tijeras, NM",36066
16027020602,"Nampa, ID",36066
48029181716,"Far West Side, San Antonio, TX",36066
36037951000,"Batavia, NY",36065
6059099248,"Riverview West, Santa Ana, CA",36065
2110000200,"Mendenhall Valley, Juneau, AK",36064
51041100933,"Midlothian, VA",36064
42129800600,"New Kensington, PA",36064
21141960600,"Adairville, KY",36064
37061090600,"Chinquapin, NC",36064
26093722300,"Fowlerville, MI",36064
2090000800,"Fairbanks, AK",36063
48231961502,"Royse City, TX",36063
54039012300,"Charleston, WV",36063
6073013906,"Spring Valley, CA",36062
24031701508,"Silver Spring, MD",36062
19013000400,"Waterloo, IA",36062
6073012200,"National City, CA",36062
10005050602,"Millsboro, DE",36061
41029001002,"Central Point, OR",36061
40109108204,"Edmond, OK",36061
13275961100,"Boston, GA",36060
51069050900,"Winchester, VA",36059
51195931300,"Big Stone Gap, VA",36059
6059099249,"Santa Anita Park, Santa Ana, CA",36059
26089970100,"Northport, MI",36059
1073012402,"Birmingham, AL",36058
37171930600,"Mount Airy, NC",36058
48201550402,"Laurel Oaks, Houston, TX",36057
21103090400,"Pleasureville, KY",36056
6107003300,"Strathmore, CA",36056
6037125310,"North Hollywood, Los Angeles, CA",36056
12105012405,"Davenport, FL",36056
13131950100,"Pelham, GA",36055
16003950200,"Council, ID",36055
39139001100,"Mansfield, OH",36055
24045000400,"Salisbury, MD",36054
31055005000,"Gifford Park, Omaha, NE",36054
6083001000,"Santa Barbara, CA",36053
40109107215,"Central Oklahoma City, Oklahoma City, OK",36053
12071050209,"Fort Myers, FL",36053
42101039000,"Northeast Philadelphia, Philadelphia, PA",36052
39007001302,"Andover, OH",36050
16005001500,"Pocatello, ID",36049
6075060502,"Sunnydale, San Francisco, CA",36049
18051050502,"Princeton, IN",36049
48201422701,"Southwest Houston, Houston, TX",36049
48113015205,"Irving, TX",36048
8041004300,"Fountain Valley, Colorado Springs, CO",36048
50001960800,"Middlebury, VT",36048
6039000108,"Coarsegold, CA",36047
13089022204,"Greater Valley Brook, Decatur, GA",36046
41047001603,"Salem, OR",36046
6037532605,"Huntington Park, CA",36046
25003900300,"Pittsfield, MA",36046
47093003300,"Knoxville, TN",36046
32003006202,"Las Vegas, NV",36044
20091053705,"Gardner, KS",36044
47001021201,"Clinton, TN",36044
21061920300,"Mammoth Cave, KY",36043
10005050104,"Milford, DE",36043
48113018205,"Garland, TX",36043
12097040901,"Kissimmee, FL",36042
1101005402,"Montgomery, AL",36041
51125950300,"Roseland, VA",36041
6071003101,"Fontana, CA",36040
4013421701,"Mesa, AZ",36040
26165380400,"Cadillac, MI",36040
39049007113,"Parkview, Columbus, OH",36039
10003016000,"New Castle, DE",36039
5071951900,"Clarksville, AR",36039
40035373300,"Vinita, OK",36038
42069110700,"Carbondale, PA",36038
12069030108,"Eustis, FL",36038
23003951300,"Caribou, ME",36038
30031000701,"Bozeman, MT",36038
36005042500,"Bronx County, NY",36037
17031839000,"Chicago Loop, Chicago, IL",36037
27123032700,"Thomas - Dale, Saint Paul, MN",36037
13137000602,"Cornelia, GA",36036
35009000603,"Clovis, NM",36036
48091310501,"New Braunfels, TX",36036
6065030900,"Riverside Airport, Riverside, CA",36036
37001021205,"Mebane, NC",36036
45073031000,"Westminster, SC",36036
37049960404,"New Bern, NC",36035
17031825900,"Calumet City, IL",36034
42075000100,"Lebanon, PA",36033
48355003303,"South Side, Corpus Christi, TX",36033
48201323900,"Golden Acres, Pasadena, TX",36032
42033331100,"Clearfield, PA",36031
12031014404,"Southside, Jacksonville, FL",36031
25023511400,"Brockton, MA",36031
30111001000,"Central - Terry, Billings, MT",36030
42085032200,"Greenville, PA",36030
55071000500,"Manitowoc, WI",36030
17181950200,"Alto Pass, IL",36030
21073070401,"Frankfort, KY",36029
56021001000,"Cheyenne, WY",36029
25005642000,"Fall River, MA",36029
6065043703,"Hemet, CA",36029
48323950204,"Eagle Pass, TX",36028
6037532101,"South Montebello, Montebello, CA",36028
37053110402,"Powells Point, NC",36025
6073016202,"El Cajon, CA",36024
8001008705,"Commerce City, CO",36024
25009206700,"Lynn, MA",36022
6067007014,"North Sacramento, Sacramento, CA",36022
23011010700,"Hallowell, ME",36022
29117480100,"Chillicothe, MO",36022
12035060105,"Palm Coast, FL",36021
13015960402,"Cartersville, GA",36021
48453002211,"Imperial Valley, Austin, TX",36020
36047077600,"Kings County, NY",36019
12101032602,"Mills Estate, Dade City, FL",36018
48113014502,"Irving, TX",36018
36047118400,"Kings County, NY",36018
36029016900,"Buffalo, NY",36018
12053041106,"Spring Hill, FL",36018
12109020200,"St. Augustine, FL",36017
26075006702,"Jackson, MI",36017
34005702807,"Willingboro, NJ",36017
39007000900,"Geneva, OH",36016
48007950300,"Rockport, TX",36016
5119003306,"North Little Rock, AR",36016
6037534002,"South Montebello, Bell Gardens, CA",36016
42073000200,"New Castle, PA",36015
12086009021,"Miami, FL",36015
4013422104,"Mesa, AZ",36015
13223120602,"Douglasville, GA",36015
26125161100,"Southfield, MI",36014
41051008400,"Powellhurst - Gilbert, Portland, OR",36014
23017966600,"Waterford, ME",36014
34005702804,"Willingboro, NJ",36014
12101030905,"Magnolia Valley, New Port Richey, FL",36014
54045956800,"Pecks Mill, WV",36013
17057953500,"Canton, IL",36013
20111000500,"Emporia, KS",36013
36075021104,"Fulton, NY",36012
23015975100,"Jefferson, ME",36010
15003940002,"Waianae, HI",36009
12103024505,"Pinellas Park, FL",36009
26151970700,"Lexington, MI",36009
12087970400,"Key Largo, FL",36007
37019020304,"Saint James, NC",36007
41067032410,"Hillsboro, OR",36006
48061012900,"Brownsville, TX",36005
12071010802,"Caloosahatchee, Cape Coral, FL",36005
12031013403,"Westside, Jacksonville, FL",36004
49049001900,"North Park, Provo, UT",36004
34013017200,"Montclair, NJ",36002
39135410100,"West Manchester, OH",36002
6037271802,"Palms, Los Angeles, CA",36002
40109105906,"Central Oklahoma City, Oklahoma City, OK",36002
12086000140,"Sunny Isles Beach, FL",36001
4025001200,"Prescott, AZ",36001
51036600100,"Charles City, VA",36001
39147963500,"Tiffin, OH",36001
36083040900,"Troy, NY",35999
6073009510,"San Diego, CA",35999
53033009100,"Downtown, Seattle, WA",35999
37009970800,"Crumpler, NC",35998
42025020105,"Albrightsville, PA",35998
12115002504,"Venice, FL",35997
4013116203,"South Mountain Village, Phoenix, AZ",35997
13153021104,"Warner Robins, GA",35997
47037010801,"Madison, Nashville, TN",35994
13067031313,"Vinings Cove, Mableton, GA",35994
12103025114,"Largo, FL",35994
6073019205,"Vista, CA",35994
1097003406,"Bellewood, Mobile, AL",35994
39085206200,"Painesville, OH",35993
6037127605,"Lake Balboa, Los Angeles, CA",35993
41041951700,"Yachats, OR",35993
45073030500,"Walhalla, SC",35993
42111021600,"Meyersdale, PA",35993
37069060301,"Louisburg, NC",35993
2020002302,"Sand Lake, Anchorage, AK",35992
31055007001,"South Central Omaha, Omaha, NE",35992
1109188600,"Banks, AL",35991
48323950601,"Eagle Pass, TX",35991
1097005300,"Chickasaw, AL",35990
6111007606,"Moorpark, CA",35990
27137001400,"Endion, Duluth, MN",35990
6059087405,"Southwest Anaheim, Anaheim, CA",35989
5031000900,"Lake City, AR",35989
28045030602,"Kiln, MS",35987
12057006501,"South Tampa, Tampa, FL",35987
48439102602,"Fort Worth, TX",35987
15003009502,"Schofield Barracks, HI",35986
8069000700,"University Park, Fort Collins, CO",35986
53053940010,"Puyallup, WA",35986
55059000300,"Kenosha, WI",35986
45063021308,"Gilbert, SC",35986
26053950200,"Wakefield, MI",35985
48403950100,"Hemphill, TX",35985
6107003400,"Porterville, CA",35985
6037577000,"Eastside, Long Beach, CA",35984
28121020802,"Brandon, MS",35983
41057960800,"Cloverdale, OR",35982
36067001702,"Eastwood, Syracuse, NY",35982
6053000800,"Salinas, CA",35982
6037407601,"La Puente, CA",35982
12053040908,"Spring Hill, FL",35980
13121001100,"Midtown, Atlanta, GA",35980
6037109400,"Mission Hills, Los Angeles, CA",35980
39153520103,"Cuyahoga Falls, OH",35980
23011020500,"Albion, ME",35980
5091020100,"Texarkana, AR",35978
48141001301,"Lindberg, El Paso, TX",35977
54039011401,"Charleston, WV",35977
18053010600,"Marion, IN",35977
20161000801,"Manhattan, KS",35976
47009010700,"Maryville, TN",35976
36013030700,"Jamestown, NY",35976
21119960300,"Garner, KY",35976
8031001401,"Ruby Hill, Denver, CO",35974
34023007103,"Sayreville, NJ",35974
27123033400,"Snelling Hamline, Saint Paul, MN",35973
1133965700,"Haleyville, AL",35973
18033020601,"Garrett, IN",35972
10005051003,"Rehoboth Beach, DE",35972
17031140100,"Albany Park, Chicago, IL",35972
6071009110,"Victorville, CA",35970
12086006301,"Little Havana, Miami, FL",35970
51540000900,"Locust Grove, Charlottesville, VA",35970
29095013410,"Grandview, MO",35970
12057013412,"Riverview, FL",35968
27053108800,"Longfellow, Minneapolis, MN",35968
12073000200,"Old Town, Tallahassee, FL",35968
39049009495,"South Columbus, Columbus, OH",35967
37195001700,"Lucama, NC",35965
6111000600,"Santa Paula, CA",35964
6071007604,"Crossroads, Highland, CA",35964
27123035900,"West Seventh, Saint Paul, MN",35963
48113017606,"Peachtree Village, Mesquite, TX",35963
17125956600,"Bath, IL",35963
22037951600,"Clinton, LA",35963
21159950300,"Pilgrim, KY",35962
26005030703,"Fennville, MI",35962
26163562500,"Plymouth, MI",35962
12131950502,"Freeport, FL",35962
12001001202,"Gainesville, FL",35962
18117951700,"Paoli, IN",35961
6037600912,"Inglewood, CA",35961
36081039800,"Queens County, NY",35961
1053970100,"Brewton, AL",35961
16059970200,"Salmon, ID",35961
53065951400,"Nine Mile Falls, WA",35960
8099000300,"Lamar, CO",35959
4013108302,"Camelback East Village, Phoenix, AZ",35959
48029131504,"Northeast Side, Kirby, TX",35959
6053010607,"Salinas, CA",35959
13223120603,"Hiram, GA",35958
1073010001,"Bessemer, AL",35958
37119006007,"Harwood Lane, Charlotte, NC",35957
20155000400,"Hutchinson, KS",35957
39029951500,"East Palestine, OH",35957
48201320601,"Meadowbrook/ Allendale, Houston, TX",35957
42069102300,"Scranton, PA",35956
18175967400,"Salem, IN",35955
53063004400,"Comstock, Spokane, WA",35955
6037604001,"Lawndale, CA",35955
12095017103,"Orlando, FL",35953
51021040100,"Bland, VA",35953
21035010100,"Murray, KY",35953
18177000700,"Richmond, IN",35953
47099960200,"Lawrenceburg, TN",35952
36061002602,"Alphabet City, New York, NY",35952
26065004402,"East Lansing, MI",35952
36075021300,"Hannibal, NY",35952
12021010413,"Rural Estates, Naples, FL",35951
21125970500,"London, KY",35951
12095016505,"Orlando, FL",35951
48427950204,"Roma, TX",35951
41017000300,"La Pine, OR",35949
17057953600,"Canton, IL",35948
45083022304,"Chesnee, SC",35948
29165030002,"Riverside, MO",35948
1009050300,"Altoona, AL",35948
20209044003,"Muncie - Stony Pt., Kansas City, KS",35947
39057200103,"Fairborn, OH",35946
37067004014,"Winston-Salem, NC",35945
23005011300,"Brunswick, ME",35944
42055012400,"Waynesboro, PA",35944
51041100508,"Chester, VA",35944
17031222200,"Bucktown, Chicago, IL",35943
47001020300,"Oak Ridge, TN",35943
18091042000,"La Porte, IN",35943
48479001810,"Concord Hills, Laredo, TX",35943
29185480300,"Osceola, MO",35942
55113100500,"Hayward, WI",35941
37081012504,"Starmount Forest, Greensboro, NC",35941
48141004004,"Colonia del Valle, El Paso, TX",35940
26125160700,"Southfield, MI",35938
48029141404,"East Side, San Antonio, TX",35938
31055004900,"Joslyn Castle, Omaha, NE",35937
4013109500,"Maryvale Village, Phoenix, AZ",35937
35001000601,"Jerry Cline Park, Albuquerque, NM",35937
12113010504,"Milton, FL",35937
34005702810,"Willingboro, NJ",35937
4027000800,"Atmar, Yuma, AZ",35936
54079020700,"Hurricane, WV",35936
13019970200,"Enigma, GA",35936
37119001911,"Marlwood, Charlotte, NC",35935
16055001500,"Coeur d'Alene, ID",35935
36057072300,"Palatine Bridge, NY",35935
33011010700,"Nashua, NH",35934
19101090100,"Fairfield, IA",35934
17167002700,"Springfield, IL",35933
47081950100,"Lyles, TN",35933
49035113307,"West Valley City, UT",35933
6073008363,"University City, San Diego, CA",35933
48439122802,"East Arlington, Arlington, TX",35932
36047008000,"Kings County, NY",35932
42013101800,"Altoona, PA",35930
4015953300,"Lake Havasu City, AZ",35929
48029180901,"North Central, San Antonio, TX",35929
37115010600,"Mars Hill, NC",35929
21187970100,"Owenton, KY",35928
45077010602,"Easley, SC",35928
6071007409,"San Andreas, Highland, CA",35928
1033020701,"Muscle Shoals, AL",35927
44005040600,"Newport, RI",35927
29081950300,"Bethany, MO",35927
37141920103,"Hampstead, NC",35926
6007002601,"Oroville, CA",35925
5023480100,"Drasco, AR",35925
36047014100,"Kings County, NY",35924
5085020204,"Cabot, AR",35924
37067002808,"Rural Hall, NC",35922
41017000401,"Bend, OR",35921
42073010700,"New Castle, PA",35921
10003014906,"Newark, DE",35921
17029001100,"Mattoon, IL",35921
12095015004,"Ocoee, FL",35921
37169070600,"Walnut Cove, NC",35920
6037430901,"Monrovia, CA",35920
20035493500,"Winfield, KS",35919
20045000801,"Lawrence, KS",35919
36081096400,"Queens County, NY",35918
24005401506,"Windsor Mill, Baltimore, MD",35918
18141001100,"Edison Park, South Bend, IN",35917
39093024000,"Lorain, OH",35915
48141010409,"Socorro, TX",35914
6001403701,"Adams Point, Oakland, CA",35914
26007000500,"Alpena, MI",35913
24001000200,"Cumberland, MD",35913
17031031000,"Uptown, Chicago, IL",35913
21155970200,"Lebanon, KY",35912
47167040303,"Munford, TN",35911
37119006010,"Coulwood East, Charlotte, NC",35910
29007950300,"Centralia, MO",35910
6065045900,"Blythe, CA",35910
24005451100,"Essex, MD",35910
18089030900,"East Chicago, IN",35909
25003922200,"Adams, Adams, MA",35908
26163591600,"Brownstown Charter Township, MI",35908
6037201110,"Northeast Los Angeles, Los Angeles, CA",35908
6077001000,"Stockton, CA",35907
6077003803,"French Camp, CA",35906
37099950300,"Sylva, NC",35906
39093023500,"Lorain, OH",35905
47053966100,"Kenton, TN",35905
37035011501,"Catawba, NC",35904
32003007800,"Las Vegas, NV",35904
6073018609,"North Valley, Oceanside, CA",35904
45045001810,"Greenville, SC",35903
36047003300,"Kings County, NY",35903
48381020900,"Amarillo, TX",35903
51580060200,"Covington, VA",35902
6067005102,"Sacramento, CA",35902
17089854301,"Aurora, IL",35901
12103025009,"Pinebrook Estates, Largo, FL",35898
19079960300,"Webster City, IA",35898
13005970202,"Alma, GA",35898
29137960200,"Paris, MO",35898
6037531201,"Los Angeles, CA",35897
41059951000,"Hermiston, OR",35896
1121011700,"Sylacauga, AL",35896
18055955200,"Linton, IN",35896
37159051302,"Salisbury, NC",35894
6037535803,"South Gate, CA",35893
8041003400,"El Paso County, CO",35893
47043060502,"Dickson, TN",35893
2090000400,"Fairbanks, AK",35892
53063004602,"Lincoln Heights, Spokane, WA",35892
48113016616,"Cedar Hill, TX",35891
6013336102,"Monument Corridor, Concord, CA",35891
53033030801,"Auburn, WA",35890
48201421102,"Southwest Houston, Houston, TX",35890
12053040906,"Spring Hill, FL",35890
48465950500,"Del Rio, TX",35889
51035080400,"Woodlawn, VA",35889
12117020600,"Sanford, FL",35889
6017030402,"South Lake Tahoe, CA",35889
6065042618,"Perris, CA",35889
26075006100,"Michigan Center, MI",35887
17095000300,"Galesburg, IL",35887
29510105198,"Skinker DeBaliviere, St. Louis, MO",35886
48251130700,"Cleburne, TX",35886
20001952600,"Moran, KS",35885
29017950200,"Marble Hill, MO",35885
23029956300,"Jonesport, ME",35885
48039661300,"Alvin, TX",35885
6007000502,"Chico, CA",35885
47145030600,"Harriman, TN",35884
45001950300,"Abbeville, SC",35884
36067012900,"Solvay, NY",35884
12101033006,"Silver Oaks Village, Zephyrhills, FL",35884
36113073500,"Athol, NY",35883
21107970500,"Madisonville, KY",35883
6037980014,"Los Angeles County, CA",35883
28049011101,"Jackson, MS",35882
26049011505,"Burton, MI",35881
20185470700,"Saint John, KS",35881
13295020601,"Rock Spring, GA",35880
39093010400,"Avon Lake, OH",35880
48121021634,"Far North Dallas, Dallas, TX",35880
45035010815,"Ladson, SC",35880
12087971502,"Summerland Key, FL",35880
6065046404,"Wildomar, CA",35879
6065044925,"Cathedral City, CA",35879
6037533105,"Huntington Park, CA",35879
25013802100,"Forest Park, Springfield, MA",35879
36047034800,"Kings County, NY",35879
37183054018,"Northeast Raleigh, Raleigh, NC",35879
40145030798,"Porter, OK",35877
48227950700,"Big Spring, TX",35877
39025041702,"New Richmond, OH",35877
1033020802,"Leighton, AL",35877
13215010501,"Columbus, GA",35876
45077011204,"Clemson, SC",35876
26047970500,"Petoskey, MI",35875
6013369002,"San Pablo, CA",35875
45007010300,"Pelzer, SC",35873
48215021805,"San Juan, TX",35873
39151713100,"East Canton, OH",35873
12009064601,"Sylvan Estates, Melbourne, FL",35873
21017030500,"Paris, KY",35872
12033003507,"North Central Pensacola, Pensacola, FL",35872
6071006601,"Colton, CA",35872
37097060801,"Harmony, NC",35871
13097080403,"Villa Rica, GA",35871
21217920100,"Campbellsville, KY",35871
48255970300,"Kenedy, TX",35870
12127091026,"Deltona Lakes, Deltona, FL",35870
26105950600,"Scottville, MI",35870
5145070600,"Bald Knob, AR",35870
42089300101,"East Stroudsburg, PA",35869
1083020202,"Elkmont, AL",35869
16039960400,"Mountain Home, ID",35867
48021950400,"Bastrop, TX",35867
6037531602,"South Montebello, East Los Angeles, CA",35867
51710006602,"Roosevelt Gardens Area, Norfolk, VA",35866
15009030706,"Kihei, HI",35865
36099950600,"Waterloo, NY",35865
22109000500,"Houma, LA",35864
5143010600,"Fayetteville, AR",35864
42003151600,"Greenfield, Pittsburgh, PA",35862
18009975100,"Montpelier, IN",35862
54039010802,"Charleston, WV",35862
21039960200,"Bardwell, KY",35861
54011010102,"Huntington, WV",35861
48215020201,"Palmview, TX",35861
37021001900,"Beverly Hills, Asheville, NC",35860
22079011300,"Pineville, LA",35860
18131959100,"Medaryville, IN",35860
17175951400,"Toulon, IL",35860
17031240900,"West Town, Chicago, IL",35859
6037535603,"South Gate, CA",35859
21035010200,"Murray, KY",35859
36081056500,"Queens County, NY",35858
4019003303,"Tucson, AZ",35858
24033804400,"Brentwood, MD",35858
37191000901,"Goldsboro, NC",35858
6099000806,"Modesto, CA",35857
29097010400,"Joplin, MO",35857
35001003714,"Del Norte, Albuquerque, NM",35856
13059002200,"Athens, GA",35856
6077003310,"Bear Creek, Stockton, CA",35856
21071920100,"Prestonsburg, KY",35855
40109107604,"Midwest City, OK",35855
13157010103,"Braselton, GA",35855
48201311600,"Greater East End, Houston, TX",35854
22081960100,"Coushatta, LA",35853
12083001006,"Ocala, FL",35853
12103025303,"Largo, FL",35853
54029021200,"New Cumberland, WV",35853
45063020708,"West Columbia, SC",35852
8001009316,"Thornton, CO",35852
42089300202,"Mount Pocono, PA",35852
40027202405,"Lexington, OK",35851
6107000701,"Woodlake, CA",35851
6037120104,"Panorama City, Los Angeles, CA",35851
26071000200,"Iron River, MI",35851
12121970400,"Live Oak, FL",35851
12033001002,"Southeast Pensacola, Pensacola, FL",35850
17031191100,"Belmont Cragin, Chicago, IL",35850
34001010600,"Egg Harbor City, NJ",35850
47045964000,"Newbern, TN",35849
6037532102,"South Montebello, Montebello, CA",35848
6087110300,"Watsonville, CA",35848
37127010601,"Goldrock, Rocky Mount, NC",35846
23011022000,"Benton, ME",35846
6037128601,"Van Nuys, Los Angeles, CA",35845
22075050500,"Port Sulphur, LA",35845
18117951400,"West Baden Springs, IN",35845
17167000503,"Springfield, IL",35844
37147001200,"Greenville, NC",35844
48439100800,"North Side, Fort Worth, TX",35844
41047001503,"Keizer, OR",35844
6065042521,"Moreno Valley, CA",35843
47093005501,"Knoxville, TN",35843
12095016509,"Orlando, FL",35843
6067005001,"Bandaccari Terrace, Sacramento, CA",35843
18103952100,"Peru, IN",35842
48201321200,"Southbelt/ Ellington, Pasadena, TX",35842
26005031200,"Allegan, MI",35842
27053001700,"Northeast Minneapolis Arts District, Minneapolis, MN",35842
47035970601,"Crossville, TN",35841
29229490100,"Hartville, MO",35841
25027761100,"Warren, MA",35841
6019004504,"Fresno, CA",35841
55013970800,"Siren, WI",35841
6073005400,"Downtown, San Diego, CA",35840
8001009751,"Denver, CO",35840
36045060804,"Fort Drum, NY",35840
25005652500,"New Bedford, MA",35839
18035002900,"Halteman, Muncie, IN",35838
36117020900,"Sodus, NY",35838
13031110700,"Brooklet, GA",35838
55107960400,"Ladysmith, WI",35837
33009961200,"Bristol, NH",35837
51041100701,"Petersburg, VA",35837
50003970700,"Arlington, VT",35837
11001009503,"Northeast Washington, Washington, DC",35836
39023002902,"Medway, OH",35836
4027000902,"Villa Hermosa, Yuma, AZ",35835
6111001302,"Ventura, CA",35835
36047099800,"Kings County, NY",35835
42003552400,"McKeesport, PA",35833
6039000104,"Oakhurst, CA",35833
36055003500,"Highland Park, Rochester, NY",35832
17029001200,"Mattoon, IL",35832
22087030204,"Violet, LA",35832
13073030402,"Grovetown, GA",35832
53063014400,"Spokane, WA",35831
4013217203,"Old Town Scottsdale, Scottsdale, AZ",35830
48439113110,"North Arlington, Arlington, TX",35829
6071010415,"Twentynine Palms, CA",35829
50023954000,"Marshfield, VT",35829
55001950400,"Adams, WI",35828
36081122702,"Queens County, NY",35827
12033003603,"Northwest Pensacola, Pensacola, FL",35826
48489950700,"Raymondville, TX",35825
12009065001,"Melbourne, FL",35825
35043010713,"Rio Rancho, NM",35825
6071008710,"Yucaipa, CA",35825
21167960500,"Harrodsburg, KY",35825
12086013300,"Hialeah Gardens, FL",35824
41043030903,"Lebanon, OR",35823
34017015700,"West New York, NJ",35823
26163572600,"Dearborn Heights, MI",35823
48029191003,"North Central, San Antonio, TX",35823
6065045209,"Indio, CA",35823
37019020308,"Oak Island, NC",35823
11001009000,"Fort Lincoln, Washington, DC",35823
29105960300,"Lebanon, MO",35823
1071950700,"Scottsboro, AL",35822
23017966100,"West Paris, ME",35822
1117030900,"Vandiver, AL",35820
48113014602,"Irving, TX",35820
36081037500,"Queens County, NY",35819
26125133100,"Wixom, MI",35818
48029180603,"Inner West Side, San Antonio, TX",35818
12031016808,"Southside, Jacksonville, FL",35817
46099001002,"Sioux Falls, SD",35817
48061012506,"Rancho Viejo, TX",35817
37183054403,"Wendell, NC",35816
26163554500,"Redford Charter Township, MI",35816
12061050806,"Sebastian, FL",35815
31109003103,"West Lincoln, Lincoln, NE",35814
55079018000,"Bay View, Milwaukee, WI",35814
47023970100,"Henderson, TN",35813
36007010200,"Johnson City, NY",35813
6039000300,"Chowchilla, CA",35813
47155080202,"Sevierville, TN",35813
48201453601,"Alief, Houston, TX",35812
27099000410,"Austin, MN",35812
6037540203,"Lynwood, CA",35812
47141001200,"Cookeville, TN",35811
6095251500,"Vallejo, CA",35811
39153506100,"Wallhaven, Akron, OH",35811
45057011100,"Lancaster, SC",35810
39049001820,"Dennison Place, Columbus, OH",35810
35043010720,"Rio Rancho, NM",35809
8041005502,"Colorado Springs, CO",35809
36047047800,"Kings County, NY",35807
48449950400,"Cookville, TX",35807
53053071601,"Tacoma, WA",35807
12035060213,"Palm Coast, FL",35806
6037183701,"Highland Park, Los Angeles, CA",35806
6067009008,"Rancho Cordova, CA",35806
6025011300,"Heber, CA",35805
6089011401,"Enterprise, Redding, CA",35805
12057011014,"New Tampa, Tampa, FL",35804
55035001101,"Downtown, Eau Claire, WI",35804
51810040000,"Joint Expeditionary Base Little Creek-Fort Story, Virginia Beach, VA",35804
37141920601,"Rocky Point, NC",35804
47165021004,"Goodlettsville, TN",35803
6099002401,"Modesto, CA",35803
39117965400,"Mount Gilead, OH",35803
40037020601,"Sapulpa, OK",35801
26161402600,"King, Ann Arbor, MI",35801
48035950500,"Clifton, TX",35801
39081011100,"Bergholz, OH",35801
23019013500,"Stetson, ME",35801
19033950402,"Mason City, IA",35800
36075021200,"Fulton, NY",35800
12121970302,"Live Oak, FL",35800
31055002800,"South Omaha, Omaha, NE",35800
6037530601,"Los Angeles, CA",35799
13177020100,"Leesburg, GA",35799
4013061032,"Surprise, AZ",35798
48201511600,"Greater Heights, Houston, TX",35798
26021010500,"Eau Claire, MI",35798
1025957602,"Thomasville, AL",35797
30029001000,"Kalispell, MT",35796
48061014500,"Brownsville, TX",35796
6065044101,"Banning, CA",35796
51105950400,"Jonesville, VA",35795
35015000500,"Carlsbad, NM",35795
6071009500,"Barstow, CA",35795
5119003402,"North Little Rock, AR",35795
6067009005,"Sacramento, CA",35794
4013421502,"Mesa, AZ",35794
48185180302,"Bedias, TX",35794
50019951900,"Brownington, VT",35794
13285960902,"LaGrange, GA",35793
42003485000,"Homestead, PA",35793
51053840600,"Dinwiddie, VA",35792
42003457100,"Bridgeville, PA",35792
6037900608,"Lancaster, CA",35791
4013318900,"Holdeman, Tempe, AZ",35791
12085001407,"Hobe Sound, FL",35790
13135050526,"Lawrenceville, GA",35789
6077004403,"Lodi, CA",35789
48465950700,"Del Rio, TX",35788
48113016510,"Dallas, TX",35788
45057011002,"Lancaster, SC",35786
36035970200,"Mayfield, NY",35786
28129950300,"Taylorsville, MS",35786
28127950400,"Magee, MS",35786
12087971700,"Key West, FL",35785
26107960700,"Big Rapids, MI",35785
12099004008,"West Palm Beach, FL",35785
42079200400,"Wilkes-Barre, PA",35784
36075020703,"Hastings, NY",35784
6067007013,"North Sacramento, Sacramento, CA",35784
24033802204,"District Heights, MD",35784
26145011701,"Bridgeport, Bridgeport charter Township, MI",35783
45091061701,"York, SC",35782
12085001802,"Indiantown, FL",35780
39021010500,"Urbana, OH",35779
12086001204,"North Miami, FL",35779
19113001700,"Wellington Heights, Cedar Rapids, IA",35779
13313000501,"Dalton, GA",35779
48313000300,"North Zulch, TX",35779
17031210602,"Avondale, Chicago, IL",35778
42023960200,"Emporium, PA",35777
25003931400,"Windsor, MA",35777
36087010702,"Haverstraw, NY",35777
27131070901,"Faribault, MN",35777
17197880114,"Bolingbrook, IL",35777
36087012203,"Monsey, NY",35777
39145002500,"Lucasville, OH",35776
6071004507,"Arrowhead Farms, San Bernardino, CA",35776
36009961600,"Olean, NY",35776
32003004926,"Las Vegas, NV",35775
39035161500,"Lakewood, OH",35775
47011011300,"Cleveland, TN",35775
12095017802,"Apopka, FL",35774
4019004404,"Tucson, AZ",35774
47055920600,"Goodspring, TN",35774
42085033300,"Sharpsville, PA",35773
21063920100,"Sandy Hook, KY",35772
39113100400,"Huber Heights, OH",35772
4013092716,"Glendale, AZ",35771
41029001602,"Phoenix, OR",35770
12127091022,"Deltona Lakes, Deltona, FL",35769
36025971400,"Hancock, NY",35769
29095012903,"South Kansas City, Kansas City, MO",35768
29055450400,"Steelville, MO",35768
42037050600,"Berwick, PA",35767
1073005907,"Spring Lake, Birmingham, AL",35767
22051021804,"Metairie, LA",35767
6073019405,"Vista, CA",35766
36005044800,"Bronx County, NY",35766
13021013503,"Macon, GA",35764
12073002606,"Tallahassee, FL",35764
48029181715,"Great Northwest, San Antonio, TX",35764
36111950400,"Saugerties, NY",35763
21043960700,"Grayson, KY",35763
47001021302,"Powell, TN",35763
5145070200,"Searcy, AR",35763
6097151401,"Santa Rosa, CA",35762
36029017501,"Gowanda, NY",35761
45051060204,"Myrtle Beach, SC",35761
6059075004,"French Court, Santa Ana, CA",35760
32031002617,"North Valleys, Reno, NV",35759
42013010103,"Tyrone, PA",35759
22125951701,"Weyanoke, LA",35759
36047012902,"Kings County, NY",35758
12086000807,"Hialeah, FL",35758
12086001606,"Hialeah, FL",35757
5105952800,"Perryville, AR",35757
25013812104,"Holyoke, MA",35757
29119070300,"Noel, MO",35757
6037208502,"Central LA, Los Angeles, CA",35757
6071010422,"Twentynine Palms, CA",35756
1101002800,"Montgomery, AL",35756
18097340112,"Wayne, Indianapolis, IN",35756
12103026102,"Clearwater, FL",35756
34017016600,"Union City, NJ",35755
26125160900,"Southfield, MI",35755
12086009307,"Hialeah, FL",35754
6037192620,"Central LA, Los Angeles, CA",35754
6037502902,"Santa Fe Springs, CA",35753
18101950100,"Loogootee, IN",35753
39071954600,"Leesburg, OH",35753
27053000101,"Shingle Creek, Minneapolis, MN",35752
22105954101,"Hammond, LA",35752
6075023200,"Bayview, San Francisco, CA",35752
1097006102,"Eight Mile, Semmes, AL",35752
24045010604,"Pittsville, MD",35751
12099004202,"Palm Springs, FL",35751
47119010202,"Spring Hill, TN",35751
13313000301,"Dalton, GA",35751
33007951100,"Dalton, NH",35751
24011955500,"Preston, MD",35750
30015010200,"Fort Benton, MT",35749
25001012502,"Hyannis, Barnstable, MA",35749
6037294810,"Wilmington, Los Angeles, CA",35748
39001770500,"Blue Creek, OH",35747
11001009201,"Edgewood, Washington, DC",35747
6037294421,"Harbor City, Los Angeles, CA",35747
6037203300,"Northeast Los Angeles, Los Angeles, CA",35746
4007000700,"Tonto Basin, AZ",35746
10001043202,"Frederica, DE",35745
5005950300,"Mountain Home, AR",35745
12127091029,"Oak Haven, Deltona, FL",35744
37085071001,"Fuquay Varina, NC",35744
48147950800,"Ivanhoe, TX",35744
20055960200,"Garden City, KS",35744
48201222900,"Castlewood, Houston, TX",35744
39007001301,"Williamsfield, OH",35743
31101000100,"Ogallala, NE",35743
12009060102,"Indian River Plantation Estates, Mims, FL",35743
48201323100,"Satsuma Gardens, Pasadena, TX",35743
41019180000,"Myrtle Creek, OR",35742
22087030104,"Saint Bernard, LA",35742
6037195804,"Silver Lake, Los Angeles, CA",35742
5125010101,"Benton, AR",35741
48201222402,"Oak Glen Place, Houston, TX",35741
12019030303,"Orange Park, FL",35741
18163000900,"Ross Center, Evansville, IN",35741
48029121507,"Northeast Side, San Antonio, TX",35740
36005042200,"Bronx County, NY",35740
29097011900,"Joplin, MO",35740
26065004000,"East Lansing, MI",35739
27053002400,"Northeast Minneapolis, Minneapolis, MN",35739
51810044808,"Northeast Virginia Beach, Virginia Beach, VA",35737
12099003901,"West Palm Beach, FL",35736
29067950100,"Vanzant, MO",35736
51179010207,"Stafford, VA",35735
12015020400,"Port Charlotte, FL",35735
6065941400,"Baristo, Palm Springs, CA",35735
22073010102,"Monroe, LA",35735
13305970100,"Odum, GA",35734
54107010701,"Davisville, WV",35734
34025805400,"Long Branch, NJ",35733
37035011602,"Maiden, NC",35733
40143009300,"Sand Springs, OK",35732
6037533001,"South Los Angeles, Los Angeles, CA",35731
12099005816,"Boynton Beach, FL",35731
42101031200,"Oxford Circle/ Castor, Philadelphia, PA",35731
51027010100,"Grundy, VA",35731
13247060304,"Conyers, GA",35731
6037191301,"East Hollywood, Los Angeles, CA",35730
4003002002,"Sierra Vista, AZ",35730
4013421201,"Mesa Grande, Mesa, AZ",35730
36047022800,"Kings County, NY",35729
22013970500,"Bienville, LA",35729
6065046401,"Lake Elsinore, CA",35729
53063004000,"Cliff/Cannon, Spokane, WA",35729
21195931100,"Pikeville, KY",35729
54015958100,"Lizemores, WV",35728
51840000302,"Winchester, VA",35728
55125950500,"Eagle River, WI",35728
36029000200,"Triangle, Buffalo, NY",35728
21067002500,"Picadome, Lexington, KY",35728
37085070300,"Dunn, NC",35728
39061022301,"Cincinnati, OH",35728
12091023200,"Fort Walton Beach, FL",35725
48303010200,"Lubbock, TX",35725
6067001101,"Central Sacramento, Sacramento, CA",35725
47045964900,"Dyersburg, TN",35724
13303950100,"Warthen, GA",35724
25025160200,"Chelsea, MA",35724
17031240300,"West Town, Chicago, IL",35724
29139970300,"New Florence, MO",35723
48061010203,"Harlingen, TX",35723
1081041100,"Opelika, AL",35723
17097862000,"Waukegan, IL",35722
36061009300,"Midtown, New York, NY",35722
13195020200,"Danielsville, GA",35721
12071040207,"Joel, Lehigh Acres, FL",35721
47065010104,"Birchwood, TN",35721
23013970200,"Camden, Camden, ME",35720
29099701300,"De Soto, MO",35719
55025001200,"Greenbush, Madison, WI",35719
8005081800,"Chambers Heights, Aurora, CO",35719
12101030404,"Key Vista, Holiday, FL",35719
6007000903,"Chico, CA",35719
6037575801,"Willmore, Long Beach, CA",35717
17019005800,"Urbana, IL",35717
12086017700,"Miami, FL",35717
20049965100,"Howard, KS",35717
29027070200,"Fulton, MO",35717
36047086600,"Kings County, NY",35716
47009010302,"Louisville, TN",35716
20011956000,"Fort Scott, KS",35716
4013104600,"North Mountain Village, Phoenix, AZ",35715
9001021400,"West Side - Waterside - South End, Stamford, CT",35715
17031241500,"West Town, Chicago, IL",35715
13097080102,"Lithia Springs, GA",35715
36013036401,"Mayville, NY",35714
51510201202,"Potomac West, Alexandria, VA",35714
6037127220,"Van Nuys, Los Angeles, CA",35713
37171931003,"Elkin, NC",35713
40109109202,"Northeast Oklahoma City, Luther, OK",35712
11001009508,"Northeast Washington, Washington, DC",35712
39029951200,"Hanoverton, OH",35712
1129044200,"McIntosh, AL",35710
2170001003,"Lakes, Wasilla, AK",35710
27067780800,"Willmar, MN",35708
1123962501,"Jacksons' Gap, AL",35708
37031970804,"Newport, NC",35707
42061950400,"Huntingdon, PA",35706
36017970500,"South New Berlin, NY",35705
6037540501,"Lynwood, CA",35703
6029000300,"Bakersfield, CA",35703
34037371200,"Sussex, NJ",35702
22105954002,"Hammond, LA",35702
24510120202,"Baltimore, MD",35701
48201432802,"Southwest Houston, Houston, TX",35701
6073012402,"Chula Vista, CA",35701
12086006711,"Brickell, Miami, FL",35700
36047074000,"Kings County, NY",35700
26103000100,"Marquette, MI",35700
36081024000,"Queens County, NY",35699
37081016103,"Madison Woods, Greensboro, NC",35699
37089932000,"Zirconia, NC",35699
12001001604,"Gainesville, FL",35698
5033020203,"Van Buren, AR",35698
8043979100,"Cañon City, CO",35698
47163041900,"Kingsport, TN",35698
26107960200,"Mecosta, MI",35698
45035010504,"Summerville, SC",35697
4013614500,"Deer Valley, Phoenix, AZ",35696
39113003403,"University Park, Dayton, OH",35696
32003001607,"Las Vegas, NV",35696
4007001300,"Gila County, AZ",35695
41051000501,"Mount Scott - Arleta, Portland, OR",35695
29167960100,"Dunnegan, MO",35695
48251130303,"Cleburne, TX",35694
53063011900,"Spokane Valley, WA",35694
39017012700,"Middletown, OH",35694
48113017001,"Seagoville, TX",35694
26075006600,"Springport, MI",35693
23009966600,"Deer Isle, ME",35693
29085470500,"Pittsburg, MO",35693
6101050702,"Live Oak, CA",35692
34023004900,"Perth Amboy, NJ",35691
48027021202,"Temple, TX",35691
47009011502,"Maryville, TN",35691
1097006902,"Westmont, Theodore, AL",35691
23019012500,"Plymouth, ME",35691
6037533806,"Bell, CA",35690
55067960700,"Antigo, WI",35690
20005081800,"Atchison, KS",35690
12111382008,"Port St. Lucie, FL",35690
12127082607,"Ocean View Halifax Estates, Port Orange, FL",35689
8005007400,"Delmar Parkway, Aurora, CO",35689
2090001500,"North Pole, AK",35689
26125161500,"Southfield, MI",35688
19153001800,"Accent, Des Moines, IA",35688
37081015100,"Browns Summit, NC",35687
53063011500,"Spokane Valley, WA",35686
6037296500,"San Pedro, Los Angeles, CA",35685
48029141403,"East Side, San Antonio, TX",35685
39049009250,"Glencoe, Columbus, OH",35684
51115951400,"Mathews, VA",35684
27123037100,"Riverview, Saint Paul, MN",35684
42123970600,"Warren, PA",35684
20021958600,"Baxter Springs, KS",35684
49057200202,"Ogden, UT",35683
6071004003,"Bloomington, CA",35683
1033020901,"Tuscumbia, AL",35682
12111382007,"Port St. Lucie, FL",35682
30077000100,"Garrison, MT",35682
27031480200,"Grand Marais, MN",35682
27027020300,"Moorhead, MN",35681
6037224320,"Central LA, Los Angeles, CA",35680
6037208301,"Central LA, Los Angeles, CA",35679
17119400952,"Pontoon Beach, IL",35679
55079003200,"Columbus Park, Milwaukee, WI",35679
12043000200,"Moore Haven, FL",35679
6067008113,"Grand Oaks, Citrus Heights, CA",35679
22017024304,"Greenwood, LA",35678
17051950900,"Vandalia, IL",35678
21001970500,"Columbia, KY",35678
13097080404,"Douglasville, GA",35678
29067950200,"Ava, MO",35678
55117000202,"Raider, Sheboygan, WI",35677
47031970200,"Manchester, TN",35677
28099010100,"Philadelphia, MS",35676
51700031100,"South Newport News, Newport News, VA",35676
37087920200,"Canton, NC",35676
21217920200,"Campbellsville, KY",35676
8013060800,"Lafayette, CO",35675
12033003309,"Northwest Pensacola, Pensacola, FL",35675
37109071001,"Iron Station, NC",35675
51710003000,"Lafayette-Winona, Norfolk, VA",35675
17161022300,"Moline, IL",35674
47145030201,"Kingston, TN",35674
35009000201,"Clovis, NM",35674
37081015706,"Greensboro, NC",35673
39155933002,"Warren, OH",35673
29011960200,"Liberal, MO",35673
51035080100,"Hillsville, VA",35673
4013619100,"Deer Valley, Phoenix, AZ",35671
42003424000,"Sharpsburg, PA",35671
51079030101,"Stanardsville, VA",35671
48113019038,"Richardson, TX",35670
12053040301,"Brooksville, FL",35669
6037461501,"North Central, Pasadena, CA",35669
6053000701,"Salinas, CA",35669
48439104804,"Fort Worth, TX",35669
24033806000,"Hyattsville, MD",35669
17097862100,"Waukegan, IL",35669
48061013205,"Brownsville, TX",35667
8101002914,"Pueblo West, CO",35667
48061010800,"Harlingen, TX",35667
40063485000,"Calvin, OK",35667
36103146403,"Central Islip, NY",35667
39063001000,"Findlay, OH",35666
6037269905,"Palms, Los Angeles, CA",35666
29095011700,"Sugar Creek, MO",35665
13101880100,"Statenville, GA",35665
26153000100,"Gulliver, MI",35665
6037554301,"Bellflower, CA",35664
47065011443,"Chattanooga, TN",35664
12053041105,"Spring Hill, FL",35664
45003020400,"Graniteville, SC",35661
6029001102,"Bakersfield, CA",35660
20209042800,"Argentine, Kansas City, KS",35660
40079040198,"Arkoma, OK",35660
26125173000,"Ferndale, MI",35659
39141956200,"Chillicothe, OH",35659
48395960400,"Hearne, TX",35658
5005950100,"Mountain Home, AR",35657
35001940600,"Volcano Ranch Park, Albuquerque, NM",35657
42103950802,"Pike County, PA",35657
35049010312,"Edgewood, NM",35657
6071004505,"Wildwood Park, San Bernardino, CA",35657
46053971200,"Herrick, SD",35657
37071030205,"Dallas, NC",35656
35001000120,"Aztec, Albuquerque, NM",35656
6067005205,"Southeastern Sacramento, Sacramento, CA",35656
12103024805,"Kenneth City, FL",35655
6095252502,"Fairfield, CA",35655
51097950400,"Saint Stephens Church, VA",35655
48427950702,"Roma, TX",35654
51041100107,"Richmond, VA",35654
18135951800,"Winchester, IN",35653
48449950200,"Mount Pleasant, TX",35653
1097007103,"Theodore, AL",35652
41035970400,"Bonanza, OR",35650
47109930100,"Adamsville, TN",35649
36065021302,"Utica, NY",35649
6037603801,"Lawndale, CA",35649
37067003806,"Winston-Salem, NC",35649
48479001105,"Eastwoods, Laredo, TX",35649
24033801408,"Fort Washington, MD",35648
26157001100,"Silverwood, MI",35648
8041006000,"Colorado Springs, CO",35648
4021002200,"Oracle, AZ",35647
4013112513,"Estrella Village, Phoenix, AZ",35646
41029001302,"Central Point, OR",35646
37159050904,"Gold Hill, NC",35645
5085020102,"Ward, AR",35645
29131962600,"Eldon, MO",35645
5119003202,"North Little Rock, AR",35644
6037115302,"Northridge, Los Angeles, CA",35643
47139950202,"Benton, TN",35643
36111950200,"Saugerties, NY",35643
37053110302,"Shawboro, NC",35642
51083930302,"South Boston, VA",35642
5015950500,"Green Forest, AR",35640
39049007820,"Riverview, Columbus, OH",35640
19101090400,"Fairfield, IA",35638
18065976400,"New Castle, IN",35638
6037532002,"South Montebello, Montebello, CA",35638
49057201700,"Ogden, UT",35638
12053041304,"Spring Hill, FL",35638
12103025204,"Belleair Bluffs, FL",35637
37049960300,"Cove City, NC",35637
39085204302,"Painesville, OH",35637
51790000400,"Staunton, VA",35637
21067003201,"Bryan Station, Lexington, KY",35637
6073019805,"Lake, Oceanside, CA",35637
29091090500,"West Plains, MO",35636
39153531802,"Akron, OH",35636
41051001701,"Montavilla, Portland, OR",35635
13279970500,"Lyons, GA",35635
12001000809,"Gainesville, FL",35635
9003524501,"West End, Hartford, CT",35634
1025957601,"Thomasville, AL",35634
29001950900,"Kirksville, MO",35634
13073030505,"Grovetown, GA",35634
19045000300,"Clinton, IA",35634
1055010300,"Attalla, AL",35633
17031210502,"Avondale, Chicago, IL",35633
42091203602,"Norristown, PA",35633
17179020100,"Peoria, IL",35632
47055920800,"Ardmore, TN",35631
36047048500,"Kings County, NY",35630
26043950600,"Kingsford, MI",35630
27123030900,"Payne - Phalen, Saint Paul, MN",35630
4019004328,"Green Valley Desert Hills, Green Valley, AZ",35630
23017966200,"South Paris, Paris, ME",35629
48113012301,"Dallas, TX",35629
17077011600,"Makanda, IL",35628
29189213500,"St. Louis, MO",35628
36029005700,"Riverside, Buffalo, NY",35627
26027002000,"Dowagiac, MI",35627
6037221220,"Central LA, Los Angeles, CA",35627
6021010400,"Willows, CA",35626
45059920201,"Ware Shoals, SC",35626
48005000800,"Lufkin, TX",35626
26029001000,"East Jordan, MI",35625
42123971400,"Tidioute, PA",35625
18085960900,"Syracuse, IN",35624
26073940300,"Mount Pleasant, MI",35623
10001040203,"Smyrna, DE",35623
6029003103,"Rexland Acres, Bakersfield, CA",35622
37031970503,"Morehead City, NC",35622
39153530105,"Twinsburg, OH",35622
6047000504,"Winton, CA",35621
6037124300,"North Hollywood, Los Angeles, CA",35621
6073014300,"Lemon Grove, CA",35621
12001002202,"Archer, FL",35620
12103024904,"Pinellas Park, FL",35619
19163011300,"Davenport, IA",35619
39013012000,"Martins Ferry, OH",35618
4013420214,"Mesa, AZ",35617
42091208906,"Pottstown, PA",35617
6053000702,"Salinas, CA",35617
48021950200,"Elgin, TX",35615
8041004603,"Colorado Springs, CO",35615
12086000712,"Hialeah, FL",35615
6037570304,"North Long Beach, Long Beach, CA",35615
34021003500,"Ewing Township, NJ",35615
37119005616,"Charlotte, NC",35615
5011950100,"Warren, AR",35614
37147001500,"Grifton, NC",35614
12001001701,"Gainesville, FL",35614
6007001900,"Paradise, CA",35613
1095031200,"Boaz, AL",35612
34031181100,"Paterson, NJ",35611
39035161000,"Lakewood, OH",35611
48201452802,"Westside, Houston, TX",35611
48479001816,"Woodlands, Laredo, TX",35610
48481741000,"El Campo, TX",35610
36063022901,"North Tonawanda, NY",35610
4003001601,"Sierra Vista, AZ",35610
48201222200,"Orange Grove Britton, Houston, TX",35609
27053110400,"Minneapolis, MN",35609
48215022701,"Weslaco, TX",35609
36047076400,"Kings County, NY",35609
55139002900,"Menasha, WI",35608
32003003632,"North Las Vegas, NV",35608
39035123900,"Jefferson, Cleveland, OH",35608
4023966301,"Nogales, AZ",35608
18163002900,"Westside, Evansville, IN",35607
6037205110,"Boyle Heights, Los Angeles, CA",35607
21213970200,"Franklin, KY",35606
48439106509,"Fort Worth, TX",35606
6029006404,"Lamont, CA",35606
29095011405,"Independence, MO",35605
6019003103,"Clovis, CA",35603
22051024900,"Jefferson, LA",35602
51133020100,"Callao, VA",35601
12095017004,"Orlando, FL",35600
39049009520,"Scioto Heights, Obetz, OH",35600
23005003000,"Thornton Heights, South Portland, ME",35600
47019070900,"Johnson City, TN",35599
39053954100,"Gallipolis, OH",35599
6073010402,"Imperial Beach, CA",35598
12049970102,"Zolfo Springs, FL",35597
22095071000,"LaPlace, LA",35597
6007001704,"Magalia, CA",35597
48113016624,"Cedar Hill, TX",35596
8059010406,"Arvada, CO",35595
17119400102,"Granite City, IL",35595
48113014311,"Las Colinas, Irving, TX",35595
37199960200,"Burnsville, NC",35595
12127082703,"New Smyrna Beach, FL",35594
47157021751,"Pinnacle Point, Memphis, TN",35594
21101020602,"Henderson, KY",35594
1043965401,"Hanceville, AL",35593
6037576801,"Alamitos Beach, Long Beach, CA",35593
42089301402,"East Stroudsburg, PA",35592
45063020707,"West Columbia, SC",35591
51169030300,"Fort Blackmore, VA",35591
26127010600,"Hesperia, MI",35590
45091061101,"Fort Mill, SC",35590
12099007203,"Boca Raton, FL",35589
28059040300,"Biloxi, MS",35589
42055012200,"Waynesboro, PA",35589
5001480500,"Stuttgart, AR",35587
48485013700,"Electra, TX",35586
39113050101,"Dayton, OH",35586
36081059400,"Queens County, NY",35586
42033330300,"DuBois, PA",35585
4019004324,"Green Valley, AZ",35585
6065045228,"Indio, CA",35584
36015001100,"Elmira, NY",35584
26021021300,"Oronoko charter Township, Berrien Springs, MI",35582
41051004800,"Nob Hill Alphabet District, Portland, OR",35582
17201000103,"Machesney Park, IL",35582
40019892900,"Ardmore, OK",35580
5015950400,"Green Forest, AR",35580
26163587000,"Belleville, MI",35579
48201432901,"Sharpstown, Houston, TX",35579
36083040800,"Troy, NY",35579
13045910300,"Carrollton, GA",35578
21111010320,"Louisville, KY",35577
6077000401,"Civic Center, Stockton, CA",35577
54107000100,"Parkersburg, WV",35576
35049940500,"Santa Fe, NM",35576
42003481000,"Pittsburgh, PA",35575
48439110704,"White Settlement, TX",35575
53053061800,"South End, Tacoma, WA",35575
42101029200,"Lawncrest, Philadelphia, PA",35575
6037534301,"Cudahy, CA",35574
25001012602,"Hyannis, Barnstable, MA",35574
22065960500,"Tallulah, LA",35574
48439121604,"West Arlington, Arlington, TX",35573
12109021206,"St. Augustine, FL",35573
12103024200,"Harris Park, Saint Petersburg, FL",35573
48201232701,"Northeast Houston, Houston, TX",35573
44005040303,"Newport East, Middletown, RI",35573
24033801405,"Oxon Hill, MD",35573
26027001100,"Edwardsburg, MI",35572
19153004200,"McKinley School/Columbus Park, Des Moines, IA",35572
17099962700,"Downtown, Ottawa, IL",35572
21111012603,"Louisville, KY",35572
32003003640,"North Las Vegas, NV",35571
23025965800,"Palmyra, ME",35571
36047085000,"Kings County, NY",35570
6001407300,"Melrose, Oakland, CA",35569
48499950400,"Alba, TX",35569
36103190401,"Flanders, NY",35569
21167960300,"Harrodsburg, KY",35568
51810046010,"Virginia Beach, VA",35568
6013309000,"Old Town, Pittsburg, CA",35568
22079013800,"Alexandria, LA",35567
48491020323,"Cedar Park, TX",35567
51810045405,"Virginia Beach, VA",35567
18167001400,"Terre Haute, IN",35566
12033003609,"North Northwest Pensacola, Pensacola, FL",35566
6107002500,"Lindsay, CA",35565
47037010401,"Madison, Nashville, TN",35565
5135470300,"Ash Flat, AR",35563
48439104503,"Worth Heights, Fort Worth, TX",35563
13153020108,"Warner Robins, GA",35562
53061041810,"Everett, WA",35562
40109107706,"Midwest City, OK",35562
5139950800,"El Dorado, AR",35562
1031010500,"Elba, AL",35560
21167960400,"Harrodsburg, KY",35560
42101029000,"North Philadelphia, Philadelphia, PA",35560
54039010100,"Dunbar, WV",35559
21187970300,"Owenton, KY",35559
47063100600,"Morristown, TN",35558
51710000500,"Ocean View, Norfolk, VA",35558
22103041202,"Lacombe, LA",35558
47157020644,"Memphis, TN",35557
24031701601,"Silver Spring, MD",35557
12081001105,"Bradenton, FL",35555
6073003105,"Jamacha-Lomita, San Diego, CA",35555
34023006002,"New Brunswick, NJ",35554
13137000601,"Alto, GA",35554
37051003102,"Jack Britt, Fayetteville, NC",35553
29015460200,"Lincoln, MO",35553
53053071409,"Spanaway, WA",35553
37033930100,"Milton, NC",35553
5025970100,"Rison, AR",35552
6067003204,"Avondale, Sacramento, CA",35552
8031001302,"West, Denver, CO",35551
22071005400,"Mid-City, New Orleans, LA",35550
45031010200,"Hartsville, SC",35550
6107003700,"Porterville, CA",35549
12117021401,"Winter Springs, FL",35549
29077005600,"Tom Watkins, Springfield, MO",35548
48439105800,"North Greenbriar, Fort Worth, TX",35547
39001770400,"West Union, OH",35547
37081015300,"McLeansville, NC",35547
29203470100,"Eminence, MO",35546
22071002503,"Gentilly, New Orleans, LA",35545
13229960400,"Blackshear, GA",35545
39173022400,"North Baltimore, OH",35544
29019001601,"Columbia, MO",35544
39029951100,"Lisbon, OH",35543
42123970300,"Bear Lake, PA",35543
22103041101,"Slidell, LA",35543
28109950401,"Carriere, MS",35542
45035010605,"Summerville, SC",35542
12115001703,"Sarasota, FL",35541
6049000200,"Tulelake, CA",35541
4013107101,"Alhambra, Phoenix, AZ",35541
32003004911,"Las Vegas, NV",35540
32510000900,"Carson City, NV",35540
24510270200,"Lauraville, Baltimore, MD",35540
22117950400,"Mount Hermon, LA",35540
6085513500,"Morgan Hill, CA",35539
42101027300,"North Philadelphia, Philadelphia, PA",35539
48201330301,"Southwest Houston, Houston, TX",35539
6107004500,"Terra Bella, CA",35539
33003956400,"Center Tuftonboro, Tuftonboro, NH",35539
36005034000,"Bronx County, NY",35538
32003004921,"Las Vegas, NV",35538
51139030300,"Luray, VA",35537
36021001300,"Hudson, NY",35537
32003006103,"Las Vegas, NV",35537
22053000700,"Jennings, LA",35537
22109000600,"Houma, LA",35536
17019010300,"Rantoul, IL",35536
36105950200,"Livingston Manor, NY",35536
41051008500,"Powellhurst - Gilbert, Portland, OR",35536
21095970300,"Harlan County, KY",35535
6037221210,"Central LA, Los Angeles, CA",35535
47063101200,"Morristown, TN",35533
39021010600,"Urbana, OH",35533
12086003913,"North Beach, Miami Beach, FL",35533
26021002400,"Benton Harbor, MI",35532
24033801409,"Fort Washington, MD",35532
31055006603,"Benson Gardens, Omaha, NE",35532
36065024302,"Lee Center, NY",35532
9009361401,"Downtown, New Haven, CT",35532
8067971100,"Durango, CO",35531
32031000201,"Reno, NV",35531
35049010603,"Santa Fe, NM",35531
23005002002,"Libbytown, Portland, ME",35530
39049006821,"Clintonville, Columbus, OH",35529
16005001602,"Pocatello, ID",35528
17031242500,"West Town, Chicago, IL",35527
48451000200,"San Angelo, TX",35527
36061011900,"Midtown, New York, NY",35527
53063012500,"Spokane Valley, WA",35526
32003002707,"Las Vegas, NV",35526
6001433900,"San Leandro, CA",35526
36089490600,"Norfolk, NY",35526
39061010400,"Cincinnati, OH",35526
17197881301,"Joliet, IL",35522
6065040301,"Rubidoux, Riverside, CA",35522
39113100203,"Huber Heights, OH",35522
51041100407,"Richmond, VA",35521
1069041900,"Ashford, AL",35521
6037120010,"Van Nuys, Los Angeles, CA",35521
13121001201,"Midtown, Atlanta, GA",35521
37055970602,"Wanchese, NC",35521
47085130200,"Waverly, TN",35519
51540000502,"Fry's Spring, Charlottesville, VA",35519
47167040200,"Gilt Edge, TN",35519
6071003801,"Rialto, CA",35518
1115040502,"Springville, AL",35518
29095017500,"South Kansas City, Kansas City, MO",35518
47099960300,"Ethridge, TN",35518
42003552200,"McKeesport, PA",35518
17031031300,"Uptown, Chicago, IL",35516
24510271101,"Radnor - Winston, Baltimore, MD",35516
6073020500,"Central Escondido, Escondido, CA",35516
6037191610,"Central LA, Los Angeles, CA",35516
12009068101,"Cleggmoor, Cocoa Beach, FL",35516
12099003504,"Palm Beach, FL",35515
6037104105,"Pacoima, Los Angeles, CA",35514
51550021302,"Deep Creek South, Chesapeake, VA",35513
39109365301,"Troy, OH",35513
54009031101,"Colliers, WV",35513
53063000900,"Northwest Spokane, Spokane, WA",35512
47053966600,"Milan, TN",35511
6073020209,"Midway, Escondido, CA",35511
45003020802,"North Augusta, SC",35511
48047950100,"Falfurrias, TX",35510
4027011201,"Wellton, AZ",35510
13013180301,"Winder, GA",35509
39105964200,"Pomeroy, OH",35509
11001005002,"Downtown, Washington, DC",35508
31055000200,"North Omaha, Omaha, NE",35508
51810041002,"Northwest, Virginia Beach, VA",35508
46103010600,"Rapid City, SD",35507
12057013918,"Boyette, Riverview, FL",35506
37049961100,"Havelock, NC",35505
29047022100,"North Kansas City, MO",35504
12011110338,"Pembroke Pines, FL",35503
51087200802,"Richmond, VA",35503
17201003400,"Rockford, IL",35503
17031031501,"Uptown, Chicago, IL",35502
6071009112,"Adelanto, CA",35502
4027000403,"Yuma, AZ",35502
12086000711,"Hialeah, FL",35501
8001009202,"Thornton, CO",35501
30099000200,"Fairfield, MT",35501
6059074902,"Pico-Lowell, Santa Ana, CA",35500
47045964500,"Dyersburg, TN",35500
2016000200,"Unalaska, AK",35499
22071001750,"Village De L'Est, New Orleans, LA",35499
25017310400,"Centralville, Lowell, MA",35499
19033950300,"Mason City, IA",35498
39053953600,"Bidwell, OH",35498
45007012002,"Anderson, SC",35498
41021960100,"Arlington, OR",35498
48029131608,"Northeast Side, Converse, TX",35498
33015063002,"Seabrook, NH",35498
41035970300,"Klamath Falls, OR",35498
1081040400,"Auburn, AL",35497
48053960600,"Marble Falls, TX",35497
6065043308,"Hemet, CA",35497
6037221900,"South Los Angeles, Los Angeles, CA",35497
1095030500,"Arab, AL",35496
32003003317,"Las Vegas, NV",35496
1015002502,"Wellington, AL",35496
18181958700,"Idaville, IN",35495
6067003000,"Southeastern Sacramento, Sacramento, CA",35495
53011041203,"Oakbrook, Vancouver, WA",35495
6037501503,"Whittier, CA",35494
41047002201,"South Salem, Salem, OR",35494
37025042102,"Concord, NC",35493
40133583900,"Wewoka, OK",35492
20057962000,"Dodge City, KS",35492
12053040901,"Spring Hill, FL",35492
48091310605,"Spring Branch, TX",35492
41063960100,"Joseph, OR",35491
45045004102,"Cleveland, SC",35489
26111290700,"Midland, MI",35489
45003020200,"Aiken, SC",35488
24510130803,"Medfield, Baltimore, MD",35488
47125101103,"Clarksville, TN",35488
21125970300,"London, KY",35487
18103952500,"Peru, IN",35487
6037124103,"North Hollywood, Los Angeles, CA",35486
54107010601,"Parkersburg, WV",35486
24043000301,"Hagerstown, MD",35486
6037401704,"Westmont, Pomona, CA",35485
17031720700,"Beverly, Chicago, IL",35485
4021002400,"Mammoth, AZ",35485
39035152202,"Euclid, OH",35485
8123001300,"Greeley, CO",35485
30013002200,"Great Falls, MT",35485
36047078600,"Kings County, NY",35484
1055010900,"Attalla, AL",35483
37119005617,"Silverwood, Charlotte, NC",35481
53031950602,"Port Townsend, WA",35481
9011702800,"Center Groton, Groton, CT",35481
12069030702,"Leesburg, FL",35480
26125161200,"Southfield, MI",35480
34013000200,"Upper Roseville, Newark, NJ",35480
48029190901,"Uptown, San Antonio, TX",35480
47183968300,"Sharon, TN",35479
5047950300,"Charleston, AR",35479
13021013604,"Lizella, GA",35478
51720960100,"Norton, VA",35477
29095016800,"Midtown - Westport, Kansas City, MO",35477
12021010109,"Naples Park, Naples, FL",35476
48187210705,"Northeast Side, Schertz, TX",35476
47125102006,"Clarksville, TN",35474
6037503000,"Whittier, CA",35474
17019005401,"Urbana, IL",35473
5063490400,"Newark, AR",35473
55079003300,"Arlington Gardens, Milwaukee, WI",35472
26093740900,"Brighton, MI",35472
23005015000,"Harrison, ME",35472
29095010103,"South Kansas City, Kansas City, MO",35471
18169102900,"La Fontaine, IN",35471
54061011600,"Morgantown, WV",35471
6007002700,"Oroville, CA",35470
17201000101,"Machesney Park, IL",35469
5093010600,"Blytheville, AR",35468
36007013800,"Johnson City, NY",35466
41051002100,"Southeast Portland, Portland, OR",35466
48067950600,"Linden, TX",35465
36101962400,"Corning, NY",35465
6073000900,"University Heights, San Diego, CA",35465
48121021000,"Denton, TX",35465
6037573100,"South Wrigley, Long Beach, CA",35465
6037191204,"Central LA, Los Angeles, CA",35463
6037534201,"South Montebello, Bell Gardens, CA",35463
12031013503,"McGirts Creek, Jacksonville, FL",35463
47037015612,"Nashboro Village, Nashville, TN",35463
1081042005,"Smiths Station, AL",35463
16001001600,"Vistas, Boise, ID",35462
6071003507,"Rialto, CA",35462
20125950200,"Cherryvale, KS",35461
12103022602,"Disston Heights, Saint Petersburg, FL",35461
17113001301,"Bloomington, IL",35460
1117030212,"Birmingham, AL",35459
4013422106,"Fiesta Park Village, Mesa, AZ",35459
48141010324,"Vista Real East, El Paso, TX",35459
4021000318,"Apache Junction, AZ",35459
12011080406,"Fort Lauderdale, FL",35456
17031610300,"Back of the Yards, Chicago, IL",35456
6071001307,"Ontario, CA",35456
36035970300,"Gloversville, NY",35455
6047000303,"Livingston, CA",35455
6073016504,"El Cajon, CA",35454
51037930100,"Charlotte Court House, VA",35454
51013101602,"Colonial Village, Arlington, VA",35453
47149040600,"Murfreesboro, TN",35453
32003006001,"Las Vegas, NV",35452
45063020507,"Lexington, SC",35452
23003952700,"Crystal, ME",35451
28139950100,"Tiplersville, MS",35451
6037119320,"Panorama City, Los Angeles, CA",35451
34039039200,"Plainfield, NJ",35451
18119955900,"Spencer, IN",35451
36081046000,"Queens County, NY",35451
12041950201,"High Springs, FL",35450
4013109101,"Alhambra, Phoenix, AZ",35450
6101050101,"Yuba City, CA",35450
6037541700,"Lynwood, CA",35449
48201250200,"Humble, TX",35449
15007040300,"Kapaa, HI",35449
4021001407,"Casa Grande, AZ",35449
40123089300,"Ada, OK",35448
29133950300,"East Prairie, MO",35448
35001003806,"Twin Pines, Tijeras, NM",35448
15001021601,"Kailua-Kona, HI",35447
48159950200,"Mount Vernon, TX",35446
42055011200,"Chambersburg, PA",35446
47057500100,"Washburn, TN",35445
25005613800,"Taunton, MA",35445
40137000400,"Duncan, OK",35444
18141011301,"South Bend, IN",35444
6037406901,"Bassett, West Puente Valley, CA",35444
5023480202,"Higden, AR",35444
26157000700,"Caro, MI",35444
54021967700,"Glenville, WV",35443
26163583400,"Taylor, MI",35443
48479001101,"Laredo, TX",35441
17031840700,"Little Village, Chicago, IL",35441
29095010702,"East Side, Kansas City, MO",35441
26163566800,"Wayne, MI",35440
9011702500,"Groton, Groton, CT",35439
48113015202,"Garden Oaks, Irving, TX",35438
6077005405,"Tracy, CA",35437
26049011508,"Burton, MI",35437
21161960300,"Maysville, KY",35437
51111930200,"Keysville, VA",35437
6065042518,"Moreno Valley, CA",35436
18167001000,"Fort Harrison, Terre Haute, IN",35436
6059075002,"Lacy, Santa Ana, CA",35436
26105950800,"Ludington, MI",35436
21117064200,"Erlanger, KY",35436
48253020300,"Hamlin, TX",35436
51121020900,"Christiansburg, VA",35436
47179061500,"Johnson City, TN",35435
12061050601,"Vero Beach, FL",35435
12099005933,"Villages of Oriole, Delray Beach, FL",35435
36047117202,"Kings County, NY",35434
45001950200,"Due West, SC",35434
48025950300,"Beeville, TX",35434
26049012503,"Clio, MI",35434
6067009504,"Galt, CA",35434
26115832000,"Monroe, MI",35433
26087337000,"Lapeer, MI",35433
48049950200,"Brownwood, TX",35432
5125010503,"Haskell, AR",35432
6071006100,"Del Rosa, San Bernardino, CA",35431
37119003805,"Eagle Lake, Charlotte, NC",35430
45045002301,"Greenville, SC",35430
36025971000,"Hobart, NY",35429
6037573003,"Wrigley, Long Beach, CA",35429
47141001300,"Cookeville, TN",35428
8031004603,"Harvey Park, Denver, CO",35428
5113950400,"Mena, AR",35428
36005042902,"Bronx County, NY",35427
25015821601,"Northampton, MA",35427
32003004100,"North Las Vegas, NV",35427
12086011008,"Homestead, FL",35427
32003003307,"Las Vegas, NV",35427
37193961200,"Wilkesboro, NC",35427
37151031503,"Archdale, NC",35427
6037296600,"San Pedro, Los Angeles, CA",35426
50005957900,"Saint Johnsbury, VT",35426
6073002702,"El Cerrito, San Diego, CA",35425
55101001002,"Racine, WI",35424
17121951800,"Sandoval, IL",35424
13069010200,"Douglas, GA",35424
51191010501,"Abingdon, VA",35424
26025000900,"Battle Creek, MI",35423
37151030900,"Ramseur, NC",35423
6037216700,"Central LA, Los Angeles, CA",35422
47085130100,"McEwen, TN",35422
30063000800,"River Road, Missoula, MT",35422
30067000300,"Livingston, MT",35422
53045960200,"Shelton, WA",35422
21085950300,"Leitchfield, KY",35421
22051026000,"Harvey, LA",35421
34021000200,"Chestnut Park, Trenton, NJ",35421
48309003802,"Moody, TX",35421
32003002948,"Las Vegas, NV",35419
47099960502,"Lawrenceburg, TN",35418
12011020210,"Margate, FL",35418
48137950300,"Rocksprings, TX",35417
2090000700,"Fairbanks, AK",35417
48293970600,"Groesbeck, TX",35417
39167020200,"Belpre, OH",35416
37149920301,"Columbus, NC",35415
4013422301,"Mesa, AZ",35415
17031200401,"Hermosa, Chicago, IL",35415
12086013600,"Hialeah, FL",35414
51025930100,"Alberta, VA",35414
48215024204,"Palmview, TX",35414
26009960400,"Bellaire, MI",35413
30085940001,"Wolf Point, MT",35412
9001072000,"Brooklawn - St. Vincent, Bridgeport, CT",35412
25013800101,"Indian Orchard, Springfield, MA",35412
51700031701,"Central Newport News, Newport News, VA",35412
8101000902,"Belmont, Pueblo, CO",35412
40131050101,"Claremore, OK",35411
26163565300,"Westland, MI",35410
48485013501,"Burkburnett, TX",35409
48471790102,"Huntsville, TX",35409
53053062600,"South Tacoma, Tacoma, WA",35408
32003005827,"Sloan, NV",35407
20111000300,"Emporia, KS",35406
39145003000,"Portsmouth, OH",35406
23003951800,"Presque Isle, ME",35406
53033030313,"Federal Way, WA",35405
20209043400,"Argentine, Kansas City, KS",35405
51003011400,"Esmont, VA",35405
6037910714,"Palmdale, CA",35405
39047926200,"Washington Court House, OH",35405
6095251100,"Vallejo, CA",35405
47117955100,"Lewisburg, TN",35404
20173004300,"Wichita, KS",35404
42003070500,"Shadyside, Pittsburgh, PA",35404
32003001300,"Mayfair, Las Vegas, NV",35404
4021000211,"Queen Creek, AZ",35404
37123960300,"Troy, NC",35402
39095005000,"East Toledo, Toledo, OH",35402
12115002509,"Venice, FL",35402
11001001804,"Brightwood, Washington, DC",35401
12111382113,"Port St. Lucie, FL",35400
10001043100,"Harrington, DE",35400
8077001706,"Clifton, CO",35399
25027754300,"Webster, MA",35399
1031010300,"Enterprise, AL",35398
6095251600,"Vallejo, CA",35398
13133950302,"Greensboro, GA",35398
48113017301,"Spring Oaks, Balch Springs, TX",35398
37133000201,"Richlands, NC",35398
30013001600,"Great Falls, MT",35397
36027220901,"Poughkeepsie, NY",35397
6045011001,"Albion, CA",35397
19007950300,"Centerville, IA",35397
29007950200,"Rush Hill, MO",35396
21151010102,"Richmond, KY",35396
37021002605,"Leicester, NC",35396
48355002101,"Bay Area, Corpus Christi, TX",35396
39009973000,"Athens, OH",35396
6067001200,"Central Sacramento, Sacramento, CA",35396
20173008200,"El Pueblo, Wichita, KS",35395
42003180700,"Mount Washington, Pittsburgh, PA",35395
33005971100,"Keene, NH",35395
12127090203,"Leona Park, De Leon Springs, FL",35394
41039004600,"Friendly, Eugene, OR",35394
36005041500,"Bronx County, NY",35393
17101880800,"Sumner, IL",35393
48029120701,"Uptown, San Antonio, TX",35392
48307950300,"Brady, TX",35392
22069000900,"Melrose, LA",35391
6073017900,"Carlsbad, CA",35391
6071003900,"Rialto, CA",35390
51149850301,"Prince George, VA",35390
13313000302,"Dalton, GA",35390
6037461902,"Pasadena, CA",35390
4013619400,"Aloma Vista, Phoenix, AZ",35390
41047010304,"Woodburn, OR",35390
37127011500,"Middlesex, NC",35389
13287970300,"Sycamore, GA",35389
32003004924,"Winterwood, Las Vegas, NV",35389
37145920601,"Roxboro, NC",35388
12111380800,"Fort Pierce, FL",35387
50025968600,"Brattleboro, VT",35387
2170000102,"Talkeetna, AK",35386
12099007301,"Boca Raton, FL",35386
45013002202,"Bluffton, SC",35386
40115574600,"Miami, OK",35385
41039002504,"Bethel-Danebo, Eugene, OR",35385
21169960100,"Edmonton, KY",35384
21195930800,"Jenkins, KY",35384
48213951100,"Malakoff, TX",35383
5119003404,"Cabot, AR",35383
28059040201,"Vancleave, MS",35383
36077591500,"Morris, NY",35381
4019004310,"Tucson, AZ",35381
22105953900,"Hammond, LA",35381
28033070812,"Olive Branch, MS",35380
36047047600,"Kings County, NY",35380
37071030402,"Dallas, NC",35379
4013111300,"Camelback East Village, Phoenix, AZ",35377
25025010203,"Fenway/Kenmore, Boston, MA",35377
28077960200,"Monticello, MS",35377
42129805200,"Monessen, PA",35376
1093964300,"Hamilton, AL",35375
41005022108,"Clackamas, OR",35375
23017965500,"Rumford, Rumford, ME",35373
45083022700,"Inman, SC",35372
6065041408,"La Sierra, Riverside, CA",35372
47157021124,"Shelby County, TN",35370
6037570203,"North Long Beach, Long Beach, CA",35370
41039000707,"Florence, OR",35370
45013002106,"Bluffton, SC",35370
51139030100,"Luray, VA",35370
12117021802,"Altamonte Springs, FL",35369
4013082012,"Maryvale Village, Phoenix, AZ",35369
6037555211,"Hawaiian Gardens, CA",35369
36053940300,"Canastota, NY",35368
26023951100,"Coldwater, MI",35368
48315950400,"Jefferson, TX",35368
29209090601,"Branson West, MO",35368
22105954501,"Hammond, LA",35367
42049010202,"Girard, PA",35367
25005642100,"Fall River, MA",35365
1097003707,"Malibar Heights, Mobile, AL",35364
19113001800,"Mound View, Cedar Rapids, IA",35364
12011060505,"Plantation, FL",35364
12095016802,"Southeast Orlando, Orlando, FL",35364
28071950301,"Oxford, MS",35364
1123962502,"Dadeville, AL",35363
55075960200,"Dunbar, WI",35362
37199960300,"Burnsville, NC",35362
26081014200,"Grand Rapids, MI",35361
36005023600,"Bronx County, NY",35361
12073000800,"Glenview-Pinegrove, Tallahassee, FL",35361
8069000201,"Old Town West, Fort Collins, CO",35360
36005000400,"Bronx County, NY",35360
48453002429,"Austin, TX",35359
37055970200,"Kill Devil Hills, NC",35359
48439104803,"Rosemont, Fort Worth, TX",35359
12105012111,"Lakeland, FL",35358
4013422103,"Mesa, AZ",35357
29065960100,"Salem, MO",35357
24045010101,"Salisbury, MD",35357
42077000101,"Allentown, PA",35355
48187210706,"Northeast Side, Schertz, TX",35355
36031961300,"Schroon Lake, NY",35355
26157001000,"Mayville, MI",35352
12057014008,"Sun City Center, FL",35352
4013319705,"Kyrene-Superstition, Tempe, AZ",35352
48355002704,"Bay Area, Corpus Christi, TX",35350
12009071334,"Palm Bay, FL",35350
51810046220,"Virginia Beach, VA",35349
1117030337,"Shelby County, AL",35349
36013035100,"Silver Creek, NY",35349
4013618800,"Deer Valley, Phoenix, AZ",35348
5009790400,"Harrison, AR",35348
6037402600,"Westmont, Pomona, CA",35348
6029002301,"Oakridge, Bakersfield, CA",35347
50005957700,"Hardwick, VT",35346
47167040601,"Covington, TN",35346
6037554204,"Bellflower, CA",35346
36063022000,"Niagara Falls, NY",35346
4027000907,"Ponderosa Valley Estates, Yuma, AZ",35345
32003003429,"Las Vegas, NV",35345
6067004904,"Parkway Estates, Sacramento, CA",35345
40147000400,"Bartlesville, OK",35344
35061971000,"Belen, NM",35344
54105030102,"Elizabeth, WV",35344
12103025108,"Saint Petersburg, FL",35344
47113001401,"Jackson, TN",35344
8005081100,"City Center, Aurora, CO",35343
11001002702,"Mount Pleasant, Washington, DC",35342
51810042600,"North Central, Virginia Beach, VA",35341
36111954900,"Saugerties, NY",35341
1043964700,"Cullman, AL",35340
40113940002,"Pawhuska, OK",35339
33017084300,"Rochester, NH",35339
37081015402,"Greensboro, NC",35339
12101031408,"New Port Richey, FL",35339
48215023903,"Edinburg, TX",35339
6037930301,"Azusa, CA",35338
6019007003,"Selma, CA",35337
6099003904,"Turlock, CA",35336
4013217201,"Civic Center Mall, Scottsdale, AZ",35336
51800075502,"Suffolk, VA",35336
32510000600,"Carson City, NV",35336
51195931500,"Coeburn, VA",35335
51117930300,"South Hill, VA",35335
5073470200,"Lewisville, AR",35335
12071010404,"Hancock, Cape Coral, FL",35335
39049009383,"Elmbrook Village, Reynoldsburg, OH",35335
17031031800,"Uptown, Chicago, IL",35335
55133202700,"Waukesha, WI",35334
45035010100,"Saint George, SC",35334
5079960300,"Lincoln County, AR",35333
26099218000,"New Haven, MI",35332
48113013901,"Farmers Branch, TX",35332
24011955100,"Greensboro, MD",35332
37135011102,"Hillsborough, NC",35331
6037209510,"Central LA, Los Angeles, CA",35330
25025040200,"Charlestown, Boston, MA",35330
39049009600,"Grove City, OH",35330
48027020600,"Temple, TX",35330
12115001704,"Sarasota, FL",35329
6037542104,"East Compton, CA",35329
17163501700,"Belleville, IL",35328
26125161300,"Southfield, MI",35328
48041000300,"Wood Knoll, Bryan, TX",35328
45015020301,"Bonneau, SC",35327
13039010301,"Kingsland, GA",35327
54039013400,"Saint Albans, WV",35327
53077002102,"Granger, WA",35327
29149480300,"Thayer, MO",35325
48061013500,"Mitte Cultural District, Brownsville, TX",35325
26163552300,"Hamtramck, MI",35325
4013112508,"Estrella Village, Phoenix, AZ",35325
48061010201,"Harlingen, TX",35325
18097360405,"Warren, Indianapolis, IN",35324
44003021501,"Warwick, RI",35324
28033070721,"Olive Branch, MS",35324
35049001303,"Santa Fe, NM",35323
51137110102,"Unionville, VA",35323
55073000602,"Wausau, WI",35323
26163554100,"Redford Charter Township, MI",35323
26065007000,"Lansing, MI",35323
48185180102,"Plantersville, TX",35323
37063002028,"Durham, NC",35322
42069101100,"Scranton, PA",35322
37071031101,"Mount Holly, NC",35321
6071002109,"Ontario, CA",35321
6037573201,"Poly High, Long Beach, CA",35321
26163583300,"Taylor, MI",35321
29079960300,"Trenton, MO",35321
22031950400,"Mansfield, LA",35320
6029000200,"Bakersfield, CA",35320
48215022001,"San Juan, TX",35320
18035002401,"Yorktown, IN",35319
27013170600,"Washington Park, Mankato, MN",35319
13241970301,"Tiger, GA",35318
53053062500,"South End, Tacoma, WA",35318
42101000801,"Center City, Philadelphia, PA",35318
36059414202,"Freeport, NY",35318
36107020200,"Candor, NY",35318
19103001600,"Longfellow, Iowa City, IA",35318
51173030301,"Marion, VA",35317
37141920201,"Hampstead, NC",35316
13321950100,"Oakfield, GA",35316
6037530902,"Los Angeles, CA",35316
34003023501,"Hackensack, NJ",35316
47063101100,"Talbott, TN",35316
31055002700,"CPL Inc, Omaha, NE",35315
54065970800,"Berkeley Springs, WV",35315
18077966100,"Madison, IN",35315
29189216900,"Maplewood, MO",35315
5149952401,"Belleville, AR",35315
23003951100,"Mapleton, ME",35315
6037106114,"Sylmar, San Fernando, CA",35315
36003951300,"Fillmore, NY",35314
48049951000,"Brownwood, TX",35314
8109977700,"Center, CO",35313
6065045110,"La Quinta, CA",35313
37151031000,"Ramseur, NC",35311
36035970500,"Saint Johnsville, NY",35310
6071010421,"Twentynine Palms, CA",35310
6083000900,"Laguna, Santa Barbara, CA",35310
47157020222,"Millington, TN",35310
5041950100,"Watson, AR",35309
51135000200,"Crewe, VA",35309
50007002400,"Winooski, VT",35309
48303001602,"Maxey Park, Lubbock, TX",35308
53077940001,"Wapato, WA",35307
45073030702,"Seneca, SC",35307
6037602104,"Hawthorne, CA",35306
19033950200,"Mason City, IA",35306
6067007402,"Larchmont Village, North Highlands, CA",35306
23003950400,"Saint Agatha, ME",35306
12095015003,"Ocoee, FL",35305
21159950200,"Debord, KY",35305
29065960400,"Salem, MO",35305
21089040400,"Greenup, KY",35305
40089098200,"Broken Bow, OK",35304
31109002100,"South Salt Creek, Lincoln, NE",35304
29179380100,"Centerville, MO",35304
12019030104,"Middleburg, FL",35304
23015975200,"Waldoboro, ME",35304
28057950500,"Fulton, MS",35303
18075963000,"Portland, IN",35303
32023960401,"Pahrump, NV",35303
41051010001,"City Central, Gresham, OR",35302
33007951000,"Jefferson, NH",35302
37119005522,"Prosperity Church Road, Charlotte, NC",35301
45047970701,"Ninety Six, SC",35300
13071970500,"Moultrie, GA",35299
17097862200,"Waukegan, IL",35298
42045406700,"Linwood, PA",35298
12103022700,"Disston Heights, Saint Petersburg, FL",35296
5145070402,"Searcy, AR",35295
42079217400,"Hazleton, PA",35294
48227950500,"Big Spring, TX",35294
17045070400,"Paris, IL",35293
17031840800,"Little Village, Chicago, IL",35292
48303002202,"Lubbock, TX",35292
12011070601,"Davie, FL",35291
23009966300,"Blue Hill, ME",35291
21121930200,"Girdler, KY",35290
29225470301,"Rogersville, MO",35290
6037123010,"Sun Valley, Los Angeles, CA",35290
54039011500,"Belle, WV",35290
18107957200,"Crawfordsville, IN",35290
48201233103,"Northeast Houston, Houston, TX",35290
32510001001,"Carson City, NV",35289
8013013602,"Lyons, CO",35289
47093005000,"Knoxville, TN",35289
26117970800,"Sidney, MI",35289
39049006921,"Salem Village, Columbus, OH",35288
12115001505,"Sarasota, FL",35288
13187960101,"Dahlonega, GA",35288
19155030602,"Council Bluffs, IA",35288
27123031702,"Greater East Side, Saint Paul, MN",35288
22051025104,"Gretna, LA",35287
26029000400,"Charlevoix, MI",35287
42051261700,"Uniontown, PA",35286
34013010200,"East Orange, NJ",35286
28037950100,"Meadville, MS",35286
18177000400,"Richmond, IN",35286
55023960100,"Soldiers Grove, WI",35285
37027030600,"Hudson, NC",35285
29169470102,"Crocker, MO",35285
18157001200,"Lafayette, IN",35284
1097005900,"Chunchula, AL",35283
19153002100,"Fairground, Des Moines, IA",35283
12103026500,"Clearwater, FL",35283
6037211910,"Central LA, Los Angeles, CA",35282
53015000601,"Olympic West, Longview, WA",35282
18039002400,"Elkhart, IN",35282
36105952500,"Glen Spey, NY",35281
39113002800,"Eastmont, Dayton, OH",35281
8123001003,"Greeley, CO",35280
6047002302,"Los Banos, CA",35280
6059074408,"Tustin, CA",35280
12127091001,"Lake Helen, FL",35279
22103040705,"Slidell, LA",35279
42033330700,"Frenchville, PA",35279
26029000100,"Elmira, MI",35277
33019975500,"Lempster, NH",35277
47065010307,"Soddy-Daisy, TN",35277
36081004700,"Queens County, NY",35276
6095251200,"Vallejo, CA",35275
51171040201,"Mount Jackson, VA",35275
10003001200,"Forty Acres, Wilmington, DE",35275
2122001000,"Homer, AK",35275
36013030800,"Jamestown, NY",35275
26161410300,"Normal Park, Ypsilanti, MI",35275
39155933500,"Newton Falls, OH",35274
40111000700,"Morris, OK",35273
8043979000,"Cotopaxi, CO",35273
12015020303,"Port Charlotte, FL",35273
40121485900,"McAlester, OK",35272
21081920300,"Williamstown, KY",35272
13055010100,"Summerville, GA",35272
4013422105,"Fiesta Park Village, Mesa, AZ",35271
29001950400,"Kirksville, MO",35271
26165380500,"Cadillac, MI",35270
44007016000,"Pawtucket, RI",35270
41047001100,"Morningside, Salem, OR",35269
41047002101,"Faye Wright, Salem, OR",35269
4015951401,"Bullhead City, AZ",35269
26069000200,"East Tawas, MI",35269
53063001100,"Northwest Spokane, Spokane, WA",35268
42049010103,"Albion, PA",35268
26075006803,"Brooklyn, MI",35268
19099040500,"Newton, IA",35267
36005007000,"Bronx County, NY",35267
8041001400,"Old Colorado City, Colorado Springs, CO",35267
21199930700,"Somerset, KY",35266
6037501001,"Whittier, CA",35266
32003003104,"Las Vegas, NV",35266
6037552200,"Norwalk, CA",35265
48141000101,"Northeast El Paso, El Paso, TX",35265
4021001306,"Casa Grande, AZ",35264
37109070600,"Vale, NC",35264
4013217501,"Imperial Manor, Scottsdale, AZ",35264
10001041500,"Dover, DE",35264
45007001000,"Anderson, SC",35264
40143008501,"Tulsa, OK",35263
23011024101,"Waterville, ME",35263
27131070902,"Faribault, MN",35263
12019031104,"Melrose, FL",35262
39153507101,"Northwest Akron, Akron, OH",35262
48355005601,"Robstown, TX",35262
12095013603,"Southeast Orlando, Orlando, FL",35262
25009206500,"Lynn, MA",35262
17167001100,"Oaks, Springfield, IL",35261
36113071000,"Lake Luzerne, NY",35261
6037199110,"Montecito Heights, Los Angeles, CA",35261
40101000900,"Muskogee, OK",35260
45007010600,"Pendleton, SC",35260
51710001700,"Talbot Park, Norfolk, VA",35260
48141001114,"Crestmont, El Paso, TX",35259
6037221602,"Central LA, Los Angeles, CA",35259
12103027105,"Dunedin, FL",35259
48215022201,"Donna, TX",35259
27009021200,"St. Cloud, MN",35258
6071025000,"Fort Irwin, CA",35256
17073030800,"Kewanee, IL",35256
39155932702,"Niles, OH",35255
6037553902,"Paramount, CA",35254
12103024408,"Saint Petersburg, FL",35253
1127020700,"Jasper, AL",35253
12033003613,"Cantonment, FL",35253
42003484300,"Munhall, PA",35253
36119000201,"Ludlow, Yonkers, NY",35253
26021021000,"Niles, MI",35252
32003002845,"Silverado Ranch, Las Vegas, NV",35252
6037543905,"Carson, CA",35251
48051970400,"Snook, TX",35251
12127082902,"Corbin Park, New Smyrna Beach, FL",35251
30047940600,"Saint Ignatius, MT",35250
54039013100,"Charleston, WV",35250
6029004800,"Delano, CA",35250
6073011700,"National City, CA",35250
19033950102,"Mason City, IA",35248
1051030400,"Tallassee, AL",35248
36055006000,"Culver-Winton-Main, Rochester, NY",35248
48113014701,"Beverly Oaks, Irving, TX",35248
21209040501,"Stamping Ground, KY",35248
28059040500,"Ocean Springs, MS",35247
12063210500,"Marianna, FL",35246
37031970304,"Beaufort, NC",35246
36047036200,"Kings County, NY",35245
12099004818,"Greenacres, FL",35244
35049001105,"Santa Fe, NM",35244
4025002003,"Cottonwood, AZ",35244
6037275500,"Culver City, CA",35243
29221460500,"Potosi, MO",35241
48231961503,"Quinlan, TX",35241
21227011800,"Bowling Green, KY",35241
37035010401,"Hickory, NC",35239
15003009507,"Schofield Barracks, HI",35238
37087921301,"Waynesville, NC",35237
13091960200,"Eastman, GA",35237
26163573600,"Dearborn, MI",35237
39061021702,"Cincinnati, OH",35236
11001001803,"Brightwood, Washington, DC",35236
54005958400,"Danville, WV",35236
1015000900,"Anniston, AL",35236
19007950500,"Cincinnati, IA",35235
13223120501,"Hiram, GA",35235
1015002501,"Alexandria, AL",35235
9011696700,"Westside Norwich, Norwich, CT",35235
48141000107,"Northeast El Paso, El Paso, TX",35234
42033330600,"Clearfield, PA",35234
13059150300,"Athens, GA",35234
48061010302,"La Feria, TX",35234
17029000300,"Mattoon, IL",35233
13117130205,"Cumming, GA",35232
6037127803,"Van Nuys, Los Angeles, CA",35232
6065045212,"Indio, CA",35232
26141950400,"Onaway, MI",35232
51760041200,"Oregon Hill, Richmond, VA",35231
13131950200,"Whigham, GA",35231
29187951100,"Desloge, MO",35231
17031410200,"Hyde Park, Chicago, IL",35230
6019003600,"Fresno, CA",35230
22067950700,"Collinston, LA",35230
13137000201,"Demorest, GA",35230
20111000100,"Emporia, KS",35229
24510130804,"Hampden, Baltimore, MD",35229
51019030605,"Montvale, VA",35228
12011010200,"Deerfield Beach, FL",35228
48141010203,"Anthony, TX",35227
6037208801,"Central LA, Los Angeles, CA",35227
36085001100,"Richmond County, NY",35226
5085020302,"Lonoke, AR",35226
6067004701,"Florin Center West, Sacramento, CA",35226
39015951600,"Aberdeen, OH",35225
13107970500,"Adrian, GA",35225
47145030700,"Harriman, TN",35225
15001020500,"Hilo, HI",35224
9007541700,"Middletown, CT",35224
36071015100,"Middletown, NY",35224
36081026600,"Queens County, NY",35224
26045020901,"Charlotte, MI",35224
36085004000,"Richmond County, NY",35224
37125950802,"Southern Pines, NC",35223
39105964300,"Rutland, OH",35223
36047047200,"Kings County, NY",35223
42119090700,"Lewisburg, PA",35223
36059407501,"Uniondale, NY",35223
47053966700,"Trenton, TN",35223
40071001301,"Blackwell, OK",35222
48141010405,"Socorro, TX",35222
47141000200,"Cookeville, TN",35222
36019102100,"Plattsburgh, NY",35222
32003003615,"North Las Vegas, NV",35222
48351950300,"Call, TX",35221
45021970601,"Gaffney, SC",35220
48201310100,"Greater East End, Houston, TX",35220
28141950300,"Iuka, MS",35219
9011690700,"New London, CT",35219
12035060209,"Palm Coast, FL",35219
55087010100,"Downtown, Appleton, WI",35218
37067002904,"Germanton, NC",35217
47047060404,"Oakland, TN",35217
21195930100,"Pikeville, KY",35216
6071004101,"Muscoy, CA",35216
51710002800,"Colonial Place, Norfolk, VA",35215
12071050104,"Estero, FL",35214
36081018000,"Queens County, NY",35214
41045970300,"Ontario, OR",35213
12057012303,"Brandon, FL",35213
41039000702,"Florence, OR",35212
2020000201,"Eagle River, Anchorage, AK",35212
6037603802,"Lawndale, CA",35211
26105950700,"Fountain, MI",35211
6037433305,"El Monte, CA",35210
17031813801,"Cicero, IL",35210
29119070100,"Powell, MO",35210
26055550600,"Traverse City, MI",35209
2130000400,"Ketchikan, AK",35209
17031813301,"Cicero, IL",35208
6013367100,"Fairmede - Hilltop, Richmond, CA",35208
29103960100,"Knox County, MO",35207
8101003103,"Pueblo, CO",35207
35049010311,"Edgewood, NM",35207
4025002004,"Cottonwood, AZ",35207
1067030600,"Columbia, AL",35206
12086009315,"Hialeah, FL",35206
15001021702,"Waimea, HI",35205
10005050302,"Bridgeville, DE",35204
4003000700,"Douglas, AZ",35204
37013930200,"Washington, NC",35203
32023960404,"Pahrump, NV",35203
40031002200,"Lawton, OK",35202
10003015900,"New Castle, DE",35202
17031300900,"Marshall Square, Chicago, IL",35202
48245000400,"Beaumont, TX",35202
37049961001,"New Bern, NC",35202
6073018100,"South Oceanside, Oceanside, CA",35201
45015020503,"Moncks Corner, SC",35201
1049961400,"Valley Head, AL",35200
54003971202,"Hedgesville, WV",35200
17119401300,"East Alton, IL",35199
28033070830,"Olive Branch, MS",35199
42043023400,"Harrisburg, PA",35199
47011011500,"Cleveland, TN",35198
30071060200,"Malta, MT",35198
37001021300,"Mebane, NC",35197
12099007732,"Boca Raton, FL",35197
1083020201,"Athens, AL",35196
24510270702,"Harford - Echodale - Perring Parkway, Baltimore, MD",35196
48201533701,"Houston, TX",35196
1015002400,"Jacksonville, AL",35195
6029005802,"Rosamond, CA",35194
48355003203,"South Side, Corpus Christi, TX",35194
12113010704,"Milton, FL",35194
23031006102,"Old Orchard Beach, ME",35194
22071002504,"Gentilly, New Orleans, LA",35193
39035140400,"Cleveland Heights, OH",35193
13045910200,"Temple, GA",35193
9003416700,"New Britain, CT",35193
6065044602,"Ruth Hardy Park, Palm Springs, CA",35193
21073070100,"Frankfort, KY",35193
13221960300,"Stephens, GA",35192
25009206100,"Lynn, MA",35192
12011050206,"Pompano Beach, FL",35191
29119070200,"Anderson, MO",35191
13019970300,"Nashville, GA",35190
45071950202,"Newberry, SC",35190
37101041400,"Benson, NC",35189
25013812002,"Holyoke, MA",35188
11001002400,"Northwest Washington, Washington, DC",35188
42093050300,"Danville, PA",35188
54041967500,"Weston, WV",35188
21089040600,"South Shore, KY",35187
48029152201,"San Antonio, TX",35187
6037434001,"El Monte, CA",35187
4013092715,"Glendale, AZ",35187
18067001100,"Kokomo, IN",35187
54087962900,"Gandeeville, WV",35187
6037191420,"Central LA, Los Angeles, CA",35187
6037104810,"Pacoima, Los Angeles, CA",35187
37071030102,"Mount Holly, NC",35187
17031220702,"Logan Square, Chicago, IL",35187
4013523104,"Chandler, AZ",35186
6037532700,"South Los Angeles, Los Angeles, CA",35186
50027966200,"Cavendish, VT",35186
17157950600,"Sparta, IL",35186
24039930300,"Westover, MD",35186
42001031502,"Gettysburg, PA",35185
21111012408,"Louisville, KY",35185
6013336101,"Monument Corridor, Concord, CA",35185
6037602004,"Inglewood, CA",35184
26125145900,"Waterford Township, MI",35184
48439100900,"North Side, Fort Worth, TX",35184
48181000902,"Sherman, TX",35183
53053071805,"Tacoma, WA",35183
37125950701,"Pinehurst, NC",35183
39151714400,"Massillon, OH",35182
21029020701,"Shepherdsville, KY",35182
39095000300,"Five Points, Toledo, OH",35182
48479001809,"Laredo, TX",35182
42043021700,"Harrisburg, PA",35181
49005001002,"Logan, UT",35181
34011020400,"Bridgeton, NJ",35180
12101030303,"Flor-a-mar, New Port Richey, FL",35180
45013000503,"Beaufort, SC",35180
4013217204,"Adobe Villas, Scottsdale, AZ",35179
48141010346,"Socorro, TX",35178
55117011400,"Ellis Historical District, Sheboygan, WI",35178
37097061202,"Troutman, NC",35177
54025950100,"White Sulphur Springs, WV",35177
47023970200,"Henderson, TN",35177
41015950302,"Brookings, OR",35177
26161405500,"Mitchell, Ann Arbor, MI",35175
47099960100,"Summertown, TN",35175
36109001600,"Trumansburg, NY",35175
2020000102,"Chugiak, Anchorage, AK",35174
48201510600,"Washington Ave./ Memorial Park, Houston, TX",35174
34027043500,"Morristown, NJ",35174
5125010507,"Benton, AR",35173
5085020800,"England, AR",35173
20209041600,"Kensington, Kansas City, KS",35173
37169070700,"Walnut Cove, NC",35173
48147950500,"Honey Grove, TX",35172
21011970100,"Sharpsburg, KY",35172
42009960500,"Everett, PA",35172
28047003504,"Gulfport, MS",35171
48237950300,"Jacksboro, TX",35170
12111381503,"Port St. Lucie, FL",35170
37045951602,"Grover, NC",35170
48039664200,"Freeport, TX",35170
13295020501,"Chickamauga, GA",35169
21219950300,"Guthrie, KY",35169
36007001400,"Binghamton, NY",35169
36005022403,"Bronx County, NY",35168
48113014133,"Irving, TX",35168
41065970600,"The Dalles, OR",35168
34029715402,"Lakewood, Lakewood Township, NJ",35168
6059063702,"Downtown, Costa Mesa, CA",35168
39017012100,"Middletown, OH",35167
32019960301,"Mound House, NV",35167
39099810800,"Struthers, OH",35167
36013037400,"Kennedy, NY",35167
15003009801,"Waianae, HI",35167
13033950500,"Waynesboro, GA",35167
12099004702,"Lake Worth, FL",35166
48209010908,"Buda, TX",35166
36081017400,"Queens County, NY",35166
6001437702,"Harder - Tennyson, Hayward, CA",35165
26161405100,"Bryant Pattengill East, Ann Arbor, MI",35164
26161400500,"Ann Arbor, MI",35164
26163588100,"Van Buren Charter Township, MI",35163
39045030100,"Millersport, OH",35163
51087200412,"Henrico, VA",35163
13059130600,"Athens, GA",35162
54019020400,"Scarbro, WV",35162
39015951900,"Hamersville, OH",35162
6037292000,"Harbor, Torrance, CA",35162
26121003600,"Twin Lake, MI",35162
36005030200,"Bronx County, NY",35160
36047033500,"Kings County, NY",35160
17037001002,"DeKalb, IL",35159
36013036300,"Portland, NY",35158
51191010100,"Bristol, VA",35158
8031001301,"West, Denver, CO",35158
6041106001,"San Rafael, CA",35157
6037191810,"Central LA, Los Angeles, CA",35157
6075061400,"Potrero Hill, San Francisco, CA",35157
45003020902,"Beech Island, SC",35157
36089491400,"Ogdensburg, NY",35156
6037104821,"Arleta, Los Angeles, CA",35156
29077000300,"Phelps, Springfield, MO",35155
12103024412,"Saint Petersburg, FL",35155
32003005343,"Highland Hills, Henderson, NV",35155
29053950200,"Boonville, MO",35154
48007950400,"Rockport, TX",35154
41031960202,"Madras, OR",35154
17057953800,"Lewistown, IL",35153
13011970100,"Alto, GA",35153
38035010600,"Grand Forks, ND",35153
18163003300,"Evansville, IN",35153
17031310900,"Heart of Chicago, Chicago, IL",35153
26081014300,"Kelloggsville, Grand Rapids, MI",35151
29097011800,"Carthage, MO",35150
48141010337,"Americas, El Paso, TX",35150
24029950400,"Chestertown, MD",35150
55079005000,"Sunset Heights, Milwaukee, WI",35150
47003950200,"Shelbyville, TN",35149
12031015926,"Baymeadows, Jacksonville, FL",35149
29195090100,"Slater, MO",35149
47033961100,"Alamo, TN",35148
15003003900,"Downtown, Honolulu, HI",35146
48469000602,"Victoria, TX",35146
6067005508,"Sacramento, CA",35146
4025000802,"Prescott, AZ",35146
37151031200,"Liberty, NC",35146
4007000900,"Miami, AZ",35146
48439106512,"Fort Worth, TX",35145
48029192100,"Downtown, San Antonio, TX",35145
47065011311,"Ooltewah, TN",35144
12095016301,"Winter Park, FL",35144
47077975500,"Reagan, TN",35144
27137001800,"Observation Hill, Duluth, MN",35142
54039013200,"South Charleston, WV",35142
16087970300,"Weiser, ID",35142
46023940200,"Lake Andes, SD",35140
48083950700,"Santa Anna, TX",35140
16027021001,"Caldwell, ID",35140
17165955900,"Harrisburg, IL",35139
6097151402,"Santa Rosa, CA",35139
12105013102,"Auburndale, FL",35138
47149041402,"Murfreesboro, TN",35138
29187950400,"Park Hills, MO",35138
48215021404,"Pharr, TX",35138
48089750100,"Eagle Lake, TX",35137
40101001500,"Warner, OK",35136
12055960502,"Sebring, FL",35136
6071009108,"Phelan, CA",35136
47141000600,"Cookeville, TN",35136
51041100805,"Richmond, VA",35136
1007010003,"Centreville, AL",35136
35001001101,"Albuquerque, NM",35135
34031181000,"Paterson, NJ",35135
25025061200,"D Street / West Broadway, Boston, MA",35135
6095251702,"Vallejo, CA",35134
4001970300,"Saint Johns, AZ",35134
26101000800,"Manistee, MI",35133
8007974300,"Pagosa Springs, CO",35133
49035113305,"West Valley City, UT",35133
18097380200,"Perry Township, Indianapolis, IN",35133
54011010400,"Barboursville, WV",35132
21141960300,"Russellville, KY",35132
12071001401,"Fort Myers, FL",35132
50027966700,"Springfield, VT",35132
36047105804,"Kings County, NY",35131
39025041600,"New Richmond, OH",35131
6073012401,"Chula Vista, CA",35130
20205097400,"Neodesha, KS",35130
5145071200,"Beebe, AR",35130
19163012602,"Davenport, IA",35130
48201221800,"Westfield Manor, Houston, TX",35130
6073010300,"Imperial Beach, CA",35130
48141010307,"Pico Norte, El Paso, TX",35129
6037275102,"Culver City, CA",35129
13121001202,"Midtown, Atlanta, GA",35128
47013950800,"LaFollette, TN",35128
6067007001,"Gardenland, Sacramento, CA",35127
47037013100,"Scottsboro, Nashville, TN",35127
51027010400,"Grundy, VA",35126
12031013726,"Westside, Jacksonville, FL",35126
41071030702,"McMinnville, OR",35125
6073010106,"Otay Mesa West, San Diego, CA",35125
36021001800,"Columbia County, NY",35124
13255160100,"Griffin, GA",35124
6065048300,"Moreno Valley, CA",35124
6073012102,"National City, CA",35124
48215024114,"Mission, TX",35124
1097000902,"Hannon Park, Mobile, AL",35124
37123960100,"Star, NC",35123
6037602403,"Hawthorne, CA",35123
28003950100,"Corinth, MS",35122
48029181602,"Inner West Side, San Antonio, TX",35122
12117022201,"Winter Park, FL",35122
12091021101,"Niceville, FL",35122
12057012401,"Dover, FL",35122
37149920303,"Saluda, NC",35121
6099000301,"Riverbank, CA",35120
48061014300,"Southmost, Brownsville, TX",35118
54053955000,"Point Pleasant, WV",35118
28059040400,"Ocean Springs, MS",35118
35005000800,"Roswell, NM",35118
12105014203,"Lake Wales, FL",35117
37119001609,"Eastland - Wilora Lake, Charlotte, NC",35117
22049970100,"Eros, LA",35117
4013420709,"Mesa, AZ",35117
6037209520,"Central LA, Los Angeles, CA",35116
5085020301,"Jacksonville, AR",35116
17107953300,"Lincoln, IL",35115
39099812800,"Lake Milton, OH",35115
36103146202,"Central Islip, NY",35115
21061920200,"Sweeden, KY",35115
28059042500,"Pascagoula, MS",35114
48201421500,"Southwest Houston, Houston, TX",35113
12057006900,"South Tampa, Tampa, FL",35113
12091020301,"Crestview, FL",35113
40005587900,"Lane, OK",35112
13315960300,"Pitts, GA",35112
12097040802,"Kissimmee, FL",35112
55025002200,"Sherman, Madison, WI",35112
51107610505,"Leesburg, VA",35111
28059040203,"Vancleave, MS",35111
6037433801,"South El Monte, CA",35110
33019975600,"Charlestown, NH",35110
12101032803,"Zephyrhills Colony Company, Zephyrhills, FL",35109
51175200500,"Newsoms, VA",35109
4021001301,"Casa Grande, AZ",35109
51710006902,"Norfolk, VA",35108
21173920301,"Mount Sterling, KY",35108
6029005003,"Delano, CA",35108
37189920100,"Boone, NC",35107
36033950600,"Malone, NY",35107
37129012201,"Carolina Beach, NC",35107
6007000700,"Chico, CA",35107
39063000500,"Findlay, OH",35106
42083420300,"Bradford, PA",35106
23025966400,"North Anson, Anson, ME",35105
47037019004,"Beverly Heights, Nashville, TN",35105
48141001502,"Rim - University, El Paso, TX",35105
23021960700,"Dover-Foxcroft, Dover-Foxcroft, ME",35105
50011010700,"Saint Albans City, VT",35104
6037134520,"Canoga Park, Los Angeles, CA",35104
6107000900,"Visalia, CA",35104
1089001402,"Huntsville, AL",35103
1001020900,"Prattville, AL",35103
41051010304,"Wood Village, OR",35103
23019000300,"Bangor, ME",35102
49035111400,"South Salt Lake, UT",35100
45007011401,"Belton, SC",35100
48177000400,"Gonzales, TX",35099
26049011901,"Otisville, MI",35099
41039003600,"Laurel Hill, Eugene, OR",35099
13187960201,"Dahlonega, GA",35099
6107000702,"Woodlake, CA",35098
29207470700,"Bernie, MO",35098
18067000800,"Kokomo, IN",35098
39061010600,"Sayler Park, Cincinnati, OH",35098
15003002004,"Honolulu, HI",35097
21109960100,"McKee, KY",35097
22067950100,"Bastrop, LA",35097
12071040126,"Harris, Lehigh Acres, FL",35096
39165030102,"Carlisle, OH",35095
6089011002,"Branstetter, Redding, CA",35095
26163589400,"Belleville, MI",35094
24021772200,"Frederick, MD",35094
29077001302,"Springfield, MO",35093
12003040201,"Sanderson, FL",35093
51800075802,"Suffolk, VA",35092
39133601501,"Kent, OH",35091
6065043003,"Lake Elsinore, CA",35091
47125101700,"Cunningham, TN",35090
12073000301,"Woodland Drives, Tallahassee, FL",35090
45083022007,"Moore, SC",35090
48141004104,"Pendale, El Paso, TX",35089
37183053417,"Bradley Terrace, Apex, NC",35089
9003471300,"Bloomfield, CT",35089
48453002435,"Del Valle, Austin, TX",35089
21229930100,"Willisburg, KY",35089
6073010112,"Nestor, San Diego, CA",35088
41071030802,"McMinnville, OR",35086
51173030400,"Atkins, VA",35086
41071030501,"Sheridan, OR",35086
36047073400,"Kings County, NY",35086
12109021404,"St. Augustine, FL",35086
48029180101,"Inner West Side, San Antonio, TX",35085
9007541100,"Middletown, CT",35085
47009011101,"Maryville, TN",35085
37167930500,"Albemarle, NC",35084
40109108900,"Jones, OK",35083
6059011721,"Placentia, CA",35083
25025040801,"Charlestown, Boston, MA",35082
42051261200,"Brownsville, PA",35081
41039001301,"Cottage Grove, OR",35081
21195931000,"Elkhorn City, KY",35081
37021002204,"Biltmore Park, Asheville, NC",35081
45019004702,"Mount Pleasant, SC",35080
54037972300,"Kearneysville, WV",35079
6073013102,"Chula Vista, CA",35079
6073013204,"Chula Vista, CA",35079
12086010617,"Cutler Bay, FL",35078
17089852904,"Aurora, IL",35078
37119005716,"Marshbrooke, Matthews, NC",35078
6037134710,"Canoga Park, Los Angeles, CA",35076
12105015600,"Lake Wales, FL",35076
36047035200,"Kings County, NY",35076
48445950400,"Brownfield, TX",35076
6111008600,"Hobson Park East, Oxnard, CA",35076
47001021202,"Clinton, TN",35076
19053960200,"Lamoni, IA",35076
41039004100,"Eugene, OR",35076
51810046013,"Virginia Beach, VA",35075
6031000800,"Hanford, CA",35075
4015940501,"Mohave Valley, AZ",35075
54011010800,"Milton, WV",35075
4015950500,"Golden Valley, AZ",35075
6071009904,"Victorville, CA",35074
36081040300,"Queens County, NY",35074
37027031402,"Granite Falls, NC",35074
5011950200,"Warren, AR",35073
6063000100,"Quincy, CA",35073
55085971500,"Rhinelander, WI",35073
6037555212,"Hawaiian Gardens, CA",35073
32003003248,"Summerlin, Las Vegas, NV",35073
48453001863,"Pflugerville, TX",35073
19175190100,"Afton, IA",35073
26077001702,"South Westnedge, Kalamazoo, MI",35072
36047073600,"Kings County, NY",35070
30081000201,"Stevensville, MT",35070
5111490100,"Lepanto, AR",35070
28071950401,"Oxford, MS",35069
54091964900,"Grafton, WV",35069
6065045103,"Rancho Mirage, CA",35067
12113010708,"Pace, FL",35066
45045004001,"Travelers Rest, SC",35065
13051010801,"Bloomingdale, GA",35065
4015953000,"Lake Havasu City, AZ",35065
20059954400,"Ottawa, KS",35065
19193000600,"Sioux City, IA",35064
45073030402,"West Union, SC",35064
48113016622,"Glenn Heights, TX",35064
39103408100,"Medina, OH",35063
37095920100,"Swan Quarter, NC",35062
4009961300,"Safford, AZ",35062
6037602105,"Hawthorne, CA",35062
5093011400,"Gosnell, AR",35062
48453001805,"North Austin, Austin, TX",35061
20037957200,"Pittsburg, KS",35061
42015950300,"Sayre, PA",35061
39047925800,"Bloomingburg, OH",35061
6037602509,"Hawthorne, CA",35060
39155932000,"Youngstown, OH",35060
48121020601,"Denton, TX",35060
36067000400,"Northside, Syracuse, NY",35058
47059091500,"Chuckey, TN",35058
13029920303,"Richmond Hill, GA",35058
42003417200,"Springdale, PA",35058
36013036500,"Westfield, NY",35055
21041950100,"Sanders, KY",35055
29171960200,"Unionville, MO",35055
48465950301,"Del Rio, TX",35054
53053062900,"South Tacoma, Tacoma, WA",35054
13147960300,"Royston, GA",35054
29033960300,"Carrollton, MO",35054
48215020204,"Mission, TX",35053
37163970500,"Salemburg, NC",35053
29097011500,"Joplin, MO",35053
37077970701,"Stem, NC",35053
13017960100,"Fitzgerald, GA",35052
48145000800,"Marlin, TX",35052
6037208000,"Central LA, Los Angeles, CA",35052
48029181727,"Pipers Meadow, San Antonio, TX",35051
53063000600,"Northtown, Spokane, WA",35051
24005492300,"Essex, MD",35050
37001020702,"Burlington, NC",35050
6071001504,"Ontario, CA",35050
37039930200,"Andrews, NC",35050
34013018900,"City of Orange, NJ",35050
6031001401,"Corcoran, CA",35050
26033971100,"Drummond, MI",35049
41043030402,"Sweet Home, OR",35049
13223120302,"Dallas, GA",35049
6037500402,"El Rancho, Pico Rivera, CA",35048
6037599000,"Avalon, CA",35048
18163000100,"Willemette, Evansville, IN",35048
36081079200,"Queens County, NY",35048
48503950200,"Olney, TX",35047
37159051303,"Salisbury, NC",35047
23013971000,"Cushing, ME",35047
6037532302,"South Montebello, Los Angeles, CA",35046
37183053206,"Holly Springs, NC",35046
12127083207,"Port Orange, FL",35046
6067005605,"Arden Manor, Sacramento, CA",35046
53047970800,"Brewster, WA",35046
48201333100,"Southeast Houston, Houston, TX",35046
26077002903,"Kalamazoo, MI",35045
48201521700,"Fairbanks/ Northwest Crossing, Houston, TX",35045
12095013202,"Orlando, FL",35045
25025092200,"Dorchester, Boston, MA",35045
48029120600,"Alamo Heights, San Antonio, TX",35044
20073965700,"Eureka, KS",35043
13051004212,"Windsor Forest, Savannah, GA",35042
20173006900,"Fabrique, Wichita, KS",35042
6111003801,"Kamala Park, Oxnard, CA",35042
28087000401,"Columbus, MS",35041
6037191410,"Central LA, Los Angeles, CA",35041
32005001500,"Gardnerville, NV",35040
47093004607,"Knoxville, TN",35039
12009068200,"Cocoa Isles, Cocoa Beach, FL",35039
1103005600,"Eva, AL",35038
42069100600,"Scranton, PA",35038
26159011300,"Lawrence, MI",35038
16027021901,"Middleton, ID",35038
21045950200,"Liberty, KY",35038
37071030501,"Crouse, NC",35037
48209010303,"San Marcos, TX",35037
24033802203,"Forestville, MD",35036
34005702210,"Burlington County, NJ",35036
29095005100,"Central Hyde Park, Kansas City, MO",35035
37061090200,"Faison, NC",35035
51133020300,"Heathsville, VA",35034
37143920100,"Hertford, NC",35034
48275950100,"Knox City, TX",35033
2170000502,"Wasilla, AK",35033
6079010503,"Morro Bay, CA",35033
13151070403,"Locust Grove, GA",35033
20209044202,"Victory Hills, Kansas City, KS",35033
22105954502,"Hammond, LA",35032
35013001306,"Las Cruces, NM",35031
4015952002,"Mohave Valley, AZ",35030
36111954700,"Ellenville, NY",35029
41039002600,"Bethel-Danebo, Eugene, OR",35029
54035963300,"Ravenswood, WV",35028
22041950500,"Winnsboro, LA",35027
36029005000,"North Delaware, Buffalo, NY",35027
6107002203,"Tulare, CA",35026
29143960300,"New Madrid, MO",35026
48355002703,"Bay Area, Corpus Christi, TX",35026
6087110400,"Watsonville, CA",35026
50021962200,"Brandon, VT",35025
37157041001,"Stokesdale, NC",35025
48049950900,"Brownwood, TX",35025
12091021501,"Shalimar, FL",35025
37109071101,"Denver, NC",35025
6067009606,"Southwestern Sacramento, Sacramento, CA",35024
28047001502,"Gulfport, MS",35023
39091004500,"Bellefontaine, OH",35022
36047043900,"Kings County, NY",35022
34039031802,"Elizabeth, NJ",35022
36109001300,"Ithaca, NY",35022
40037021102,"Kellyville, OK",35020
6081611800,"East Palo Alto, CA",35020
12011050402,"Oakland Park, FL",35020
42089300600,"East Stroudsburg, PA",35020
5117460200,"Hazen, AR",35020
39049003200,"Harrison West, Columbus, OH",35020
36081035300,"Queens County, NY",35019
21093001300,"Elizabethtown, KY",35019
41003000600,"Corvallis, OR",35018
47037019112,"Antioch, Nashville, TN",35018
51550020906,"Greenbrier West, Chesapeake, VA",35017
34013018800,"City of Orange, NJ",35016
6039000201,"Chowchilla, CA",35016
28099010600,"Philadelphia, MS",35015
54039013701,"Saint Albans, WV",35015
45021970602,"Gaffney, SC",35015
39113100201,"Dayton, OH",35015
55025001502,"Madison, WI",35014
20045000901,"Lawrence, KS",35013
4025001500,"Mayer, AZ",35013
48309001800,"Timbercrest, Waco, TX",35013
35039000300,"Ohkay Owingeh, NM",35013
4017960100,"Holbrook, AZ",35012
4013422102,"Fiesta Neighborhood Group, Mesa, AZ",35012
54053954801,"West Columbia, WV",35012
42079201000,"Wilkes-Barre, PA",35012
1101005604,"Pike Road, AL",35012
35001000121,"Hoffmantown, Albuquerque, NM",35012
36047019700,"Kings County, NY",35011
48201332600,"Golfcrest, Houston, TX",35011
47125101903,"Clarksville, TN",35011
45057010300,"Heath Springs, SC",35011
48479000108,"Laredo, TX",35010
6073020211,"Midway, Escondido, CA",35010
55125950200,"Conover, WI",35010
2110000500,"Downtown Juneau, Juneau, AK",35010
48355002601,"Bay Area, Corpus Christi, TX",35009
4015952004,"Bullhead City, AZ",35008
40081961500,"Prague, OK",35006
45015020716,"Ladson, SC",35006
36081008100,"Queens County, NY",35005
51750010200,"Radford, VA",35004
16005001300,"Pocatello, ID",35004
12081001300,"Palmetto, FL",35004
4013108902,"Alhambra, Phoenix, AZ",35003
1091973200,"Dixons Mills, AL",35003
21071921000,"Prestonsburg, KY",35003
39093021100,"Sheffield Lake, OH",35003
48215023507,"Edinburg, TX",35001
6037575202,"Eastside, Long Beach, CA",35001
12115002003,"Sarasota, FL",35001
53007961000,"Wenatchee, WA",35001
55097961000,"Stevens Point, WI",35000
36101962500,"Corning, NY",35000
6019006501,"Orange Cove, CA",34999
40049681100,"Stratford, OK",34999
50019951800,"Barton, VT",34999
6071005200,"San Bernardino, CA",34999
48123970200,"Cuero, TX",34999
8077000602,"Grand Junction, CO",34997
29021002400,"Saint Joseph, MO",34997
18053010300,"Fairmount, IN",34996
48191950500,"Lakeview, TX",34996
24033805908,"Chillum, MD",34996
6059074407,"Lyon Street, Santa Ana, CA",34996
18029080300,"Greendale, IN",34995
55001950501,"Friendship, WI",34995
6107000502,"Dinuba, CA",34993
6065040606,"Mira Loma, Jurupa Valley, CA",34993
1125012303,"Tuscaloosa, AL",34992
6037213320,"Central LA, Los Angeles, CA",34992
6065045217,"Indio, CA",34991
37081016410,"Jamestown, NC",34991
39049009410,"South Columbus, Columbus, OH",34991
39029951400,"Lisbon, OH",34991
37019020512,"Ocean Isle Beach, NC",34991
42101000100,"Center City, Philadelphia, PA",34990
36047083400,"Kings County, NY",34990
48029110100,"Downtown, San Antonio, TX",34989
20057962102,"Dodge City, KS",34989
28035010300,"Petal, MS",34988
36083052603,"Stephentown, NY",34987
47037015502,"Donelson, Nashville, TN",34987
6041112201,"San Rafael, CA",34986
48099010202,"Gatesville, TX",34986
26027002100,"Cassopolis, MI",34986
29225470402,"Fordland, MO",34985
55059002100,"Kenosha, WI",34985
4019004613,"Tucson, AZ",34985
48213950901,"Eustace, TX",34985
37151031305,"Randleman, NC",34985
36101962800,"Corning, NY",34984
45045001302,"Greenville, SC",34983
17197881603,"Joliet, IL",34983
27047180800,"Albert Lea, MN",34983
37097061002,"Statesville, NC",34983
47149040901,"Murfreesboro, TN",34982
24033805602,"Hyattsville, MD",34982
6071002801,"Fontana, CA",34982
20173000200,"North Riverside, Wichita, KS",34982
48201240702,"Houston, TX",34982
22045031100,"New Iberia, LA",34982
39049007395,"East Broad, Blacklick, OH",34981
17077011000,"Carbondale, IL",34981
4019004057,"South Harrison, Tucson, AZ",34980
37057060601,"Thomasville, NC",34980
20075958600,"Syracuse, KS",34980
48181001700,"Sherman, TX",34979
12009061201,"Imperial Estates, Titusville, FL",34979
48201432500,"Westside, Houston, TX",34978
21111012409,"Louisville, KY",34978
21099970400,"Horse Cave, KY",34978
40109102100,"Central Oklahoma City, Oklahoma City, OK",34978
6071002501,"Fontana, CA",34977
47183968201,"Martin, TN",34977
4013421304,"Mesa, AZ",34977
24510130600,"Hampden, Baltimore, MD",34977
36013036100,"Cherry Creek, NY",34977
8041000800,"East Colorado Springs, Colorado Springs, CO",34976
48215024109,"Alton, TX",34976
12031013404,"Westside, Jacksonville, FL",34975
6037501400,"Whittier, CA",34975
41019050001,"Sutherlin, OR",34975
37089930200,"Hendersonville, NC",34975
6067005510,"Sacramento, CA",34975
16003950100,"New Meadows, ID",34974
36089490500,"Waddington, NY",34974
48453001813,"Heritage Hills, Austin, TX",34974
42043023700,"Middletown, PA",34974
40063484700,"Holdenville, OK",34973
42039111100,"Titusville, PA",34973
32003004717,"Las Vegas, NV",34973
21071920300,"Tram, KY",34973
45035010814,"Ladson, SC",34972
37189920200,"Vilas, NC",34971
8041002502,"Colorado Springs, CO",34971
13179010102,"Fort Stewart, GA",34970
24033806601,"Prince Georges County, MD",34970
45079010104,"Blythewood, SC",34970
32003003409,"Las Vegas, NV",34970
12117021803,"Altamonte Springs, FL",34970
21003920300,"Scottsville, KY",34969
29221460300,"Potosi, MO",34969
48439110202,"Haltom City, TX",34966
6037190100,"Central LA, Los Angeles, CA",34966
39035183501,"Shaker Heights, OH",34966
31055004300,"Southeast Omaha, Omaha, NE",34964
39113050600,"Miamisburg, OH",34964
12031014337,"Arlington, Jacksonville, FL",34964
39017010101,"Mile Square, Oxford, OH",34964
6103000600,"Red Bluff, CA",34964
33007950400,"Northumberland, NH",34962
21085950100,"Clarkson, KY",34961
26025004000,"Marshall, MI",34961
47073050400,"Rogersville, TN",34959
47167040602,"Covington, TN",34958
6059074805,"Santa Ana, CA",34958
33015065008,"Hampton Beach, Hampton, NH",34958
45019001902,"James Island, Charleston, SC",34958
41057960300,"Bay City, OR",34958
42091205000,"Bryn Mawr, PA",34958
12073002507,"Tallahassee, FL",34957
5115951100,"Atkins, AR",34957
45019002612,"West Ashley, Charleston, SC",34957
42097082200,"Sunbury, PA",34957
6107002204,"Tulare, CA",34956
48303000405,"North by Northwest, Lubbock, TX",34956
4003000203,"Cochise, AZ",34956
36057072400,"Saint Johnsville, NY",34956
26153000300,"Manistique, MI",34955
6071009913,"Victorville, CA",34954
12001110800,"Gainesville, FL",34954
6037702803,"Los Angeles, CA",34954
40021977700,"Hulbert, OK",34953
6029005506,"Rosamond, CA",34953
6071004001,"Bloomington, CA",34951
32031002611,"North Valleys, Reno, NV",34951
6037530901,"Los Angeles, CA",34951
29195090400,"Marshall, MO",34950
36019102200,"Plattsburgh, NY",34950
41051003501,"Overlook, Portland, OR",34950
20021958100,"Scammon, KS",34950
55079011400,"Brewer's Hill, Milwaukee, WI",34949
36005037000,"Bronx County, NY",34948
47037010501,"Nashville, TN",34948
31109000300,"University Place, Lincoln, NE",34947
13135050421,"Gwinnett Village, Norcross, GA",34946
6043000302,"Mariposa, CA",34946
37035010600,"Hickory, NC",34945
6037531101,"Los Angeles, CA",34944
6073018611,"Morro Hills, Oceanside, CA",34943
51810045808,"Virginia Beach, VA",34942
24047950900,"Berlin, MD",34942
12101032108,"Wesley Chapel, FL",34942
36067012200,"Camillus, NY",34942
47163042702,"Bristol, TN",34941
26159011600,"Decatur, MI",34941
12057011611,"Town N Country Alliance, Tampa, FL",34940
5027950300,"Magnolia, AR",34939
6073020207,"Midway, Escondido, CA",34939
13051004100,"Savannah, GA",34939
37027030700,"Hudson, NC",34938
13137000500,"Demorest, GA",34938
51117930101,"La Crosse, VA",34937
12103025019,"Saint Petersburg, FL",34936
6001407600,"Fairfax, Oakland, CA",34936
29209090100,"Crane, MO",34935
17031611400,"Back of the Yards, Chicago, IL",34934
6037571704,"Addams, Long Beach, CA",34934
12093910102,"Okeechobee, FL",34933
32001950301,"Fallon, NV",34932
54107010501,"Vienna, WV",34932
50009950200,"Island Pond, Brighton, VT",34932
6037218120,"Central LA, Los Angeles, CA",34932
18151971500,"Hudson, IN",34932
13063040606,"Hampton, GA",34931
13055010300,"Menlo, GA",34931
36081040900,"Queens County, NY",34931
12091022900,"Mary Esther, FL",34930
51800075501,"Suffolk, VA",34929
12011091300,"West Hollywood, Hollywood, FL",34929
4021000802,"Florence, AZ",34929
26093742202,"Brighton, MI",34928
17031240700,"West Town, Chicago, IL",34927
18045957700,"Attica, IN",34927
47065010600,"Chattanooga, TN",34927
5023480400,"Heber Springs, AR",34927
48423001602,"Tyler, TX",34926
40121486000,"McAlester, OK",34926
39145002700,"Wheelersburg, OH",34925
47003950401,"Shelbyville, TN",34925
17179020800,"Pekin, IL",34923
12011060109,"Tamarac, FL",34923
45073030800,"Seneca, SC",34923
20089576100,"Mankato, KS",34922
45077010700,"Easley, SC",34921
41029002900,"Rogue River, OR",34921
37129012104,"Wilmington, NC",34921
12127082705,"Shady Oaks, New Smyrna Beach, FL",34920
22069000200,"Campti, LA",34920
48001950100,"Frankston, TX",34920
47043060200,"Charlotte, TN",34920
26121004000,"Twin Lake, MI",34919
42033330200,"DuBois, PA",34919
36013030200,"Jamestown, NY",34919
36005032400,"Bronx County, NY",34919
27053103100,"Northeast Minneapolis, Minneapolis, MN",34918
12057007001,"South Tampa, Tampa, FL",34917
6047000601,"Atwater, CA",34917
37109070300,"Lincolnton, NC",34917
45083023001,"Lyman, SC",34917
16001001400,"Central Bench, Boise, ID",34917
29019001803,"Columbia, MO",34916
47035970702,"Crossville, TN",34916
51109950201,"Louisa, VA",34915
26007000800,"Alpena, MI",34915
12097043302,"Saint Cloud, FL",34915
37119006107,"Wedgewood, Charlotte, NC",34915
36061003001,"Lower Manhattan, New York, NY",34915
41011000900,"Coquille, OR",34914
12055961601,"Venus, FL",34914
36005046201,"Bronx County, NY",34914
26007000700,"Alpena, MI",34913
48451000100,"San Angelo, TX",34913
48465950302,"Del Rio, TX",34913
47007953000,"Pikeville, TN",34913
21135930300,"Tollesboro, KY",34912
35041000300,"Portales, NM",34911
1051030902,"Elmore, AL",34911
47037013201,"Charlotte Park, Nashville, TN",34911
54011010300,"Huntington, WV",34911
12057006600,"South Tampa, Tampa, FL",34910
36003950100,"Canaseraga, NY",34910
6065042509,"Moreno Valley, CA",34909
40027202102,"Moore, OK",34908
37119005710,"Charlotte, NC",34908
12069030411,"Lady Lake, FL",34907
13059140600,"Winterville, GA",34907
45077010601,"Easley, SC",34906
48323950500,"Eagle Pass, TX",34906
4013082008,"Horizons On Camelback, Phoenix, AZ",34906
6101050302,"Yuba City, CA",34905
11001002802,"Columbia Heights, Washington, DC",34905
12091020100,"Baker, FL",34904
45041001800,"Pamplico, SC",34904
26101000200,"Bear Lake, MI",34903
1089010401,"Hazel Green, AL",34903
5131001002,"Fort Smith, AR",34903
26107961000,"Mecosta, MI",34903
54007967900,"Heaters, WV",34903
45063020907,"Lexington, SC",34902
25025010500,"Prudential / St. Botolph, Boston, MA",34902
34005702209,"Burlington County, NJ",34901
41051002402,"Irvington, Portland, OR",34901
36009961300,"Allegany, NY",34901
48229950300,"Fort Hancock, TX",34900
36029005201,"Parkside, Buffalo, NY",34899
37127011000,"Spring Hope, NC",34898
6021010100,"Orland, CA",34898
47089070700,"Dandridge, TN",34897
47069950100,"Toone, TN",34896
13135050524,"Lawrenceville, GA",34896
1103000800,"Decatur, AL",34895
6037534202,"South Montebello, Bell Gardens, CA",34895
20169000600,"Salina, KS",34895
53031950601,"Port Townsend, WA",34895
13091960500,"Chauncey, GA",34895
30093000100,"Butte, MT",34894
1127021000,"Nauvoo, AL",34894
45015020707,"Goose Creek, SC",34893
23019031300,"Glenburn, ME",34892
1073011803,"Center Point, AL",34891
6037534900,"South Los Angeles, Los Angeles, CA",34891
55009001702,"Green Bay, WI",34891
20209044400,"Bethel Welborn, Kansas City, KS",34891
13245010903,"Farmers Bridge, Hephzibah, GA",34891
47071920100,"Savannah, TN",34891
5145070800,"Searcy, AR",34890
39151712400,"Louisville, OH",34890
48141010506,"Tornillo, TX",34890
39157020800,"New Philadelphia, OH",34890
12073002302,"Tallahassee, FL",34889
16083000800,"Twin Falls, ID",34889
39023001900,"Hills And Dales, Springfield, OH",34889
12097043400,"Saint Cloud, FL",34888
6095252611,"Fairfield, CA",34887
6037551300,"Downey, CA",34887
34005700407,"Maple Shade Township, NJ",34885
48113012209,"Dallas, TX",34885
40133583400,"Seminole, OK",34884
1097003407,"Bienville, Mobile, AL",34884
47183968400,"Dresden, TN",34884
22071010900,"Uptown/Carrollton, New Orleans, LA",34884
48479001103,"Eastern Division, Laredo, TX",34883
6065048700,"Moreno Valley, CA",34883
40115574900,"Wyandotte, OK",34882
6019006900,"Del Rey, CA",34882
32003001200,"Beverly Green, Las Vegas, NV",34882
22061961000,"Ruston, LA",34882
48479001004,"Eastern Division, Laredo, TX",34881
12031010101,"Northside, Jacksonville, FL",34881
26137950100,"Vanderbilt, MI",34880
55079007200,"Riverwest, Milwaukee, WI",34880
22071012800,"Marlyville - Fontainebleau, New Orleans, LA",34880
1071950500,"Woodville, AL",34880
34013016800,"Montclair, NJ",34880
21015070100,"Florence, KY",34880
48355002602,"Bay Area, Corpus Christi, TX",34879
12099006007,"Boynton Beach, FL",34879
55127001501,"Lake Geneva, WI",34879
45057011202,"Lancaster, SC",34878
6047000301,"Livingston, CA",34878
48099010701,"Copperas Cove, TX",34878
12127083005,"Edgewater, FL",34877
5055480200,"Paragould, AR",34877
49021110300,"Iron County, UT",34876
45063021029,"Lexington, SC",34876
37151031601,"Archdale, NC",34876
36105951000,"Woodridge, NY",34876
5043490500,"Monticello, AR",34875
48453002210,"Manor, TX",34875
51680001000,"Fort Hill, Lynchburg, VA",34875
13089021307,"Doraville, GA",34875
47099960800,"Leoma, TN",34874
47059090400,"Greeneville, TN",34874
48469000400,"Victoria, TX",34874
36065022000,"Rome, NY",34874
6107002601,"Lindsay, CA",34874
55099970200,"Park Falls, WI",34874
47099960900,"Five Points, TN",34873
48469000202,"Victoria, TX",34873
37001021600,"Elon, NC",34873
40109107601,"Midwest City, OK",34872
42103950601,"Milford, PA",34872
40035373400,"Vinita, OK",34871
48215022900,"Mercedes, TX",34870
1127021300,"Oakman, AL",34870
17101881100,"Lawrenceville, IL",34870
28131020202,"Perkinston, MS",34870
4005000300,"Flagstaff, AZ",34869
9009171500,"Meriden, CT",34869
6071002402,"Fontana, CA",34869
12095016731,"Orlando, FL",34869
8001008000,"Aurora, CO",34869
31055000500,"Carter Lake, NE",34868
37025040900,"Kannapolis, NC",34866
41029000700,"Medford, OR",34865
8031007006,"Denver, CO",34865
5091020701,"Pinson Park, Texarkana, AR",34865
37143920202,"Hertford, NC",34865
6037531000,"Los Angeles, CA",34864
12083000901,"Ocala, FL",34864
45045001000,"Viola Street, Greenville, SC",34863
8069000402,"Mulberry Hill, Fort Collins, CO",34863
48029181403,"Northwest Side, San Antonio, TX",34863
5003960600,"Crossett, AR",34863
48201433400,"Westside, Houston, TX",34862
13071970900,"Moultrie, GA",34862
34013016700,"Montclair, NJ",34862
39071955100,"Hillsboro, OH",34861
1083020500,"Athens, AL",34860
8031000301,"Berkeley, Denver, CO",34860
29207470300,"Bloomfield, MO",34860
1033020801,"Muscle Shoals, AL",34860
39009973600,"Coolville, OH",34859
18097361400,"Glenroy Village, Indianapolis, IN",34859
42089301203,"Saylorsburg, PA",34858
1125010407,"Tuscaloosa, AL",34858
34031180201,"Paterson, NJ",34857
36029010300,"Buffalo, NY",34857
42025020400,"Lansford, PA",34857
47037010901,"Bellshire Terrace, Nashville, TN",34856
45085001703,"Sumter, SC",34856
6037211320,"Central LA, Los Angeles, CA",34856
30061964500,"Superior, MT",34856
13215001200,"Columbus, GA",34856
13051000300,"Historic District - North, Savannah, GA",34855
55101001202,"Racine, WI",34854
9003502600,"Barry Square, Hartford, CT",34854
6037104201,"Pacoima, San Fernando, CA",34854
51161031000,"Roanoke, VA",34853
36073040700,"Albion, NY",34853
6089012200,"Cottonwood, CA",34852
37149920103,"Columbus, NC",34852
5131010202,"Greenwood, AR",34852
12011020211,"Margate, FL",34852
48453002419,"William Cannon Joint Venture, Austin, TX",34851
4013106900,"Alhambra, Phoenix, AZ",34851
25017310100,"Downtown, Lowell, MA",34851
26145001500,"Saginaw, MI",34851
48451001101,"San Angelo, TX",34850
6037190902,"Central LA, Los Angeles, CA",34850
6057000600,"Grass Valley, CA",34850
10003014909,"New Castle, DE",34848
45091061203,"Catawba, SC",34848
26091061400,"Adrian, MI",34848
32031002705,"Sun Valley, NV",34848
27053109300,"Lyndale, Minneapolis, MN",34848
48061012305,"South Padre Island, TX",34848
12057010304,"Greater Thonotosassa, Thonotosassa, FL",34847
48141001202,"Lakehurst, El Paso, TX",34846
48167723100,"Texas City, TX",34846
5051011100,"Pearcy, AR",34846
41057960600,"Tillamook, OR",34845
36077591000,"Oneonta, NY",34845
26005031800,"Otsego, MI",34845
25025050200,"Central-Maverick Square / Paris Street, Boston, MA",34845
13115000400,"Rome, GA",34844
36025970400,"Unadilla, NY",34844
48439121905,"East Arlington, Arlington, TX",34843
40143009004,"Tulsa, OK",34842
49005000502,"Logan, UT",34842
37057060101,"Laurel Oak Ranch, High Point, NC",34842
10005050503,"Georgetown, DE",34841
12115001803,"Sarasota, FL",34840
39095008700,"Toledo, OH",34839
53031950400,"Port Hadlock, Port Hadlock-Irondale, WA",34839
1027959000,"Ashland, AL",34839
13031110300,"Statesboro, GA",34839
29189213400,"St. Louis, MO",34838
48073950801,"Rusk, TX",34838
48027021800,"Belton, TX",34837
48029162001,"Von Ormy, TX",34837
17031829901,"Country Club Hills, IL",34837
42087960800,"Lewistown, PA",34836
48453001304,"Zilker, Austin, TX",34836
35005001400,"Hagerman, NM",34836
6047001004,"Merced, CA",34835
45059920301,"Laurens, SC",34835
48439110401,"Lake Worth, TX",34834
18097330600,"Indianapolis, IN",34833
6037500500,"El Rancho, Pico Rivera, CA",34833
32003001801,"Las Vegas, NV",34831
12057013920,"Lithia, FL",34831
34017006300,"Greenville, Jersey City, NJ",34831
54101970300,"Cowen, WV",34831
48061012402,"Los Fresnos, TX",34831
26165380200,"Mesick, MI",34830
36005026702,"Bronx County, NY",34830
17193958000,"Carmi, IL",34829
6037576403,"Eastside, Long Beach, CA",34829
30013000300,"Great Falls, MT",34829
12083001007,"Ocala, FL",34829
4005001102,"Flagstaff, AZ",34828
12015021001,"Punta Gorda, FL",34828
36081036800,"Queens County, NY",34828
36005038800,"Bronx County, NY",34828
34011030300,"Millville, NJ",34828
12001002210,"Newberry, FL",34828
18109510800,"Martinsville, IN",34828
12021000200,"Sun Terrace, Naples, FL",34828
53061041500,"Lowell, Everett, WA",34828
12123950400,"Perry, FL",34828
6073007800,"Pacific Beach, San Diego, CA",34827
45091061302,"Rock Hill, SC",34827
26145002000,"Saginaw, MI",34827
26163583200,"Taylor, MI",34826
32031001502,"West University, Reno, NV",34826
45021970501,"Gaffney, SC",34826
12113010100,"Milton, FL",34826
12057012402,"Dover, FL",34826
48215023503,"Edinburg, TX",34826
24005451500,"Middle River, MD",34826
23021960800,"Milo, Milo, ME",34826
47107970800,"Riceville, TN",34825
18163003100,"Westside, Evansville, IN",34825
6075016802,"Hayes Valley, San Francisco, CA",34823
13039010601,"Saint Marys, GA",34822
1095030600,"Guntersville, AL",34822
1081042004,"Phenix City, AL",34822
35041000401,"Portales, NM",34821
36005027700,"Bronx County, NY",34821
28127950100,"Mendenhall, MS",34820
26121003100,"Wolf Lake, Muskegon, MI",34820
23003951600,"Limestone, ME",34820
12019031108,"Keystone Heights, FL",34819
49053271200,"St. George, UT",34819
4015951900,"Bullhead City, AZ",34819
53041970700,"Centralia, WA",34819
39061025200,"Cincinnati, OH",34818
34039032200,"Hillside, NJ",34818
6065043513,"San Jacinto, CA",34818
24001000400,"Cumberland, MD",34817
48453000205,"Brentwood, Austin, TX",34817
6065041703,"Corona, CA",34817
6077003108,"Lincoln Village West, Stockton, CA",34817
37089931802,"Hendersonville, NC",34816
48007950500,"Rockport, TX",34816
18065975500,"New Castle, IN",34814
39169000800,"Wooster, OH",34814
51143010802,"Ringgold, VA",34813
4013082208,"Avondale, AZ",34812
5131001302,"Fort Smith, AR",34811
42103950801,"Pike County, PA",34810
51810041003,"Northwest, Virginia Beach, VA",34810
39113021100,"Dayton, OH",34809
51650010309,"Hampton, VA",34809
33013032200,"Concord, NH",34809
34017016100,"Union City, NJ",34809
51810045809,"Chimney Hill, Virginia Beach, VA",34808
5119003604,"Jacksonville, AR",34808
12101032006,"Angus Valley, Zephyrhills, FL",34807
26081000200,"Riverside Gardens, Grand Rapids, MI",34806
8031001402,"Ruby Hill, Denver, CO",34806
51740213103,"Portsmouth, VA",34806
48021950801,"Del Valle, TX",34806
39133600800,"Ravenna, OH",34805
47089070200,"Talbott, TN",34805
12086011500,"Homestead, FL",34804
55079020500,"Polonia, Milwaukee, WI",34804
4013082010,"Arizona Homes, Phoenix, AZ",34804
23017966300,"Buckfield, ME",34802
37071031703,"Gastonia, NC",34802
53021020200,"Pasco, WA",34801
32003001711,"Las Vegas, NV",34801
28127950300,"Braxton, MS",34801
27053107400,"Longfellow, Minneapolis, MN",34800
40079040302,"Poteau, OK",34800
53005011300,"Kennewick, WA",34799
48209010400,"San Marcos, TX",34799
48167722600,"Texas City, TX",34798
42011002000,"Reading, PA",34798
47031970100,"Morrison, TN",34797
37065021200,"Tarboro, NC",34797
4013093002,"Glendale, AZ",34797
51191010800,"Glade Spring, VA",34797
18133956300,"Greencastle, IN",34796
12086006403,"Coral Way, Miami, FL",34795
32003003423,"Las Vegas, NV",34795
45083023201,"Lyman, SC",34794
12033003506,"Northeast Pensacola, Pensacola, FL",34794
6037534001,"South Montebello, Bell Gardens, CA",34794
27053105600,"Central Minneapolis, Minneapolis, MN",34794
1115040401,"Ashville, AL",34794
48141003601,"Collingsworth, El Paso, TX",34793
37171931101,"Ararat, NC",34793
13251970300,"Sylvania, GA",34792
39035183605,"Shaker Heights, OH",34792
38047972500,"Wishek, ND",34792
21151010903,"Richmond, KY",34791
6073014806,"La Mesa, CA",34791
29077001100,"Springfield, MO",34791
23025966200,"Bingham, ME",34791
17031310500,"Lower West Side, Chicago, IL",34790
12073000500,"Tallahassee, FL",34789
1069042100,"Dothan, AL",34789
48131950500,"Benavides, TX",34788
6037553503,"Paramount, CA",34788
51810042801,"Virginia Beach, VA",34788
53053063300,"Eastside, Tacoma, WA",34788
36019101300,"Plattsburgh, NY",34787
37055970102,"Kitty Hawk, NC",34787
1015001202,"Oxford, AL",34787
4025000202,"Chino Valley, AZ",34787
39029951300,"Salineville, OH",34787
29043020203,"Nixa, MO",34786
48455950400,"Trinity, TX",34786
41039001500,"Oakridge, OR",34785
4027000402,"West Crane, Yuma, AZ",34785
8041004507,"Fountain Valley, Colorado Springs, CO",34784
20173005400,"South Seneca, Wichita, KS",34784
40087400400,"Byars, OK",34784
39143961400,"Fremont, OH",34783
6073012502,"Chula Vista, CA",34783
26055551100,"Traverse City, MI",34783
42021000700,"Johnstown, PA",34782
29077005001,"Ash Grove, MO",34782
9003415500,"New Britain, CT",34779
41051009604,"Portland, OR",34779
6037122410,"North Hollywood, Los Angeles, CA",34779
55079000600,"Menomonee River Hills, Milwaukee, WI",34779
41019070000,"Roseburg, OR",34779
48113016407,"Grand Prairie, TX",34779
6071000301,"Montclair, CA",34778
29069360200,"Malden, MO",34778
1061050600,"Slocomb, AL",34778
20103070700,"Leavenworth, KS",34777
53035080800,"Bremerton, WA",34777
48355002400,"Central City, Corpus Christi, TX",34777
6037900803,"Lancaster, CA",34776
55105001000,"Janesville, WI",34776
12127090204,"DeLand, FL",34776
51087200404,"Henrico, VA",34775
42003561600,"Arlington, Pittsburgh, PA",34775
37035011801,"Hickory, NC",34775
17019010204,"Rantoul, IL",34774
18041954000,"Connersville, IN",34774
29199480200,"Memphis, MO",34774
42061950900,"Mount Union, PA",34773
13151070113,"Stockbridge, GA",34773
48439100101,"Carter Riverside, Fort Worth, TX",34772
18021040200,"Brazil, IN",34772
12081000408,"Bradenton, FL",34772
45083022802,"Inman, SC",34771
24005451402,"Middle River, MD",34771
42003260700,"Perry North, Pittsburgh, PA",34770
46103011500,"Box Elder, SD",34769
28101050400,"Newton, MS",34769
4015950402,"Meadview, AZ",34769
12009064901,"University Park, Melbourne, FL",34769
4021001403,"Casa Grande, AZ",34768
6037534404,"Cudahy, CA",34768
18039000200,"Chamberlain, Goshen, IN",34767
6037533603,"Bell, CA",34766
13045910703,"Carrollton, GA",34766
29069360900,"Hornersville, MO",34766
48479000901,"Eastern Division, Laredo, TX",34766
51660000203,"Harrisonburg, VA",34765
37193960400,"North Wilkesboro, NC",34765
22033003201,"Baton Rouge, LA",34765
5119003207,"North Little Rock, AR",34765
2122000200,"Kenai, AK",34765
6083000804,"Eastside, Santa Barbara, CA",34765
1095030202,"Grant, AL",34764
45023020601,"Chester, SC",34763
6083002926,"Goleta, CA",34762
4013050605,"Buckeye, AZ",34761
13293010100,"Thomaston, GA",34761
6083002101,"Santa Maria, CA",34761
34001000200,"Atlantic City, NJ",34760
31067965100,"Beatrice, NE",34760
36005043400,"Bronx County, NY",34759
6065046402,"Lake Elsinore, CA",34759
48099010504,"Fort Hood, TX",34758
8123000703,"Greeley, CO",34757
54023969600,"Petersburg, WV",34757
48147950100,"Honey Grove, TX",34757
6073018509,"Loma Alta, Oceanside, CA",34756
6065042620,"Perris, CA",34756
4013421002,"Park Center Place, Mesa, AZ",34756
36007001700,"Binghamton, NY",34756
37057061901,"Thomasville, NC",34756
48201421403,"Southwest Houston, Houston, TX",34755
40145030102,"Wagoner, OK",34754
42083421100,"Kane, PA",34754
48453002209,"Manor, TX",34754
6067004903,"Southwestern Sacramento, Sacramento, CA",34753
54029020700,"Weirton, WV",34753
6073019206,"Vista, CA",34753
8041004100,"Fountain Valley, Colorado Springs, CO",34752
23005003100,"Pleasantdale, South Portland, ME",34752
17031824900,"Markham, IL",34752
6065047000,"Blythe, CA",34752
6037104610,"Pacoima, Los Angeles, CA",34750
48477170100,"Brenham, TX",34750
12086010209,"Miami, FL",34750
36063022601,"Niagara Falls, NY",34750
31109003104,"West Lincoln, Lincoln, NE",34749
12019030902,"Middleburg, FL",34749
5111490400,"Trumann, AR",34749
48157670500,"Hunters Glen, Missouri City, TX",34747
37151030700,"Asheboro, NC",34747
51750010102,"Radford, VA",34747
17031301600,"Little Village, Chicago, IL",34745
48439100502,"Far Greater Northside Historical, Fort Worth, TX",34744
48117950400,"Hereford, TX",34744
34005704801,"Fort Dix, NJ",34743
40109107209,"Central Oklahoma City, Oklahoma City, OK",34742
41039001302,"Cottage Grove, OR",34742
13295020800,"Chickamauga, GA",34741
6037293202,"Harbor Gateway South, Torrance, CA",34741
12009068602,"Ocean Woods, Cape Canaveral, FL",34740
36119000600,"Getty Square, Yonkers, NY",34740
36003950300,"Fillmore, NY",34739
55085971400,"Rhinelander, WI",34739
6037192700,"Central LA, Los Angeles, CA",34738
12101031008,"Golden Acres, New Port Richey, FL",34736
1069040301,"Dothan, AL",34736
6037534101,"South Montebello, Bell Gardens, CA",34736
6037532604,"Huntington Park, CA",34736
48141010316,"Glen Cove, El Paso, TX",34736
6037120030,"Panorama City, Los Angeles, CA",34735
12095014606,"Florida Center North, Orlando, FL",34735
1121010400,"Munford, AL",34735
50025967100,"Bellows Falls, Town of Rockingham, VT",34734
23021960400,"Monson, ME",34734
37049961002,"New Bern, NC",34734
18003002200,"Westfield, Fort Wayne, IN",34734
48061013305,"Southmost, Brownsville, TX",34733
37055970601,"Manteo, NC",34733
47179061701,"Jonesborough, TN",34733
12011020206,"Margate, FL",34733
40097040600,"Salina, OK",34732
48439123400,"Fort Worth, TX",34732
45015020804,"Goose Creek, SC",34732
37193960801,"Millers Creek, NC",34732
6037553502,"Paramount, CA",34732
26031960100,"Cheboygan, MI",34731
28059041300,"Moss Point, MS",34731
35001000204,"Hodgin, Albuquerque, NM",34730
47115050102,"Whitwell, TN",34729
42101003001,"Newbold, Philadelphia, PA",34728
6037104404,"Pacoima, Los Angeles, CA",34728
36029005801,"Riverside, Buffalo, NY",34728
36065020802,"Utica, NY",34727
12005002704,"Tapestry Park, Panama City Beach, FL",34727
13051010700,"Savannah, GA",34726
18093951200,"Mitchell, IN",34726
6071001101,"Ontario, CA",34726
51810045603,"Northwest, Virginia Beach, VA",34726
12071001701,"Fort Myers, FL",34726
17031825803,"Calumet City, IL",34725
36119007800,"Port Chester, NY",34725
29510115300,"Dutchtown, St. Louis, MO",34725
17031700501,"South Side, Chicago, IL",34725
12103022502,"Jungle Terrace, Saint Petersburg, FL",34725
21013961100,"Pineville, KY",34724
6107002903,"Tulare, CA",34724
28105950602,"Starkville, MS",34724
20173005600,"Wichita, KS",34721
6065042706,"Perris, CA",34721
36061015100,"Lincoln Square, New York, NY",34720
55139000500,"Oshkosh, WI",34720
39155930300,"Cortland, OH",34719
6019003301,"McLane, Fresno, CA",34719
6097154304,"Jenner, CA",34718
48441011400,"Elmwood Area, Abilene, TX",34718
6067003101,"Southeastern Sacramento, Sacramento, CA",34716
42065951300,"Punxsutawney, PA",34716
29009960100,"Aurora, MO",34716
4013420116,"Signal Butte Manor, Apache Junction, AZ",34715
23019014000,"Corinna, ME",34715
48189950600,"Plainview, TX",34714
39095007301,"Reynolds Corners, Toledo, OH",34714
36007000100,"Binghamton, NY",34714
27123033600,"Summit - University, Saint Paul, MN",34714
37071032703,"Gastonia, NC",34713
5139950300,"Smackover, AR",34712
12093910500,"Okeechobee, FL",34712
6065045109,"La Quinta, CA",34712
6037212900,"Central LA, Los Angeles, CA",34711
48201330303,"Fondren Gardens, Houston, TX",34711
24035810100,"Chestertown, MD",34711
20061000400,"Junction City, KS",34708
37035010101,"Claremont, NC",34707
6049000300,"Alturas, CA",34707
12085000501,"Jensen Beach, FL",34707
45045003104,"Fountain Inn, SC",34705
36005033202,"Bronx County, NY",34705
47105060600,"Loudon, TN",34704
26133970100,"Marion, MI",34704
48209010905,"Kyle, TX",34703
48099010803,"Copperas Cove, TX",34703
6037104203,"Pacoima, Los Angeles, CA",34703
2020001701,"U-MED District, Anchorage, AK",34702
54081000600,"Beckley, WV",34702
22045030500,"New Iberia, LA",34702
1061050100,"Samson, AL",34701
26029001200,"Boyne City, MI",34701
4025000604,"Prescott Valley Units, Prescott Valley, AZ",34701
25003933400,"Otis, MA",34700
2020001500,"Rogers Park, Anchorage, AK",34699
50003971000,"Bennington County, VT",34699
42017100303,"Bristol, PA",34699
53009000600,"Port Angeles, WA",34698
22071008300,"Irish Channel, New Orleans, LA",34698
6037404504,"Azusa, CA",34697
6071007200,"Riverview, San Bernardino, CA",34696
12009066400,"Golden Beach Estates, Indian Harbour Beach, FL",34696
12095016806,"Orlando, FL",34695
26119910200,"Atlanta, MI",34694
41033361300,"Grants Pass, OR",34694
28081950500,"Tupelo, MS",34693
41065970400,"The Dalles, OR",34693
12105012124,"Lakeland, FL",34692
26099255200,"Roseville, MI",34692
6019007300,"Selma, CA",34691
47009011402,"Walland, TN",34690
54067950200,"Summersville, WV",34690
12111381601,"Fort Pierce, FL",34689
40021978100,"Tahlequah, OK",34688
21181960200,"Carlisle, KY",34688
23019000200,"Tree Streets, Bangor, ME",34688
6083002205,"Santa Maria, CA",34688
32003000527,"Washington Square, Las Vegas, NV",34688
24033803801,"Hyattsville, MD",34687
39037555101,"Greenville, OH",34686
41051005500,"Southwest Portland, Portland, OR",34686
12095017701,"Apopka, FL",34686
30111000401,"Central - Terry, Billings, MT",34685
39061021701,"Cincinnati, OH",34685
21067003802,"Lexington, KY",34684
39039958800,"Defiance, OH",34684
18141010700,"Mishawaka, IN",34684
13051004211,"Windsor Forest, Savannah, GA",34684
34017001202,"Journal Square, Jersey City, NJ",34683
12099007832,"Royal Palm Beach, FL",34683
8005007704,"Highline Villages, Aurora, CO",34681
47155080300,"Seymour, TN",34681
1103005701,"Somerville, AL",34681
21203950100,"Mount Vernon, KY",34681
48439113116,"North Arlington, Arlington, TX",34681
42003270300,"Brighton Heights, Pittsburgh, PA",34681
51770000601,"Roanoke, VA",34680
47117955500,"Lewisburg, TN",34680
12097043700,"Saint Cloud, FL",34680
6037209403,"Central LA, Los Angeles, CA",34679
6037533300,"Maywood, CA",34679
29189210804,"Florissant, MO",34679
6037134522,"Canoga Park, Los Angeles, CA",34678
19139051000,"Muscatine, IA",34678
48201451002,"Westside, Houston, TX",34677
42037051200,"Bloomsburg, PA",34676
18097370201,"Decatur, Indianapolis, IN",34674
6111002300,"Ventura, CA",34674
21001970402,"Columbia, KY",34674
48201550800,"Greenfield Village, Houston, TX",34673
29015460300,"Warsaw, MO",34673
48401950700,"Henderson, TX",34673
48201550401,"Houston, TX",34672
21111012001,"Fairdale, Louisville, KY",34672
48257050400,"Terrell, TX",34672
32003003422,"Las Vegas, NV",34671
37021001802,"Haw Creek, Asheville, NC",34671
12086010013,"Miami Gardens, FL",34671
37179021013,"Waxhaw, NC",34671
16013960100,"Bellevue, ID",34670
6001403100,"Downtown Oakland, Oakland, CA",34670
47157000100,"Memphis, TN",34670
4027001003,"Yuma, AZ",34670
49057200203,"Ogden, UT",34669
26163572400,"Dearborn Heights, MI",34669
6037501804,"Whittier, CA",34668
1049960400,"Rainsville, AL",34668
26099245100,"Mount Clemens, MI",34668
17197882100,"Virginia, Joliet, IL",34666
1089010502,"Toney, AL",34666
50017959101,"Washington, VT",34665
6071009117,"Adelanto, CA",34665
40091780100,"Eufaula, OK",34664
48309003601,"Mart, TX",34664
4021000315,"Apache Junction, AZ",34664
42101000300,"Center City, Philadelphia, PA",34663
13081010500,"Cordele, GA",34663
39039958600,"Defiance, OH",34663
6047000505,"Winton, CA",34661
34021002601,"Hamilton Township, NJ",34660
48231960700,"Lone Oak, TX",34660
40105172400,"Nowata, OK",34659
1073012602,"Birmingham, AL",34659
21109960300,"Annville, KY",34658
18141011506,"Mishawaka, IN",34658
54059957500,"Red Jacket, WV",34658
40047001500,"Enid, OK",34657
47103975300,"Fayetteville, TN",34657
47037019003,"Hillbrook, Nashville, TN",34657
25009251700,"Lawrence, MA",34656
39141956000,"Chillicothe, OH",34656
35001004402,"Albuquerque, NM",34655
53077001901,"Grandview, WA",34655
34001000300,"Atlantic City, NJ",34653
12031017300,"Westside, Jacksonville, FL",34653
6037404501,"Azusa, CA",34652
37183054108,"Covington Cross, Knightdale, NC",34652
12033003900,"McDavid, FL",34651
40079040299,"Spiro, OK",34650
42003170200,"South Side Flats, Pittsburgh, PA",34650
32003002936,"Las Vegas, NV",34650
18035002602,"Eaton, IN",34648
53061041904,"Everett, WA",34648
37059080700,"Mocksville, NC",34647
6037124102,"North Hollywood, Los Angeles, CA",34647
28045030400,"Bay Saint Louis, MS",34647
5111490200,"Trumann, AR",34646
48091310608,"Canyon Lake, TX",34646
48029121204,"Uptown, San Antonio, TX",34645
6073012002,"National City, CA",34645
1061050500,"Slocomb, AL",34644
12033004000,"Century, FL",34644
37097060500,"Statesville, NC",34644
39031961600,"Coshocton, OH",34643
18069961800,"Huntington, IN",34643
49035102500,"Downtown, Salt Lake City, UT",34643
12057011804,"Pinecrest West Park, Tampa, FL",34642
29510126800,"Franz Park, St. Louis, MO",34642
18093950900,"Bedford, IN",34642
13067031404,"Mableton, GA",34642
36047118201,"Kings County, NY",34642
28081951100,"Plantersville, MS",34641
26099268400,"Warren, MI",34641
18141011100,"South Bend, IN",34641
32031003000,"Sparks, NV",34641
10001043000,"Harrington, DE",34640
25023511600,"Brockton, MA",34640
39151710300,"Alliance, OH",34639
50017959700,"Fairlee, VT",34639
48481740500,"Wharton, TX",34638
6071001812,"Ontario, CA",34638
47063101000,"Whitesburg, TN",34637
6071010700,"Needles, CA",34637
37119005511,"West Sugar Creek, Charlotte, NC",34637
16087970200,"Weiser, ID",34637
42003515200,"Swissvale, PA",34635
32003003418,"Summerlin, Las Vegas, NV",34635
41051002000,"Kerns, Portland, OR",34635
12086010606,"Cutler Bay, FL",34634
39153510400,"Barberton, OH",34633
37021002606,"Asheville, NC",34633
26099263700,"Fitzgerald, Warren, MI",34633
48029181404,"Northwest Side, San Antonio, TX",34632
51700032007,"North Newport News, Newport News, VA",34632
37057061804,"Lexington, NC",34632
6073011801,"National City, CA",34631
12011060125,"Lauderhill, FL",34631
37113970302,"Franklin, NC",34631
12033003301,"Northwest Pensacola, Pensacola, FL",34631
35001003735,"Vista Del Norte Alliance, Albuquerque, NM",34630
37127011102,"Nashville, NC",34630
45079011415,"Columbia, SC",34629
6037576503,"Eastside, Long Beach, CA",34629
48439102401,"Fort Worth, TX",34629
23017966000,"Greenwood, ME",34629
32003003420,"Las Vegas, NV",34628
29093950100,"Belleview, MO",34628
6037221601,"Jefferson, Los Angeles, CA",34628
53073001201,"Happy Valley, Bellingham, WA",34628
48113007805,"Lake Highlands, Dallas, TX",34628
18089030400,"East Chicago, IN",34627
48167722800,"La Marque, TX",34627
35061970700,"Los Lunas, NM",34627
21161960400,"Maysville, KY",34626
21137920200,"Hustonville, KY",34626
21009950400,"Glasgow, KY",34626
12103020207,"Greater Pinellas Point, Saint Petersburg, FL",34625
12081000501,"Bradenton, FL",34624
49035100500,"Rose Park, Salt Lake City, UT",34624
22073005400,"West Monroe, LA",34623
6001408300,"Eastmont Hills, Oakland, CA",34623
54039000500,"Charleston, WV",34622
40105172200,"Lenapah, OK",34622
12041950202,"Trenton, FL",34622
48439122001,"East Arlington, Arlington, TX",34621
4019004321,"Mission Ridge, Tucson, AZ",34621
12027010405,"Arcadia, FL",34621
6065045120,"La Quinta, CA",34620
37087920500,"Clyde, NC",34620
12011020302,"Royal Land, Coral Springs, FL",34620
48113008200,"Dallas, TX",34620
6025011600,"El Centro, CA",34619
17031300800,"South Lawndale, Chicago, IL",34619
37085071302,"Sanford, NC",34619
13095000501,"Albany, GA",34619
12097043500,"Saint Cloud, FL",34619
13245010906,"Goshen, Augusta, GA",34618
8041000500,"East Colorado Springs, Colorado Springs, CO",34618
12095016723,"Orlando, FL",34618
13257970400,"Eastanollee, GA",34618
37019020602,"Leland, NC",34618
12071040203,"Richmond, Lehigh Acres, FL",34618
13135050422,"Norcross, GA",34618
34035053200,"Somerset, Franklin Township, NJ",34618
1099075900,"Monroeville, AL",34618
24011955201,"Ridgely, MD",34617
45023020800,"Fort Lawn, SC",34617
30047940303,"Polson, MT",34616
6065042009,"Perris, CA",34615
53025010901,"Moses Lake, WA",34615
6065042520,"Moreno Valley, CA",34614
37145920500,"Timberlake, NC",34614
13129970200,"Calhoun, GA",34614
6065044606,"Palm Springs, CA",34613
48201211900,"Northeast Houston, Houston, TX",34613
18143967000,"Scottsburg, IN",34613
21169960300,"Edmonton, KY",34612
1045020802,"Ozark, AL",34611
48215021702,"Pharr, TX",34610
29095017000,"Independence, MO",34610
17031814100,"Cicero, IL",34609
28121020101,"Brandon, MS",34609
12069030912,"Mount Dora, FL",34608
42079213800,"Plymouth, PA",34607
51067020800,"Rocky Mount, VA",34607
28043950500,"Grenada, MS",34607
6059075514,"Tustin, CA",34606
12009063105,"Buckingham At Levitt Park, Rockledge, FL",34606
51143011001,"Danville, VA",34606
6099002302,"Modesto, CA",34606
12009068400,"Cocoa Beach, FL",34605
47003950300,"Shelbyville, TN",34605
48061014400,"Brownsville, TX",34604
1071950300,"Stevenson, AL",34604
37191000303,"Goldsboro, NC",34604
17019000302,"Champaign, IL",34604
39015951300,"Mount Orab, OH",34603
37125950301,"Seven Lakes, NC",34603
18095011800,"Pendleton, IN",34603
48417950300,"Albany, TX",34602
1061050200,"Chancellor, AL",34602
24003706101,"Annapolis, MD",34602
45077010402,"Pickens, SC",34602
48141010332,"Horizon City, TX",34602
34039031700,"Elizabeth, NJ",34602
54039001500,"Charleston, WV",34602
26049011302,"Burton, MI",34601
4013420708,"The Groves, Mesa, AZ",34601
44007003700,"Fox Point, Providence, RI",34601
37071032200,"Gastonia, NC",34598
26009960300,"Central Lake, MI",34598
37021002503,"Candler, NC",34598
54011002100,"Huntington, WV",34598
6037124902,"North Hollywood, Los Angeles, CA",34598
1071950100,"Bryant, AL",34597
39049009240,"Norton Field, Columbus, OH",34596
6097153104,"Southwest Santa Rosa, Santa Rosa, CA",34596
37119001508,"Hickory Grove, Charlotte, NC",34596
6073002302,"City Heights, San Diego, CA",34596
48381020500,"Amarillo, TX",34595
48181000303,"Pottsboro, TX",34595
6075022600,"Central Waterfront, San Francisco, CA",34595
35017964700,"Silver City, NM",34594
37007920200,"Wadesboro, NC",34594
5045031101,"Conway, AR",34594
37037020300,"Siler City, NC",34594
13045910104,"Villa Rica, GA",34593
18141001400,"River Park, South Bend, IN",34592
12103026816,"Safety Harbor, FL",34591
8003960200,"Alamosa, CO",34591
28075010202,"Meridian, MS",34590
48331950401,"Cameron, TX",34590
48113015303,"Grand Prairie, TX",34590
17113001404,"Bloomington, IL",34590
8069001305,"Evergreen, Fort Collins, CO",34590
45045003706,"Greenville, SC",34589
6037203600,"Boyle Heights, Los Angeles, CA",34588
48429950200,"Breckenridge, TX",34588
12103025112,"Seminole, FL",34588
12099007501,"Boca Raton, FL",34588
40109107605,"Midwest City, OK",34587
12111382110,"Port St. Lucie, FL",34587
53033030503,"Auburn, WA",34587
36047051400,"Kings County, NY",34586
54039001300,"Charleston, WV",34586
48113016201,"Grand Prairie, TX",34586
13313000200,"Dalton, GA",34586
39093070300,"Elyria, OH",34585
26081013500,"Urbandale, Wyoming, MI",34585
53063000700,"Northwest Spokane, Spokane, WA",34585
27053980000,"Saint Paul, MN",34584
6037199700,"Central LA, Los Angeles, CA",34584
25017353000,"Mid-Cambridge, Cambridge, MA",34584
6075012901,"Marina District, San Francisco, CA",34583
21125970700,"London, KY",34583
29097010700,"Joplin, MO",34582
4013082007,"Maryvale Village, Phoenix, AZ",34582
37019020504,"Calabash, NC",34582
47129110400,"Oliver Springs, TN",34582
4013082009,"Maryvale Village, Phoenix, AZ",34581
6071001400,"Ontario, CA",34581
48401950900,"Henderson, TX",34580
6037575401,"Washington, Long Beach, CA",34580
26077002202,"Kalamazoo, MI",34579
6065043503,"Hemet, CA",34579
48303001601,"Coronado, Lubbock, TX",34579
46109940400,"Sisseton, SD",34578
5137950100,"Stone County, AR",34578
36005038900,"Bronx County, NY",34577
5131001201,"Fort Smith, AR",34576
24033805000,"Hyattsville, MD",34576
40109108804,"Choctaw, OK",34575
6065940400,"Coachella, CA",34574
12069030410,"Lady Lake, FL",34574
51137110200,"Orange, VA",34574
53051970300,"Newport, WA",34574
17031190100,"Belmont Cragin, Chicago, IL",34574
24033806300,"Hyattsville, MD",34574
32003001004,"Las Vegas, NV",34572
39061025402,"Cincinnati, OH",34572
12071040121,"Westminister, Lehigh Acres, FL",34572
37119005913,"Griers Fork, Charlotte, NC",34572
17169970200,"Rushville, IL",34572
35049001107,"Santa Fe, NM",34572
12071000401,"Fort Myers, FL",34571
47141000301,"Cookeville, TN",34571
51810045408,"Virginia Beach, VA",34571
36061021100,"Upper Manhattan, New York, NY",34571
25005650800,"New Bedford, MA",34571
40057967800,"Hollis, OK",34571
6073003112,"Encanto, San Diego, CA",34571
21019030700,"Ashland, KY",34570
12127090902,"Plantation Estates, DeBary, FL",34570
48465950400,"Del Rio, TX",34570
51810045200,"Dam Neck, Virginia Beach, VA",34570
42011000200,"Reading, PA",34570
48029160200,"Inner West Side, San Antonio, TX",34569
41051005100,"Northwest Portland, Portland, OR",34568
12099003700,"Southwest, West Palm Beach, FL",34568
24015031201,"Port Deposit, MD",34568
1055011001,"Boaz, AL",34567
29029950800,"Camdenton, MO",34567
36081059600,"Queens County, NY",34565
29189210300,"Riverview, St. Louis, MO",34565
48453002313,"East Riverside - Oltorf, Austin, TX",34565
12095016410,"Orlando, FL",34564
4013109601,"Maryvale Village, Phoenix, AZ",34564
22055002103,"Carencro, LA",34563
51810040802,"Northwest, Virginia Beach, VA",34563
40061279200,"Stigler, OK",34562
24033800606,"Greater Upper Marlboro, Upper Marlboro, MD",34562
13013180303,"Winder, GA",34562
51660000302,"Harrisonburg, VA",34561
12127090307,"DeLand, FL",34561
22033004205,"Baker, LA",34560
12049970400,"Wauchula, FL",34559
39155933600,"Newton Falls, OH",34559
37147001700,"Greenville, NC",34558
26125161700,"Southfield, MI",34558
1125012403,"Tuscaloosa, AL",34558
47157020400,"Millington, TN",34558
32003003637,"North Las Vegas, NV",34557
12111381502,"Port St. Lucie, FL",34557
42101027401,"North Philadelphia, Philadelphia, PA",34556
36081059800,"Queens County, NY",34556
29095000700,"Northeast Kansas City, Kansas City, MO",34555
41039000500,"Deadwood, OR",34554
28059040600,"Ocean Springs, MS",34554
28059040900,"Ocean Springs, MS",34553
45041001900,"Johnsonville, SC",34553
37081014412,"High Point, NC",34553
39153531103,"Akron, OH",34552
11001002001,"16th Street Heights, Washington, DC",34551
21171930400,"Tompkinsville, KY",34551
41007950300,"Astoria, OR",34550
4027000905,"Yuma, AZ",34550
26035000500,"Lake, MI",34550
48209010907,"Kyle, TX",34549
45077011003,"Liberty, SC",34548
41045970900,"Vale, OR",34548
6071001309,"Upland, CA",34547
25023511500,"Brockton, MA",34546
24011955000,"Marydel, MD",34546
6037224200,"Central LA, Los Angeles, CA",34546
4019004710,"Tucson, AZ",34545
11001004002,"Adams Morgan, Washington, DC",34545
48323950400,"Eagle Pass, TX",34544
39133601400,"Kent, OH",34544
48439121704,"Central Arlington, Arlington, TX",34544
37065021400,"Elm City, NC",34544
48029120901,"Uptown, San Antonio, TX",34544
36099950900,"Ovid, NY",34543
25005640901,"Fall River, MA",34542
4015953100,"Lake Havasu City, AZ",34542
37105030503,"Sanford, NC",34542
6037211201,"Central LA, Los Angeles, CA",34542
12105014105,"Haines City, FL",34541
23013970300,"Union, ME",34541
36033950200,"Fort Covington, NY",34541
6037402702,"Westmont, Pomona, CA",34540
24005441000,"Baltimore, MD",34540
21227011700,"Bowling Green, KY",34540
36059407502,"Uniondale, NY",34539
22071002501,"Gentilly, New Orleans, LA",34538
19163012200,"West Davenport, Davenport, IA",34538
56021000402,"Cheyenne, WY",34538
1097003203,"Jackson Heights, Mobile, AL",34537
6071006302,"Pacific, San Bernardino, CA",34537
26049010811,"Flint, MI",34536
1055010401,"Rainbow City, AL",34536
6037910001,"Littlerock, CA",34536
12057011712,"Bay Crest Park, Tampa, FL",34536
47163042000,"Kingsport, TN",34535
51159040100,"Warsaw, VA",34535
6037104320,"Pacoima, Los Angeles, CA",34534
37043950100,"Hayesville, NC",34533
49049001108,"Westmore, Orem, UT",34533
36119004000,"North Side, Mount Vernon, NY",34533
6023011000,"Rohnerville, Fortuna, CA",34532
34017015900,"West New York, NJ",34532
36081019900,"Queens County, NY",34532
32003005818,"Indian Springs, NV",34531
35057963600,"Estancia, NM",34531
37013930501,"Washington, NC",34531
11001001901,"Brightwood, Washington, DC",34530
28057950300,"Fulton, MS",34529
24025306500,"Aberdeen Proving Ground, MD",34528
6071009712,"Apple Valley, CA",34528
36063023100,"North Tonawanda, NY",34528
48355001902,"South Side, Corpus Christi, TX",34528
42091203500,"Norristown, PA",34526
48215024201,"Penitas, TX",34526
6037119342,"Panorama City, Los Angeles, CA",34526
6073010103,"Egger Highlands, San Diego, CA",34526
6095252605,"Fairfield, CA",34525
17031222900,"Logan Square, Chicago, IL",34524
39113030200,"Moraine, OH",34524
45047970102,"Hodges, SC",34524
1023956800,"Butler, AL",34524
36005035600,"Bronx County, NY",34524
22041950200,"Winnsboro, LA",34523
53053061900,"South End, Tacoma, WA",34523
48453001820,"North Austin, Austin, TX",34523
13151070501,"Hampton, GA",34523
48113018105,"Garland, TX",34522
26163543100,"North Rosedale Park, Detroit, MI",34521
24510270301,"Lauraville, Baltimore, MD",34521
1077011300,"Waterloo, AL",34519
30029000100,"Columbia Falls, MT",34519
20125951300,"Caney, KS",34519
49057200300,"Ogden, UT",34519
54003972000,"Martinsburg, WV",34519
21175950500,"Cannel City, KY",34518
12053040601,"Brooksville, FL",34516
12009064123,"Melbourne, FL",34516
12115000900,"Indian Beach/Sapphire Shores, Sarasota, FL",34516
4013109704,"Maryvale Village, Phoenix, AZ",34515
25025100400,"Dorchester, Boston, MA",34515
27053026809,"Minneapolis, MN",34514
12057011802,"Pinecrest West Park, Tampa, FL",34513
53063012100,"Spokane Valley, WA",34513
6099000805,"Modesto, CA",34513
47065000600,"North Chattanooga, Chattanooga, TN",34512
39133601000,"Ravenna, OH",34512
28047003102,"Pass Christian, MS",34512
30111000901,"Southwest Corridor, Billings, MT",34511
12071010501,"Caloosahatchee, Cape Coral, FL",34511
36005043000,"Bronx County, NY",34510
36081023800,"Queens County, NY",34509
26125175000,"Hazel Park, MI",34509
40067371800,"Waurika, OK",34509
23005011100,"Brunswick, ME",34509
17119400903,"Pontoon Beach, IL",34508
37119006108,"Sunset Road, Charlotte, NC",34508
13189950300,"Thomson, GA",34507
18165020400,"Clinton, IN",34506
23023970200,"Bowdoin, ME",34505
21221970200,"Cadiz, KY",34504
6071000605,"Chino, CA",34503
51009010600,"Madison Heights, VA",34503
6047000202,"Delhi, CA",34500
6037212202,"Central LA, Los Angeles, CA",34499
41029002100,"Ashland, OR",34499
36047019900,"Kings County, NY",34498
48201221900,"Oakwilde, Houston, TX",34496
36015010800,"Elmira Heights, NY",34494
4013104302,"North Mountain Village, Phoenix, AZ",34493
8031002602,"Central, Denver, CO",34491
35009000301,"Clovis, NM",34491
36009960702,"Great Valley, NY",34491
48029140500,"East Side, San Antonio, TX",34489
12113010705,"Floridatown, Pace, FL",34489
48069950300,"Hart, TX",34488
25013801601,"Sixteen Acres, Springfield, MA",34487
12099004706,"Greenacres, FL",34487
46023940300,"Wagner, SD",34485
39113021502,"Kettering, OH",34485
1031010200,"Jack, AL",34485
17201001400,"Rockford, IL",34485
22075050100,"Belle Chasse, LA",34485
28013950400,"Vardaman, MS",34484
48007950100,"Rockport, TX",34481
51193010400,"Colonial Beach, VA",34481
37191000200,"Fremont, NC",34481
4013109705,"Laurelwood, Phoenix, AZ",34481
26163545700,"Warrendale, Detroit, MI",34481
6037127712,"Van Nuys, Los Angeles, CA",34480
28071950502,"Taylor, MS",34480
1041963600,"Rutledge, AL",34480
51153901100,"Quantico Station, Quantico, VA",34480
23013970900,"Saint George, ME",34480
5071951700,"Clarksville, AR",34479
41051009801,"Rockwood, Portland, OR",34479
4019004036,"Lakeside Park, Tucson, AZ",34479
6067002600,"Southeastern Sacramento, Sacramento, CA",34479
30047940301,"Polson, MT",34478
28079040400,"Walnut Grove, MS",34478
48423000900,"Midtown, Tyler, TX",34478
47183968203,"Martin, TN",34477
17031700100,"Ashburn, Chicago, IL",34477
48427950401,"Rio Grande City, TX",34477
48113007911,"Dallas, TX",34477
26125193500,"Rochester Hills, MI",34476
48213950700,"Kemp, TX",34476
25017352400,"The Port, Cambridge, MA",34476
39061020742,"Cincinnati, OH",34475
51057950700,"Tappahannock, VA",34475
12015030100,"Gulf Cove, Port Charlotte, FL",34475
13063040615,"Jonesboro, GA",34474
12011041801,"East Fort Lauderdale, Fort Lauderdale, FL",34474
26123970800,"Newaygo, MI",34474
1073002306,"Crestwood South, Birmingham, AL",34473
6071003403,"Bloomington, CA",34473
12086011401,"Homestead, FL",34472
53077001902,"Grandview, WA",34472
34039032800,"Union County, NJ",34472
8041003000,"Colorado Springs, CO",34471
37125950401,"West End, NC",34470
6037203200,"Boyle Heights, Los Angeles, CA",34470
37107011002,"La Grange, NC",34469
48201453100,"Southwest Houston, Houston, TX",34469
27123031000,"Payne - Phalen, Saint Paul, MN",34468
27053102300,"Hawthorne, Minneapolis, MN",34468
36047022000,"Kings County, NY",34467
16001001700,"Vistas, Boise, ID",34467
41029000602,"Medford, OR",34467
13313000101,"Cohutta, GA",34466
48479000904,"Eastern Division, Laredo, TX",34466
13195020100,"Commerce, GA",34465
6053013800,"Seaside, CA",34465
42073011800,"Ellwood City, PA",34465
6037213201,"Central LA, Los Angeles, CA",34465
26081014701,"Grand Rapids, MI",34464
51193010300,"Colonial Beach, VA",34464
12071020600,"Hancock, North Fort Myers, FL",34464
37021003204,"Fairview, NC",34463
51095080301,"Williamsburg, VA",34463
40143008900,"Mile-Wide, Tulsa, OK",34462
6019005804,"Fresno, CA",34462
48141010408,"Socorro, TX",34461
26125175100,"Hazel Park, MI",34461
4013422610,"Fountain of the Sun, Mesa, AZ",34461
24033801804,"Temple Hills, MD",34460
41011000600,"Coos Bay, OR",34459
25011040501,"Orange, Orange, MA",34459
8041004602,"Calhan, CO",34459
12057006502,"South Tampa, Tampa, FL",34459
53015000400,"Old West Side, Longview, WA",34458
1081042006,"Smiths Station, AL",34457
35001000128,"Princess Jeanne, Albuquerque, NM",34457
39095005703,"Five Points, Toledo, OH",34456
34007607702,"Lindenwold, NJ",34456
39035124500,"Cleveland, OH",34456
5003960500,"Crossett, AR",34456
6045011300,"Ukiah, CA",34456
36027100000,"Millerton, NY",34455
47119011102,"Columbia, TN",34455
23015975400,"Newcastle, ME",34455
4021001405,"Casa Grande, AZ",34454
12105011502,"Lakeland, FL",34454
49035111600,"South Salt Lake, UT",34454
8005082000,"Centretech, Aurora, CO",34453
28047000600,"Biloxi, MS",34453
25015821903,"Northampton, MA",34453
12129010100,"Sopchoppy, FL",34452
48479000106,"Eastern Division, Laredo, TX",34451
49035102100,"Central City, Salt Lake City, UT",34451
18145710602,"Shelbyville, IN",34451
39087050600,"Pedro, OH",34450
40113940011,"Burbank, OK",34450
26129950600,"West Branch, MI",34450
51680000202,"Lynchburg, VA",34450
21067003917,"North Pointe Neighbors, Lexington, KY",34449
26149040800,"Sturgis, MI",34449
48167725600,"Galveston, TX",34448
21117063800,"Covington, KY",34448
36105950900,"South Fallsburg, NY",34448
35013001203,"Las Cruces, NM",34448
37035010202,"Conover, NC",34448
37097061102,"Statesville, NC",34447
48113001101,"Lower Greenville, Dallas, TX",34447
39049010700,"Clintonville, Columbus, OH",34447
4027000502,"Yuma, AZ",34446
32003003102,"Pittman, Las Vegas, NV",34445
12063210700,"Marianna, FL",34445
12086000608,"Hialeah, FL",34445
36081051000,"Queens County, NY",34445
27035950100,"Emily, MN",34445
48201533100,"Northside, Houston, TX",34444
20111000400,"Emporia, KS",34444
36081061800,"Queens County, NY",34444
12103025405,"Clearwater, FL",34443
51001090200,"New Church, VA",34441
48061013004,"Brownsville, TX",34441
2090001600,"North Pole, AK",34439
1093964400,"Hamilton, AL",34438
25013811101,"Chicopee, MA",34437
12099004812,"Lake Worth, FL",34437
42011001800,"Reading, PA",34437
42035030700,"Lock Haven, PA",34435
6037920038,"Santa Clarita, CA",34435
54061011000,"Morgantown, WV",34435
53015001300,"Kelso, WA",34434
28081950800,"Tupelo, MS",34433
12095014703,"Metro West, Orlando, FL",34432
6029002600,"Southgate, Bakersfield, CA",34432
12127080201,"Fairwinds Estates, Ormond Beach, FL",34432
6047000603,"Atwater, CA",34432
6107000202,"Orosi, CA",34431
6037204820,"Boyle Heights, Los Angeles, CA",34431
26163572500,"Dearborn Heights, MI",34431
29095015200,"River Market, Kansas City, MO",34430
5001480200,"Stuttgart, AR",34430
54067950700,"Pool, WV",34429
24005402403,"Gwynn Oak, Baltimore, MD",34429
51047930202,"Boston, VA",34429
6007003502,"Gridley, CA",34428
6037900104,"Lake Los Angeles, CA",34428
12053040303,"Brooksville, FL",34427
39129020400,"Circleville, OH",34427
39049004810,"Hilltop, Columbus, OH",34426
13129970300,"Calhoun, GA",34426
37139960600,"Elizabeth City, NC",34425
4019002505,"Midvale Park, Tucson, AZ",34425
12071050206,"Fort Myers, FL",34425
54037972401,"Ranson, WV",34425
12099007602,"Boca Raton, FL",34424
17109010900,"Macomb, IL",34424
37045950800,"Shelby, NC",34424
36101960900,"Hornell, NY",34422
39013010200,"Wolfhurst, Bridgeport, OH",34422
26017286400,"Bentley, MI",34422
6045011002,"Caspar, CA",34422
8069001306,"Fort Collins, CO",34422
48141003804,"Shawver Park, El Paso, TX",34421
51067020200,"Glade Hill, VA",34421
1007010002,"West Blocton, AL",34420
6037533701,"Maywood, CA",34420
6037602003,"Inglewood, CA",34420
42081000600,"East End, Williamsport, PA",34420
50003970400,"Bennington County, VT",34419
13059130700,"Athens, GA",34419
45077011102,"Central, SC",34419
31001965700,"Hastings, NE",34419
48201551000,"Northcliffe, Houston, TX",34419
12011020407,"North Lauderdale, FL",34418
49049002500,"Maeser, Provo, UT",34418
28087000300,"Columbus, MS",34418
24033800608,"Greater Upper Marlboro, Upper Marlboro, MD",34418
24011955400,"Denton, MD",34417
47169090200,"Hartsville, TN",34417
24033804900,"Hyattsville, MD",34417
12095016803,"Orlando, FL",34417
51810046012,"Virginia Beach, VA",34415
36081058200,"Queens County, NY",34415
21111011800,"Edgewood, Louisville, KY",34415
6053014202,"Marina, CA",34414
6059074802,"Casa Bonita, Santa Ana, CA",34414
40143008300,"Tulsa, OK",34413
10005050501,"Georgetown, DE",34413
6037104310,"San Fernando, CA",34413
13089023312,"Stone Mountain, GA",34412
26049012007,"Flint, MI",34412
35001000402,"Pueblo Alto, Albuquerque, NM",34412
26157000600,"Caro, MI",34411
16043970100,"Island Park, ID",34411
40109108009,"Midwest City, OK",34411
48215022204,"Donna, TX",34411
47009010600,"Maryville, TN",34411
6071004604,"Muscupiabe, San Bernardino, CA",34410
6037900701,"Lancaster, CA",34409
6037542106,"East Compton, CA",34408
47157021745,"Richwood, Memphis, TN",34407
39139001800,"Mansfield, OH",34407
48201232302,"Stonefield Terrace, Houston, TX",34407
42101025800,"North Philadelphia, Philadelphia, PA",34407
21155970800,"Bradfordsville, KY",34406
29009960401,"Seligman, MO",34406
8031002901,"Washington Park West, Denver, CO",34405
37119005619,"Silverwood, Charlotte, NC",34405
1073014104,"McCalla, AL",34404
55113100700,"Radisson, WI",34404
48141010401,"Socorro, TX",34404
26107960500,"Big Rapids, MI",34403
25027731204,"Main South, Worcester, MA",34402
42079217900,"West Hazleton, PA",34402
6019004002,"Kerman, CA",34402
29001950500,"Kirksville, MO",34401
12086006602,"Brickell, Miami, FL",34401
26111291400,"St. Louis, MI",34400
13149970200,"Franklin, GA",34399
21227010900,"Bowling Green, KY",34397
36067004500,"Eastside, Syracuse, NY",34397
23005002300,"East Deering, Portland, ME",34396
4019004058,"Coyote Corridor, Tucson, AZ",34395
34023004500,"Perth Amboy, NJ",34395
39061021603,"Cincinnati, OH",34394
26111290200,"Midland, MI",34394
22051027000,"Marrero, LA",34394
47171080200,"Erwin, TN",34393
12115002302,"Venice, FL",34393
37081016800,"Pleasant Garden, NC",34393
17031826303,"Dolton, IL",34393
17097861804,"Waukegan, IL",34392
32031001702,"Reno, NV",34392
12113010502,"Milton, FL",34391
6045011400,"Ukiah, CA",34391
36047033300,"Kings County, NY",34391
51810041801,"Chic's Beach, Virginia Beach, VA",34391
13277960200,"Ty Ty, GA",34391
37119006008,"Coulwood West, Charlotte, NC",34390
5083950200,"Paris, AR",34389
13291000203,"Blairsville, GA",34389
12095017703,"Apopka, FL",34388
21125971101,"London, KY",34388
6071003606,"Bloomington, CA",34387
13051004001,"Savannah, GA",34387
5131001303,"Fort Smith, AR",34387
6099003804,"Turlock, CA",34387
12061050904,"Fellsmere, FL",34386
12095017504,"Apopka, FL",34386
37069060700,"Louisburg, NC",34386
21083020300,"Mayfield, KY",34385
47055920500,"Pulaski, TN",34385
48141004002,"Vista del Prado, El Paso, TX",34385
42069102500,"South Side, Scranton, PA",34384
4013061300,"Goodyear Estates, Goodyear, AZ",34383
20009971400,"Great Bend, KS",34383
40119010600,"Stillwater, OK",34382
36109001700,"Ithaca, NY",34382
51710004002,"Ghent, Norfolk, VA",34382
20035493800,"Arkansas City, KS",34381
36019101400,"Plattsburgh, NY",34381
48439105514,"Fort Worth, TX",34380
25011040701,"Turners Falls, Montague, MA",34379
48453002430,"Chateau At Onion Creek, Austin, TX",34378
8045951702,"Glenwood Springs, CO",34378
25023511301,"Brockton, MA",34378
6067002900,"Southeastern Sacramento, Sacramento, CA",34378
6037530700,"Los Angeles, CA",34378
35043940600,"Jemez Pueblo, NM",34377
24031702301,"Silver Spring, MD",34377
36047047400,"Kings County, NY",34377
41047001803,"Southeast Mill Creek, Salem, OR",34377
24021750503,"Hawthorne Ridge, Frederick, MD",34376
37021001801,"Haw Creek, Asheville, NC",34376
25003900400,"Pittsfield, MA",34376
18097361300,"Warren, Indianapolis, IN",34375
48029181004,"Northwest Side, San Antonio, TX",34375
26079950300,"Kalkaska, MI",34375
22097960600,"Opelousas, LA",34374
6065030502,"Eastside, Riverside, CA",34374
37149920104,"Columbus, NC",34373
13175950500,"Dublin, GA",34373
37031970501,"Newport, NC",34372
41019160000,"Winston, OR",34372
12071060203,"Fort Myers Beach, FL",34372
19103000600,"Horn, Iowa City, IA",34372
4019004414,"Tucson, AZ",34372
37051002800,"Cape Fear, Stedman, NC",34371
40109107222,"Central Oklahoma City, Oklahoma City, OK",34371
37035010304,"Hickory, NC",34371
1073012912,"Hoover, AL",34371
51800065200,"Suffolk, VA",34370
8031002701,"Capitol Hill, Denver, CO",34369
31109001800,"Downtown, Lincoln, NE",34368
2170001300,"Palmer, AK",34367
6095252401,"Fairfield, CA",34367
13249960200,"Ellaville, GA",34367
47065010700,"Chattanooga, TN",34366
6037221710,"Jefferson, Los Angeles, CA",34366
27057070500,"Park Rapids, MN",34366
5115951000,"Russellville, AR",34365
5007021101,"Siloam Springs, AR",34364
48141010341,"El Paso, TX",34364
48479000105,"Eastern Division, Laredo, TX",34364
39113020500,"Dayton, OH",34364
37171931001,"Mount Airy, NC",34364
29510101400,"Carondelet, St. Louis, MO",34364
45015020717,"Ladson, SC",34363
51710000300,"Ocean View, Norfolk, VA",34363
42101038200,"Harrowgate, Philadelphia, PA",34363
5007020301,"Rogers, AR",34362
12031014902,"Arlington, Jacksonville, FL",34362
6037534102,"South Montebello, Bell Gardens, CA",34362
18135952000,"Lynn, IN",34361
37013930100,"Pantego, NC",34361
21205950200,"Morehead, KY",34359
4025001602,"Camp Verde, AZ",34359
47187050800,"Franklin, TN",34359
34039030500,"Elizabeth, NJ",34359
39035140800,"Cleveland Heights, OH",34359
13217100902,"Covington, GA",34358
1125012305,"Tuscaloosa, AL",34358
40135030402,"Muldrow, OK",34357
48251130800,"Cleburne, TX",34357
20159967200,"Lyons, KS",34357
13121010117,"Sandy Springs, GA",34357
13269950200,"Reynolds, GA",34357
18025952000,"Taswell, IN",34356
42003463900,"McKees Rocks, PA",34356
46103010907,"Rapid City, SD",34356
18105001304,"Bloomington, IN",34355
36065021103,"Utica, NY",34355
42045406600,"Marcus Hook, PA",34355
6045011200,"Philo, CA",34354
40041375700,"Grove, OK",34353
36013035500,"Dunkirk, NY",34353
12001001803,"Gainesville, FL",34353
6111009100,"Oxnard, CA",34353
48467950500,"Wills Point, TX",34352
18103952800,"Peru, IN",34351
26125124500,"Holly, MI",34349
11001009302,"Brookland, Washington, DC",34349
12005000400,"Panama City, FL",34347
6109001200,"Sonora, CA",34347
35013001303,"Las Cruces, NM",34347
34031183102,"Paterson, NJ",34347
53045961100,"Shelton, WA",34347
48247950200,"Hebbronville, TX",34346
26049011713,"Davison, MI",34345
35001004749,"West Winds, Albuquerque, NM",34345
37119005612,"Charlotte, NC",34345
48215021701,"Pharr, TX",34345
37057061703,"Linwood, NC",34344
36047085400,"Kings County, NY",34343
45015020725,"Goose Creek, SC",34343
28035010400,"Petal, MS",34343
1079979400,"Moulton, AL",34342
25025010403,"Fenway/Kenmore, Boston, MA",34342
12005000700,"Tyndall Air Force Base, FL",34342
4013050702,"Buckeye, AZ",34341
29209090400,"Lampe, MO",34341
18055954701,"Bloomfield, IN",34340
4013071914,"Peoria, AZ",34340
18097360301,"Warren, Indianapolis, IN",34340
51810044004,"Northeast Virginia Beach, Virginia Beach, VA",34340
40143007306,"Tulsa, OK",34339
45091061401,"McConnells, SC",34339
28047001400,"Gulfport, MS",34339
16079960300,"Kellogg, ID",34339
37079950102,"Snow Hill, NC",34338
35001000110,"La Reina De Los Altos, Albuquerque, NM",34337
12086003915,"Normandy Isles, Miami Beach, FL",34337
42003552000,"McKeesport, PA",34337
6033000900,"Kelseyville, CA",34337
34013002201,"Upper Vailsburg, Newark, NJ",34336
48451001102,"San Angelo, TX",34336
21085950400,"Leitchfield, KY",34336
6083002206,"Santa Maria, CA",34335
17031831200,"Hermosa, Chicago, IL",34335
54031970100,"Baker, WV",34335
8031008390,"Green Valley Ranch, Denver, CO",34334
48373210206,"Onalaska, TX",34334
35061970800,"Belen, NM",34332
37097061407,"Mooresville, NC",34332
54101970200,"Webster Springs, WV",34331
48323950201,"Eagle Pass, TX",34331
39035152301,"Euclid, OH",34331
34017017500,"Union City, NJ",34329
42017100700,"Bristol, PA",34329
17061973700,"Roodhouse, IL",34328
36011040900,"Moravia, NY",34328
6067007416,"Sacramento, CA",34328
4019004056,"South Harrison, Tucson, AZ",34327
18067000600,"Forest Park Estates, Kokomo, IN",34327
42121200800,"Oil City, PA",34327
32003000517,"Las Vegas, NV",34327
6103000800,"Tehama County, CA",34324
23007971100,"Chesterville, ME",34323
26145011800,"Saginaw, MI",34322
4003000201,"Willcox, AZ",34322
6037462302,"Pasadena, CA",34322
5119004004,"Little Rock, AR",34321
48201211600,"Northeast Houston, Houston, TX",34320
54003971300,"Martinsburg, WV",34320
6107000600,"Cutler, CA",34318
51141030200,"Ararat, VA",34318
12105014501,"Winter Haven, FL",34318
48113006302,"Oak Cliff, Dallas, TX",34318
48441011500,"Elmwood Area, Abilene, TX",34317
26125197400,"Troy, MI",34317
5003960400,"Hamburg, AR",34316
12041950100,"Bell, FL",34316
47125101600,"Clarksville, TN",34315
47189030500,"Lebanon, TN",34315
13123080200,"Ellijay, GA",34314
48197950100,"Quanah, TX",34314
47155081101,"Gatlinburg, TN",34314
25005651600,"New Bedford, MA",34314
29213480301,"Branson, MO",34314
6037541802,"Lynwood, CA",34314
10005050301,"Bridgeville, DE",34313
6037101210,"Tujunga, Los Angeles, CA",34313
12091021502,"Shalimar, FL",34312
5051012002,"Hot Springs Village, AR",34311
16027020504,"Nampa, ID",34311
53061040200,"Delta, Everett, WA",34310
53009001200,"Port Angeles, WA",34310
20037957400,"Pittsburg, KS",34309
47157020300,"Millington, TN",34309
12011091701,"Hollywood Hills, Hollywood, FL",34308
12057011416,"Plantation, Tampa, FL",34308
45045003201,"Pelzer, SC",34308
12031013504,"Westside, Jacksonville, FL",34308
48439110402,"Fort Worth, TX",34308
24003730203,"Glen Burnie, MD",34306
18157000100,"Lafayette, IN",34306
48243950100,"Fort Davis, TX",34306
26163566900,"Wayne, MI",34306
54035963200,"Ravenswood, WV",34306
18157001700,"Lafayette, IN",34305
51760070300,"Oxford, Richmond, VA",34304
36103122502,"West Babylon, NY",34304
39061021504,"Cincinnati, OH",34304
48113005200,"Oak Cliff, Dallas, TX",34304
15003011300,"Waimanalo, HI",34302
32003002967,"Las Vegas, NV",34301
13285960202,"LaGrange, GA",34301
19193000800,"Sioux City, IA",34301
37175960500,"Brevard, NC",34300
1111000300,"Wedowee, AL",34300
51183870100,"Stony Creek, VA",34300
48439101201,"Arc, Fort Worth, TX",34299
6065043005,"Lake Elsinore, CA",34298
51163930300,"Lexington, VA",34298
12019030103,"Middleburg, FL",34298
20129964600,"Elkhart, KS",34298
51185021000,"Richlands, VA",34297
5045031102,"Mayflower, AR",34297
45019000600,"Charleston, SC",34296
4021001600,"Casa Grande, AZ",34296
6045010300,"Fort Bragg, CA",34296
39113050502,"Miamisburg, OH",34295
37021002900,"Barnardsville, NC",34295
36067002700,"Far Westside, Syracuse, NY",34295
26065004500,"East Lansing, MI",34294
28015950200,"Carrollton, MS",34294
37061090802,"Rose Hill, NC",34294
33011001900,"Kalivas Union, Manchester, NH",34294
48471790101,"Huntsville, TX",34294
12101031101,"Garden Terrace Acres, Hudson, FL",34294
18003000400,"Northside, Fort Wayne, IN",34294
51710000400,"Willoughby Spit, Norfolk, VA",34293
48201511100,"Northside, Houston, TX",34293
37067003105,"Walkertown, NC",34293
36005041800,"Bronx County, NY",34292
6007000202,"Chico, CA",34292
29145021000,"Stark City, MO",34292
12103027801,"Madeira Beach, FL",34292
37193960700,"North Wilkesboro, NC",34292
12086001205,"Miami Shores, FL",34291
55059001200,"Kenosha, WI",34290
39153503600,"Ellet, Akron, OH",34290
39073965100,"Logan, OH",34290
37031970902,"Emerald Isle, NC",34289
12073000302,"Indian Head-Leigh, Tallahassee, FL",34289
32003005011,"Las Vegas, NV",34289
8101000904,"Belmont, Pueblo, CO",34288
54003971600,"Martinsburg, WV",34288
25011040502,"Orange, MA",34288
39027964900,"Blanchester, OH",34287
26007000200,"Alpena, MI",34287
19171290500,"Tama, IA",34286
51515050100,"Bedford, VA",34285
27053102500,"Logan Park, Minneapolis, MN",34285
13245010800,"Augusta, GA",34284
37119005524,"Mineral Springs, Charlotte, NC",34283
51167030200,"Cleveland, VA",34283
37001021803,"Snow Camp, NC",34282
20125951000,"Coffeyville, KS",34282
37179020701,"Wingate, NC",34282
23009965800,"Gouldsboro, ME",34282
32003002206,"Las Vegas, NV",34281
26017280600,"Bay City, MI",34280
48061012607,"Brownsville, TX",34280
54065970900,"Great Cacapon, WV",34279
18023950600,"Frankfort, IN",34279
6037541801,"Lynwood, CA",34279
6075016400,"Western Addition, San Francisco, CA",34278
12057010811,"Tampa, FL",34278
13185010103,"Valdosta, GA",34278
48281950301,"Kempner, TX",34278
2170000601,"Wasilla, AK",34278
40027201603,"Moore, OK",34277
36045060100,"Alexandria Bay, NY",34277
28047003505,"Gulfport, MS",34276
41039000708,"Florence, OR",34276
21231920400,"Monticello, KY",34276
48215021303,"Pharr, TX",34276
6067007406,"Larchmont Village, North Highlands, CA",34274
6107000201,"Orosi, CA",34274
13217100901,"Oak Hill, Covington, GA",34273
17031221200,"Logan Square, Chicago, IL",34273
32003000103,"Torrey Pines Preservation, Las Vegas, NV",34273
12001002101,"Micanopy, FL",34272
12103025306,"Largo, FL",34272
34031182500,"Paterson, NJ",34272
41017000200,"La Pine, OR",34272
23023970700,"Bath, ME",34271
17089851301,"Elgin Historic District, Elgin, IL",34271
6037104822,"Pacoima, Los Angeles, CA",34271
47123925400,"Madisonville, TN",34270
22019000700,"Lake Charles, LA",34270
45083021901,"Spartanburg, SC",34270
4015950704,"Kingman, AZ",34269
48409010800,"Taft, TX",34268
9003510300,"East Hartford, CT",34268
45073031100,"Westminster, SC",34267
54099005200,"Huntington, WV",34267
12127090305,"Daytona Park Estates, DeLand, FL",34266
6077002702,"Stockton, CA",34266
45023020400,"Chester, SC",34266
37119005825,"Pineville, NC",34265
42115032400,"Thompson, PA",34264
1073012001,"Birmingham, AL",34264
29091090200,"Mountain View, MO",34264
21121930400,"Corbin, KY",34264
12101032401,"Dade City, FL",34263
29139970400,"Jonesburg, MO",34262
51191010402,"Abingdon, VA",34262
26077001905,"Milwood, Portage, MI",34262
29209090200,"Cape Fair, MO",34261
45091060102,"Rock Hill, SC",34261
28151000701,"Greenville, MS",34261
51031020102,"Rustburg, VA",34260
5121960302,"Pocahontas, AR",34260
17019011000,"Champaign, IL",34259
6111004304,"Port Hueneme, CA",34258
26117970900,"Crystal, MI",34258
51153900901,"Dumfries, VA",34258
48399950100,"Winters, TX",34258
42101005500,"Eastwick, Philadelphia, PA",34258
37197050300,"Jonesville, NC",34258
26097950500,"Saint Ignace, MI",34257
12103025415,"Newport, Clearwater, FL",34257
48029131505,"Northeast Side, San Antonio, TX",34257
4005002300,"Williams, AZ",34256
47041920101,"Smithville, TN",34256
1125012000,"Tuscaloosa, AL",34256
54039012100,"Gallagher, WV",34256
32003005017,"Las Vegas, NV",34255
36113070200,"Glens Falls, NY",34255
6037576802,"Eastside, Long Beach, CA",34254
35001003501,"Alamedan Valley, Albuquerque, NM",34254
42007604000,"Ambridge, PA",34253
6099002002,"Modesto, CA",34253
48213950602,"Gun Barrel City, TX",34253
21003920400,"Scottsville, KY",34253
37067003310,"Winston-Salem, NC",34252
51037930200,"Phenix, VA",34252
39061000700,"Central Business District, Cincinnati, OH",34251
48029141101,"East Side, San Antonio, TX",34250
12045960300,"Port Saint Joe, FL",34249
48099010501,"Fort Hood, TX",34248
6037294830,"Wilmington, Los Angeles, CA",34246
26163555400,"Redford Charter Township, MI",34245
12099004819,"Greenacres, FL",34245
36045060803,"Fort Drum, NY",34245
37035010301,"Hickory, NC",34244
26081011406,"West River, Comstock Park, MI",34244
26081004200,"Alger Heights, Grand Rapids, MI",34242
24005402407,"Windsor Mill, Milford Mill, MD",34242
48021950802,"Cedar Creek, TX",34241
6037551102,"Downey, CA",34241
24025306200,"Havre de Grace, MD",34241
32005001100,"Gardnerville, NV",34241
23003951700,"Fort Fairfield, ME",34241
29105960298,"Lebanon, MO",34240
25027757300,"Southbridge, MA",34240
4013107202,"Alhambra, Phoenix, AZ",34240
6001422400,"North Berkeley, Berkeley, CA",34240
53077000500,"Yakima, WA",34238
6037204910,"Boyle Heights, Los Angeles, CA",34238
51167030401,"Lebanon, VA",34238
36005042000,"Bronx County, NY",34238
18091042100,"La Porte, IN",34237
37191001102,"Goldsboro, NC",34237
47043060602,"Dickson, TN",34237
48113000406,"Dallas, TX",34237
26081014703,"Grand Rapids, MI",34237
48113004500,"Oak Cliff, Dallas, TX",34236
17031200402,"Hermosa, Chicago, IL",34236
29039870100,"Stockton, MO",34235
39145002400,"Lucasville, OH",34235
23019018000,"Levant, ME",34234
23001010500,"Auburn, ME",34234
17097862402,"Waukegan, IL",34233
48099010604,"Copperas Cove, TX",34233
15009030501,"Paia, HI",34233
12099007767,"Boca Raton, FL",34232
42055012300,"Waynesboro, PA",34232
6037269906,"Palms, Los Angeles, CA",34232
29161890600,"Newburg, MO",34232
51069051102,"Winchester, VA",34231
41039001201,"Cottage Grove, OR",34231
36047093000,"Kings County, NY",34231
12115001602,"Sarasota, FL",34230
24005430300,"Lansdowne - Baltimore Highlands, Halethorpe, MD",34230
26135970400,"Mio, MI",34229
1049960700,"Crossville, AL",34229
48453002003,"South Austin, Austin, TX",34228
37065021600,"Macclesfield, NC",34227
48453002402,"South Austin, Austin, TX",34227
6077003307,"Stockton, CA",34227
13009970300,"Milledgeville, GA",34227
6065045108,"Palm Desert, CA",34227
6073020601,"Central Escondido, Escondido, CA",34227
45047970101,"Hodges, SC",34227
37037020401,"Siler City, NC",34227
53047970600,"Omak, WA",34226
42021001200,"Johnstown, PA",34226
55003950800,"Ashland, WI",34225
1127020900,"Jasper, AL",34224
1081042003,"Phenix City, AL",34224
32003005336,"Black Mountain, Henderson, NV",34222
51013103100,"Nauck, Arlington, VA",34222
26099255800,"Roseville, MI",34222
5097953000,"Mount Ida, AR",34221
45085000300,"Dalzell, SC",34221
45035010501,"Summerville, SC",34220
37119001915,"East Forest, Charlotte, NC",34220
36027220801,"Poughkeepsie, NY",34219
36119001303,"Park Hill, Yonkers, NY",34219
37085070801,"Lillington, NC",34218
21111009000,"Iroquois, Louisville, KY",34217
40143001900,"Turner Park, Tulsa, OK",34216
37191000101,"Pikeville, NC",34216
48113006502,"Oak Cliff, Dallas, TX",34216
6065042512,"Moreno Valley, CA",34216
45015020302,"Bonneau, SC",34216
42049002600,"Erie, PA",34216
47125102002,"Clarksville, TN",34215
47139950400,"Copperhill, TN",34214
42115032200,"Hallstead, PA",34214
13305970600,"Jesup, GA",34214
36005040400,"Bronx County, NY",34214
5069002104,"Pine Bluff, AR",34214
47037010602,"Madison, Nashville, TN",34214
38099957900,"Grafton, ND",34213
36065024101,"Forestport, NY",34212
6099001500,"Modesto, CA",34211
12011010606,"Coconut Creek, FL",34210
6037221120,"Central LA, Los Angeles, CA",34210
48113009802,"Northwest Dallas, Dallas, TX",34209
1095030801,"Albertville, AL",34209
9001070200,"Black Rock, Bridgeport, CT",34208
45085001901,"Sumter, SC",34208
12053040701,"Weeki Wachee, FL",34207
48201421600,"Gulfton, Houston, TX",34207
12086009020,"Miami, FL",34206
48439106514,"Far East Fort Worth, Fort Worth, TX",34204
35013001900,"White Sands Missile Range, NM",34204
26123970700,"White Cloud, MI",34204
36047087200,"Kings County, NY",34203
18097321600,"Washington Township, Indianapolis, IN",34203
54039000300,"Charleston, WV",34202
12057001400,"Northwest Tampa, Tampa, FL",34201
6037405002,"Baldwin Park, CA",34201
12095017008,"Orlando, FL",34200
19013001600,"Waterloo, IA",34200
36015000900,"Elmira, NY",34199
42003562600,"Elliott, Pittsburgh, PA",34199
48113017704,"El Rosa, Mesquite, TX",34199
12011100104,"Hollywood, FL",34198
48113019900,"Oak Cliff, Dallas, TX",34198
48055960500,"Martindale, TX",34198
39035105700,"Old Brooklyn, Cleveland, OH",34198
36007013700,"Endicott, NY",34198
6099001200,"Modesto, CA",34197
12073001500,"Town and Country, Tallahassee, FL",34197
6065031002,"Riverside Airport, Riverside, CA",34197
47087960300,"Gainesboro, TN",34197
48305950600,"Tahoka, TX",34196
12011110600,"River Oaks, Fort Lauderdale, FL",34196
50023955200,"Barre, VT",34196
13071970701,"Moultrie, GA",34195
36055015301,"Brockport, NY",34195
44007000101,"Washington Park, Providence, RI",34194
13089021306,"Atlanta, GA",34193
12097043600,"Saint Cloud, FL",34193
36081037100,"Queens County, NY",34192
24033805906,"Adelphi, MD",34192
51800075402,"Suffolk, VA",34192
48141001113,"Lambka Park, El Paso, TX",34192
13031110900,"Pembroke, GA",34191
48113000900,"Knox / Henderson, Dallas, TX",34191
21113060102,"Nicholasville, KY",34191
50021964200,"Danby, VT",34190
6037576401,"Eastside, Long Beach, CA",34189
29021000500,"Saint Joseph, MO",34188
37101041001,"Clayton, NC",34187
54035963400,"Cottageville, WV",34187
48453001806,"Georgian Acres, Austin, TX",34186
18097310312,"Indianapolis, IN",34186
54057010100,"Wiley Ford, WV",34186
26159010200,"South Haven, MI",34185
22051027601,"Westwego, LA",34185
29133950400,"East Prairie, MO",34185
47051960600,"Winchester, TN",34185
51119951100,"Topping, VA",34185
36071002300,"Port Jervis, NY",34184
23005016000,"Bridgton, ME",34184
25009251400,"Lawrence, MA",34184
12053041006,"Spring Hill, FL",34183
29217950600,"Sheldon, MO",34182
12057011901,"Tampa, FL",34182
47115050301,"South Pittsburg, TN",34181
35001004602,"Valle Verde Estates, Albuquerque, NM",34181
54047953800,"Davy, WV",34180
48465950601,"Del Rio, TX",34179
47037017402,"Glencliff, Nashville, TN",34179
4013082204,"Estrella Village, Tolleson, AZ",34178
6073003601,"Southcrest, San Diego, CA",34178
42101006700,"Elmwood, Philadelphia, PA",34178
51630000200,"Fredericksburg, VA",34177
12031016000,"Sans Souci, Jacksonville, FL",34177
1019955800,"Sand Rock, AL",34176
36029000500,"First Ward, Buffalo, NY",34176
39049008164,"Westland, Columbus, OH",34176
41039000706,"Florence, OR",34176
13257970100,"Toccoa, GA",34176
4013421303,"Casa Mesa II, Mesa, AZ",34176
48439106518,"Fort Worth, TX",34175
51700032132,"North Newport News, Newport News, VA",34175
12115002711,"North Port, FL",34175
55025002100,"Emerson East, Madison, WI",34174
29029951200,"Sunrise Beach, MO",34174
54039010600,"Nitro, WV",34174
13185011401,"Valdosta, GA",34173
6071009710,"Apple Valley, CA",34173
12055961500,"Lake Placid, FL",34173
26049013500,"Flint, MI",34173
19193003600,"Sioux City, IA",34173
26163584600,"Taylor, MI",34172
6077003407,"Valley Oak, Stockton, CA",34172
2170000300,"Palmer, AK",34171
40143003800,"Tulsa, OK",34170
24033802103,"District Heights, MD",34170
40027202203,"Moore, OK",34170
13047030100,"Tunnel Hill, GA",34170
8001008603,"Brighton, CO",34170
42089300304,"Blakeslee, PA",34169
42123970800,"Warren, PA",34169
39063000800,"Findlay, OH",34169
39061009700,"West Price Hill, Cincinnati, OH",34169
41039001002,"Eugene, OR",34169
36047051700,"Kings County, NY",34168
4013104401,"North Mountain Village, Phoenix, AZ",34168
6037601802,"Inglewood, CA",34168
6037534302,"Cudahy, CA",34167
4013061037,"Rancho Gabriela, Surprise, AZ",34165
12011020406,"Tamarac, FL",34164
6053013700,"Seaside, CA",34164
28159950100,"Louisville, MS",34163
17115001200,"Decatur, IL",34163
48201422302,"Southwest Houston, Houston, TX",34163
12011043301,"South Fort Lauderdale, Fort Lauderdale, FL",34163
21069920100,"Flemingsburg, KY",34163
26145011100,"Saginaw, MI",34162
6037296220,"San Pedro, Los Angeles, CA",34161
39099802800,"Schenley, Youngstown, OH",34161
32003000101,"Las Vegas, NV",34160
17099963300,"LaSalle, IL",34160
37049960101,"New Bern, NC",34160
1095030401,"Arab, AL",34159
2170001201,"Palmer, AK",34159
13127000600,"Brunswick, GA",34159
45063021307,"Lexington County, SC",34159
36005042400,"Bronx County, NY",34158
37199960101,"Burnsville, NC",34158
37151030201,"Asheboro, NC",34158
41011000800,"Coos Bay, OR",34158
17089854600,"Downtown, Elgin, IL",34158
51530930600,"Buena Vista, VA",34156
48113006402,"Oak Cliff, Dallas, TX",34156
25003935300,"North Adams, MA",34156
1077010900,"Florence, AL",34155
18089021400,"Hammond, IN",34155
13073030401,"Appling, GA",34155
12087972600,"Key West, FL",34154
41039002700,"Eugene, OR",34153
48453001840,"Pflugerville, TX",34153
29097012000,"Reeds, MO",34153
12086000806,"Hialeah, FL",34153
29159480800,"Sedalia, MO",34153
37151030503,"Sophia, NC",34152
42049010101,"West Springfield, PA",34152
26161414000,"Burns Park, Ypsilanti, MI",34151
29131962700,"Eldon, MO",34151
17151971300,"Golconda, IL",34151
34007607701,"Lindenwold, NJ",34151
12103022902,"Ponce de Leon, Saint Petersburg, FL",34150
24027601203,"Elkridge, MD",34149
48029161902,"San Antonio, TX",34149
13233010600,"Rockmart, GA",34149
5021950400,"Corning, AR",34149
47053966200,"Dyer, TN",34147
17031230400,"Humboldt Park, Chicago, IL",34147
47097050300,"Halls, TN",34147
25009251600,"Lawrence, MA",34147
29095013401,"Grandview, MO",34147
8031004602,"Mar Lee, Denver, CO",34147
26125161400,"Southfield, MI",34147
28001000700,"Natchez, MS",34146
39143961800,"Fremont, OH",34146
6071003510,"Rialto, CA",34146
47131965900,"Kenton, TN",34145
24033802201,"Upper Marlboro, MD",34145
36081035800,"Queens County, NY",34144
39153504700,"Firestone Park, Akron, OH",34144
47081950400,"Centerville, TN",34144
35013001600,"La Mesa, NM",34144
55105002100,"Beloit, WI",34144
39027965000,"Midland, OH",34143
55063001000,"La Crosse, WI",34142
12105011910,"Lakeland, FL",34142
51550020003,"Indian River, Chesapeake, VA",34141
1045020100,"Ariton, AL",34141
29161890500,"Rolla, MO",34141
28005950200,"Gloster, MS",34140
48423001604,"Tyler, TX",34140
17115001600,"Decatur, IL",34140
54109002901,"Cyclone, WV",34139
37129011605,"Wilmington, NC",34139
22051022302,"Bonnabel Place, Metairie, LA",34138
6073000400,"Hillcrest, San Diego, CA",34137
28045030300,"Waveland, MS",34137
39165030200,"Franklin, OH",34137
18157001800,"Lafayette, IN",34136
21001970401,"Columbia, KY",34136
51143010200,"Hurt, VA",34136
6073003603,"Shelltown, San Diego, CA",34136
12031014603,"Arlington, Jacksonville, FL",34136
6037120107,"Panorama City, Los Angeles, CA",34135
6037190402,"Central LA, Los Angeles, CA",34135
6037190901,"Central LA, Los Angeles, CA",34135
8041004511,"Fountain Valley, Fountain, CO",34134
39113050303,"Dayton, OH",34134
6059087504,"Southeast Anaheim, Anaheim, CA",34134
48061012002,"Harlingen, TX",34134
4027011110,"Scottsdale East Estates, Yuma, AZ",34134
21227011002,"Bowling Green, KY",34133
36081052400,"Queens County, NY",34133
40037021000,"Bristow, OK",34132
53011040706,"Orchards Area Concerned Citizens, Vancouver, WA",34132
6111004506,"South Winds, Oxnard, CA",34132
47113001607,"Jackson, TN",34132
27123032600,"Thomas - Dale, Saint Paul, MN",34132
15001020100,"Pepeekeo, HI",34132
45007010402,"Williamston, SC",34131
12001001806,"High Springs, FL",34131
48201220700,"Eastex/ Jensen, Houston, TX",34131
6047000902,"Merced, CA",34129
47013950500,"Jacksboro, TN",34129
36063023405,"Lockport, NY",34129
48217960500,"Whitney, TX",34128
40031002302,"Cache, OK",34127
17031300500,"Little Village, Chicago, IL",34127
47037015900,"South Nashville, Nashville, TN",34127
12086011009,"Homestead, FL",34126
39095007500,"Reynolds Corners, Toledo, OH",34126
48029151200,"South San Antonio, San Antonio, TX",34126
42101017900,"North Philadelphia, Philadelphia, PA",34126
45057011001,"Lancaster, SC",34125
17119403300,"Collinsville, IL",34125
12061050807,"Sebastian, FL",34124
39061005302,"Hyde Park, Cincinnati, OH",34124
6065030103,"Downtown Riverside, Riverside, CA",34124
6013316000,"Martinez, CA",34123
12105010701,"Southwest Lakeland, Lakeland, FL",34123
45041001602,"Effingham, SC",34123
32003000109,"Las Vegas, NV",34123
51191010601,"Abingdon, VA",34122
53053061601,"New Tacoma, Tacoma, WA",34122
6037930200,"Los Angeles County, CA",34122
1109189100,"Troy, AL",34121
6037134903,"Canoga Park, Los Angeles, CA",34121
51840000301,"Winchester, VA",34120
24025302901,"Aberdeen, MD",34120
39095007205,"Southwyck, Toledo, OH",34120
8043979400,"Florence, CO",34120
19193001100,"Sioux City, IA",34119
37161961101,"Bostic, NC",34119
36047050700,"Kings County, NY",34119
6085500200,"Central San Jose, San Jose, CA",34118
29059480200,"Buffalo, MO",34118
12081000902,"Sarasota, FL",34117
47149040305,"Smyrna, TN",34117
34017019400,"Hoboken, NJ",34117
6073002712,"Mid-City, San Diego, CA",34117
5123960500,"Forrest City, AR",34117
12095016602,"Orlando, FL",34116
54049020100,"Fairmont, WV",34116
4019004011,"Dietz, Tucson, AZ",34116
25025060700,"D Street / West Broadway, Boston, MA",34116
23019000500,"Bangor, ME",34115
49035102702,"Poplar Grove, Salt Lake City, UT",34115
5051012001,"Hot Springs Village, AR",34115
20155000500,"Hutchinson, KS",34114
48489950400,"Raymondville, TX",34114
44007018300,"Woonsocket, RI",34113
47177930900,"McMinnville, TN",34113
22119032100,"Sibley, LA",34113
12091020302,"Crestview, FL",34113
26097950200,"Mackinac County, MI",34112
6037294820,"Wilmington, Los Angeles, CA",34112
24033803524,"Hyattsville, MD",34112
21067002200,"Meadowthorpe, Lexington, KY",34111
24003750102,"Baltimore, MD",34111
36047016300,"Kings County, NY",34111
6037211122,"Central LA, Los Angeles, CA",34111
48451000300,"San Angelo, TX",34111
36085013302,"Richmond County, NY",34110
23017966900,"Hiram, ME",34110
11001008402,"Northeast Washington, Washington, DC",34109
4019004029,"Groves Lincoln Park, Tucson, AZ",34108
53027001300,"Hoquiam, WA",34106
47179061300,"Johnson City, TN",34106
27013170700,"Lincoln Park, Mankato, MN",34105
41051003803,"North Portland, Portland, OR",34104
8013013503,"Longmont, CO",34104
37157040101,"Ruffin, NC",34104
40143007200,"McClure Park, Tulsa, OK",34103
29091090400,"Pottersville, MO",34103
44007001500,"Reservoir, Providence, RI",34102
48453002433,"Del Valle, TX",34102
12099005811,"Boynton Beach, FL",34102
37085071204,"Spring Lake, NC",34102
19193001400,"Sioux City, IA",34101
34017002700,"West Side, Jersey City, NJ",34100
5005950700,"Mountain Home, AR",34100
26027001700,"Marcellus, MI",34099
45063021018,"Lexington, SC",34099
26163586200,"Romulus, MI",34099
17119401000,"Roxana, IL",34099
37081015703,"Greensboro, NC",34098
28017950200,"New Houlka, MS",34098
25017383102,"Framingham, MA",34096
6037218800,"Central LA, Los Angeles, CA",34096
5031000401,"Jonesboro, AR",34096
22033004204,"Baker, LA",34094
12057011906,"Tampa, FL",34094
12086006402,"Coral Way, Miami, FL",34094
6065043313,"Hemet, CA",34093
48113017101,"Dallas, TX",34093
31001966100,"Hastings, NE",34093
47123925000,"Vonore, TN",34093
12105014302,"Lake Wales, FL",34092
48141004303,"Eastwood Heights, El Paso, TX",34092
17031310700,"Lower West Side, Chicago, IL",34091
12011020209,"Margate, FL",34090
20103070300,"Leavenworth, KS",34090
22117950600,"Bogalusa, LA",34090
48201421201,"Gulfton, Houston, TX",34089
20125951100,"Coffeyville, KS",34089
26147622000,"Port Huron, MI",34089
5071952100,"Clarksville, AR",34088
18077966600,"Madison, IN",34087
47037015627,"Antioch, Nashville, TN",34086
6007003501,"Gridley, CA",34086
18003003800,"Southwest Waynedale, Fort Wayne, IN",34086
51760010402,"Laburnum Park, Richmond, VA",34086
4019004322,"Mission View, Tucson, AZ",34085
32003003610,"North Las Vegas, NV",34085
6001423400,"South Berkeley, Berkeley, CA",34084
24510260700,"Fifteenth Street, Baltimore, MD",34084
47163042100,"Kingsport, TN",34083
6073002202,"Mid-City, San Diego, CA",34083
32003000526,"Las Vegas, NV",34083
37033930400,"Ruffin, NC",34083
47163042200,"Kingsport, TN",34083
29227960100,"Grant City, MO",34082
6111005403,"Camarillo, CA",34082
1003011403,"Gulf Shores, AL",34081
48055960700,"Luling, TX",34081
13013180108,"Auburn, GA",34081
48113014703,"Irving, TX",34080
6037531302,"Los Angeles, CA",34080
48439104701,"Rosemont, Fort Worth, TX",34079
6067004906,"Parkway, Sacramento, CA",34078
29145020900,"Granby, MO",34078
51011040200,"Appomattox, VA",34077
6099003908,"Turlock, CA",34076
45077011002,"Liberty, SC",34076
13015960803,"Emerson, GA",34076
36047077400,"Kings County, NY",34075
18097360700,"Irvington, Indianapolis, IN",34075
48113016301,"Grand Prairie, TX",34075
25009206600,"Lynn, MA",34074
48217960100,"Itasca, TX",34074
6095251802,"Vallejo, CA",34074
13135050537,"Duluth, GA",34074
53035081000,"Bremerton, WA",34074
6037900103,"Lancaster, CA",34073
53067010300,"Eastside, Olympia, WA",34073
4027011114,"Foothills, Yuma, AZ",34073
27137002600,"Lincoln Park, Duluth, MN",34073
36023970600,"Cortland, NY",34073
30047940400,"Ronan, MT",34072
44007017900,"Woonsocket, RI",34072
6019003804,"West Fresno, Fresno, CA",34072
41051004101,"North Portland, Portland, OR",34072
22071003303,"Gentilly, New Orleans, LA",34071
12071010203,"Diplomat, Cape Coral, FL",34070
29083950600,"Clinton, MO",34070
13291000102,"Blairsville, GA",34069
36005021601,"Bronx County, NY",34068
17183010500,"Danville, IL",34068
22015010701,"Bossier City, LA",34068
18163002400,"Diamond - Stringtown, Evansville, IN",34067
48201312500,"Midtown, Houston, TX",34067
48113017202,"Balch Springs, TX",34067
36047097400,"Kings County, NY",34067
53009001800,"Sequim, WA",34067
36047120200,"Kings County, NY",34067
26109960700,"Menominee, MI",34067
1015001800,"Weaver, AL",34066
39157021200,"New Philadelphia, OH",34066
12129010203,"Crawfordville, FL",34064
41039002800,"Eugene, OR",34063
6065045124,"Palm Desert, CA",34062
45051010100,"Nichols, SC",34062
5143010200,"Springdale, AR",34061
47065011411,"Chattanooga, TN",34061
37021003001,"Asheville, NC",34061
23003952900,"Orient, ME",34061
36005003800,"Bronx County, NY",34060
6013377000,"Iron Triangle, Richmond, CA",34060
26149040700,"Sturgis, MI",34059
1059973000,"Russellville, AL",34059
42089300800,"Stroudsburg, PA",34059
51660000402,"Harrisonburg, VA",34058
39095000400,"Five Points, Toledo, OH",34057
48141010404,"Clint, TX",34057
32003000800,"Downtown, Las Vegas, NV",34054
42089301002,"Stroudsburg, PA",34053
48097000500,"Gainesville, TX",34053
40041375900,"Eucha, OK",34052
42039111200,"Titusville, PA",34051
41035970800,"Klamath Falls, OR",34051
12099000903,"West Palm Beach, FL",34051
19127950500,"Marshalltown, IA",34050
39077916200,"Willard, OH",34049
24033801706,"Temple Hills, MD",34048
30063000700,"Riverfront, Missoula, MT",34048
36105950600,"Liberty, NY",34048
5005950500,"Norfork, AR",34046
1097006901,"Hillview, Theodore, AL",34046
37019020508,"Sunset Beach, NC",34045
26077001603,"Oakwood, Kalamazoo, MI",34044
48201232301,"Houston, TX",34044
39035101102,"Edgewater, Cleveland, OH",34043
23003952000,"Presque Isle, ME",34043
48215023514,"Edinburg, TX",34043
5019953601,"Arkadelphia, AR",34043
17031813302,"Chicago, IL",34043
27053003800,"Marcy-Holmes, Minneapolis, MN",34042
36047076600,"Kings County, NY",34042
13135050418,"Gwinnett Village, Norcross, GA",34042
26029001400,"Boyne City, MI",34041
48215022702,"Weslaco, TX",34041
24005420401,"Dundalk, MD",34041
5051011601,"Hot Springs, AR",34040
47157009300,"Colonial Acres, Memphis, TN",34040
48027020401,"Temple, TX",34040
18167001300,"Sheridan Park, Terre Haute, IN",34039
29085470300,"Hermitage, MO",34039
28059041000,"Gautier, MS",34039
51760040300,"Fan District, Richmond, VA",34038
54025950700,"Ronceverte, WV",34037
41067032501,"Hillsboro, OR",34037
37171930801,"Lowgap, NC",34036
42043022200,"Penbrook, PA",34036
47003950500,"Shelbyville, TN",34034
22027950300,"Haynesville, LA",34034
5145071100,"Higginson, AR",34033
6019006100,"Sanger, CA",34033
36071000100,"Newburgh, NY",34033
12117021705,"Altamonte Springs, FL",34033
6029001103,"Bakersfield, CA",34032
30001000200,"Dillon, MT",34032
18105001401,"Bloomington, IN",34031
28019950200,"Weir, MS",34031
6007002000,"Paradise, CA",34031
22121020200,"Port Allen, LA",34029
47093005201,"Knoxville, TN",34029
6095252607,"Fairfield, CA",34029
37159051600,"Landis, NC",34028
6037213402,"Central LA, Los Angeles, CA",34028
12095013702,"Orlando, FL",34028
28033070323,"Horn Lake, MS",34028
22051025202,"Terrytown, LA",34028
48029191409,"North Central, San Antonio, TX",34027
19097950600,"Maquoketa, IA",34027
26065002700,"Old Everett Neighborhood, Lansing, MI",34027
32003002941,"Las Vegas, NV",34027
37057061202,"Lexington, NC",34026
12093910601,"Okeechobee, FL",34026
6067007103,"North Sacramento, Sacramento, CA",34025
6037221402,"Central LA, Los Angeles, CA",34025
39099812301,"Youngstown, OH",34024
29095011100,"Sugar Creek, MO",34024
53067012411,"Yelm, WA",34024
48029171913,"Heritage, San Antonio, TX",34023
47037015626,"Antioch, Nashville, TN",34023
29175490200,"Huntsville, MO",34023
48201422500,"Southwest Houston, Houston, TX",34022
26099264200,"Warren, MI",34022
37089931901,"Hendersonville, NC",34022
35011960100,"Fort Sumner, NM",34021
20209044102,"Victory Hills, Kansas City, KS",34021
25025110103,"Forest Hills / Woodbourne, Boston, MA",34021
54039001700,"Charleston, WV",34019
28115950300,"Pontotoc, MS",34019
40027201301,"Norman, OK",34018
34013000800,"Lower Roseville, Newark, NJ",34018
8001009103,"Thornton, CO",34018
36119008000,"Port Chester, NY",34018
12127082412,"Georgetowne, Daytona Beach, FL",34018
4019004430,"Fianchetto Farms, Marana, AZ",34014
55025002301,"Vera Court, Madison, WI",34014
12031000800,"San Marco, Jacksonville, FL",34014
22067950300,"Bastrop, LA",34014
28081950901,"Tupelo, MS",34014
39061010005,"West Price Hill, Cincinnati, OH",34014
51570830400,"Colonial Heights, VA",34014
12023110601,"Lake City, FL",34012
45027960100,"Turbeville, SC",34012
37183051400,"University Park, Raleigh, NC",34012
24003750803,"Glen Burnie, MD",34011
47037019118,"Antioch, Nashville, TN",34011
13219030600,"Bishop, GA",34011
47073050503,"Church Hill, TN",34010
4013092401,"Glendale, AZ",34010
36093033500,"Schenectady, NY",34010
48201212300,"Near Northside, Houston, TX",34010
6037117408,"North Hills, Los Angeles, CA",34009
13121003000,"Inman Park, Atlanta, GA",34008
12001001516,"Gainesville, FL",34008
5103950100,"Bearden, AR",34007
53063011701,"Spokane Valley, WA",34007
48201322000,"Pasadena, TX",34007
51029930201,"Dillwyn, VA",34007
51700031400,"South Newport News, Newport News, VA",34005
24005402604,"Randallstown, MD",34005
51710006606,"Larrymore Lawns, Norfolk, VA",34005
48439100700,"Fort Worth, TX",34004
6073004900,"Logan Heights, San Diego, CA",34004
12089050102,"Fernandina Beach, FL",34004
37019020203,"Winnabow, NC",34004
36081004300,"Queens County, NY",34003
26139025800,"Holland, MI",34003
39035123501,"Jefferson, Cleveland, OH",34002
12073002303,"Tallahassee, FL",34002
45057010200,"Kershaw, SC",34002
24510010300,"Canton, Baltimore, MD",34001
21181960100,"Carlisle, KY",34001
45083022500,"Campobello, SC",34001
13021013603,"Macon, GA",34001
26113960100,"Lake City, MI",34001
6037212410,"Central LA, Los Angeles, CA",33999
37087920101,"Waynesville, NC",33998
41017000900,"Redmond, OR",33998
36047119200,"Kings County, NY",33997
12031014901,"Arlington, Jacksonville, FL",33997
32003005200,"Townsite, Henderson, NV",33997
21049020300,"Winchester, KY",33996
6065044806,"Palm Springs, CA",33995
23009965900,"Bar Harbor, ME",33994
39113020100,"Kettering, OH",33994
48053960800,"Spicewood, TX",33993
47157020531,"Memphis, TN",33993
45015020723,"Goose Creek, SC",33993
34039031300,"Elizabeth, NJ",33992
1073012104,"Adamsville, AL",33991
8031000402,"Highland, Denver, CO",33990
48113016202,"Grand Prairie, TX",33990
12035060212,"Palm Coast, FL",33989
37141920300,"Pender County, NC",33989
45043920202,"Andrews, SC",33988
8005007600,"Jewell Heights - Hoffman Heights, Aurora, CO",33988
26163545600,"Detroit, MI",33988
29109470500,"Aurora, MO",33987
12057014109,"Ruskin, FL",33987
24033804102,"Hyattsville, MD",33987
37057060202,"Winston-Salem, NC",33987
45091060803,"Rock Hill, SC",33987
32023960405,"Pahrump, NV",33985
1043965402,"Hanceville, AL",33985
34017001300,"The Heights, Jersey City, NJ",33985
53033007300,"South Lake Union, Seattle, WA",33984
8041004510,"Fountain Valley, Fountain, CO",33984
51003010902,"Charlottesville, VA",33984
1089011021,"Madison, AL",33984
13297110700,"Monroe, GA",33982
12011090601,"Driftwood, Hollywood, FL",33981
5071951800,"Hartman, AR",33981
37019020306,"Southport, NC",33981
10005050704,"Millsboro, DE",33981
6095250801,"Vallejo, CA",33981
36103145603,"Brentwood, NY",33980
48325000401,"Natalia, TX",33980
54049020200,"Fairmont, WV",33979
6103000500,"Red Bluff, CA",33979
4019003002,"Harlan Heights, Tucson, AZ",33979
24033801907,"Suitland, Suitland-Silver Hill, MD",33977
45007011700,"Iva, SC",33977
29213480106,"Branson, MO",33976
9001072900,"Reservoir - Whiskey Hill, Bridgeport, CT",33976
1089010501,"Harvest, AL",33976
48113008500,"Dallas, TX",33975
40011959000,"Geary, OK",33975
41051008800,"Southeast Portland, Portland, OR",33975
31055006202,"North Omaha, Omaha, NE",33975
54067950400,"Craigsville, WV",33974
55025002402,"Berkeley Oaks, Madison, WI",33974
28009950200,"Hickory Flat, MS",33972
51161031102,"Vinton, VA",33972
6073002710,"Mid-City, San Diego, CA",33971
6037228410,"South Los Angeles, Los Angeles, CA",33969
13015960401,"Cartersville, GA",33969
6071004403,"Rancho West, San Bernardino, CA",33969
45045004002,"Travelers Rest, SC",33968
1061050300,"Geneva, AL",33968
6053013500,"Seaside, CA",33968
48201521600,"Carverdale, Houston, TX",33967
36009960600,"Little Valley, NY",33966
42095014700,"South Side, Easton, PA",33966
24510260101,"Cedmont, Baltimore, MD",33966
6065045501,"Indio, CA",33966
48141003402,"Valley View Heights, El Paso, TX",33965
12069030804,"Tavares, FL",33965
37047931100,"Whiteville, NC",33964
34011040600,"Vineland, NJ",33964
23019006100,"Orono, Orono, ME",33963
1113030401,"Phenix City, AL",33963
6037576601,"Alamitos Beach, Long Beach, CA",33963
6037554302,"Bellflower, CA",33963
36045060900,"Carthage, NY",33962
48201534003,"Blue Creek, Houston, TX",33962
45083023301,"Greer, SC",33962
17097862605,"Waukegan, IL",33962
6037124105,"North Hollywood, Los Angeles, CA",33962
6019004902,"Fresno, CA",33962
8005004951,"Denver, CO",33962
12119910700,"Webster, FL",33962
24025301302,"Edgewood, MD",33962
6037602900,"Gardena, CA",33961
48373210302,"Livingston, TX",33961
12089050301,"Yulee, FL",33961
36027210201,"Beacon, NY",33960
24033801701,"Temple Hills, MD",33960
21197970100,"Stanton, KY",33959
39031961300,"Coshocton, OH",33959
28099010200,"Philadelphia, MS",33959
37019020103,"Leland, NC",33959
8101002804,"Pueblo, CO",33958
53009000400,"Beaver, WA",33958
24015030903,"Elkton, MD",33958
21089040202,"Flatwoods, KY",33958
36081040100,"Queens County, NY",33957
42039112002,"Linesville, PA",33956
24005401101,"Woodlawn, MD",33956
41043020700,"Albany, OR",33955
6037275200,"Los Angeles, CA",33955
6065044403,"Anza, CA",33955
12091022400,"Fort Walton Beach, FL",33955
48427950202,"Roma, TX",33954
48021950501,"Bastrop, TX",33954
30029000201,"Columbia Falls, MT",33954
29065960200,"Salem, MO",33954
37191001301,"Goldsboro, NC",33953
51141030301,"Stuart, VA",33952
12086004304,"South Beach, Miami Beach, FL",33952
35001003002,"Los Duranes, Albuquerque, NM",33952
40145030101,"Wagoner, OK",33951
12121970500,"Wellborn, FL",33951
45083020602,"Spartanburg, SC",33951
48299970200,"Llano, TX",33949
48245000500,"Beaumont, TX",33949
6019008401,"Firebaugh, CA",33949
53065951300,"Loon Lake, WA",33949
12086005703,"Flagami, Miami, FL",33948
17115000400,"Near Westside, Decatur, IL",33948
26043950500,"Iron Mountain, MI",33948
26125161900,"Southfield, MI",33947
34017004700,"Jersey City, NJ",33947
41047001602,"Salem, OR",33947
23009966700,"Lamoine, ME",33946
48441013401,"Abilene, TX",33944
48479001807,"Santa Rita, Laredo, TX",33943
48183000800,"Longview, TX",33943
8065961700,"Leadville, CO",33943
36047011900,"Kings County, NY",33942
21133950300,"Whitesburg, KY",33941
36097950400,"Watkins Glen, NY",33941
6037402804,"Westmont, Pomona, CA",33941
13015960300,"Kingston, GA",33940
13135050417,"Gwinnett Village, Norcross, GA",33939
26017280900,"Bay City, MI",33939
13067031409,"Austell, GA",33939
48041001000,"Bryan, TX",33938
5055480700,"Paragould, AR",33938
37119003201,"Collingwood, Charlotte, NC",33938
6037530801,"Los Angeles, CA",33938
12011080102,"Dania Beach, FL",33937
29021001500,"Saint Joseph, MO",33937
36005022703,"Bronx County, NY",33936
12086004405,"Flamingo / Lummus, Miami Beach, FL",33936
37159050901,"Salisbury, NC",33935
47063100500,"Morristown, TN",33935
51141030100,"Stuart, VA",33935
29195090800,"Marshall, MO",33934
48375014700,"Amarillo, TX",33934
47093004700,"Knoxville, TN",33934
30063000400,"Missoula, MT",33934
48141001115,"Mesa Hills, El Paso, TX",33932
6093000300,"Montague, CA",33932
37049961201,"Havelock, NC",33932
47143975402,"Dayton, TN",33932
42129804100,"Greensburg, PA",33930
37031970403,"Morehead City, NC",33930
41029001100,"Central Point, OR",33930
6037297110,"San Pedro, Los Angeles, CA",33930
54063950100,"Union, WV",33929
8005005551,"South, Denver, CO",33929
48221160208,"Granbury, TX",33928
6067009800,"Isleton, CA",33928
48343950200,"Daingerfield, TX",33926
39155933700,"Newton Falls, OH",33925
6065043306,"Hemet, CA",33925
55035001700,"Eau Claire, WI",33925
5119003403,"Jacksonville, AR",33924
34013012700,"Irvington, NJ",33924
50025967700,"Putney, VT",33924
8115968300,"Ovid, CO",33924
26163578600,"Melvindale, MI",33923
21171930100,"Tompkinsville, KY",33923
28047001501,"Gulfport, MS",33923
6045010900,"Ukiah, CA",33922
18091040800,"Michigan City, IN",33922
6059042107,"San Clemente, CA",33921
36031960900,"Elizabethtown, NY",33921
36081095400,"Queens County, NY",33921
54011000300,"Huntington, WV",33920
42085031100,"Hermitage, PA",33919
17091012500,"Kankakee, IL",33919
55079007700,"Murray Hill, Milwaukee, WI",33919
12111381804,"Port St. Lucie, FL",33918
41065970200,"The Dalles, OR",33918
28121020302,"Flowood, MS",33918
48113004201,"Oak Cliff, Dallas, TX",33918
17031301100,"Little Village, Chicago, IL",33918
24045010800,"Quantico, MD",33918
36081017000,"Queens County, NY",33918
53009001500,"Port Angeles, WA",33917
33003955900,"Center Ossipee, Ossipee, NH",33916
32031002616,"North Valleys, Reno, NV",33916
37047931300,"Nakina, NC",33915
27053108600,"Corcoran, Minneapolis, MN",33915
26159012000,"Bangor, MI",33915
29051010600,"Jefferson City, MO",33915
48215022104,"Donna, TX",33915
4013107000,"Alhambra, Phoenix, AZ",33914
47165020205,"Portland, TN",33913
9009170300,"Meriden, CT",33913
48167724300,"Galveston, TX",33913
50005957400,"St. Johnsbury, Saint Johnsbury, VT",33912
13045910800,"Whitesburg, GA",33912
55079186500,"Walker's Point, Milwaukee, WI",33911
6019005302,"Fresno, CA",33911
12057013406,"Brandon, FL",33911
51067020700,"Ferrum, VA",33909
25005651400,"New Bedford, MA",33909
47163042801,"Bristol, TN",33909
26103000600,"Marquette, MI",33908
17135957800,"Litchfield, IL",33908
5089960202,"Flippin, AR",33908
4027010910,"Foothills, Yuma, AZ",33908
11001009505,"Northeast Washington, Washington, DC",33907
25001012102,"West Yarmouth, Yarmouth, MA",33907
37171930302,"Mount Airy, NC",33907
39073965000,"Laurelville, OH",33907
12071030300,"Alva, FL",33907
41011000400,"North Bend, OR",33905
6037575802,"Willmore, Long Beach, CA",33905
48141004003,"Pecan Grove, El Paso, TX",33904
28147950300,"Tylertown, MS",33904
45031010300,"Hartsville, SC",33904
29145020601,"Joplin, MO",33904
54031970200,"Moorefield, WV",33903
13045910501,"Carrollton, GA",33902
41041951400,"Toledo, OR",33902
8031008388,"Gateway, Denver, CO",33902
48215024107,"Mission, TX",33900
26163577200,"Lincoln Park, MI",33898
40017300500,"El Reno, OK",33897
1073010402,"Bessemer, AL",33897
20169000400,"Salina, KS",33896
6065041203,"Arlanza, Riverside, CA",33895
26105950400,"Ludington, MI",33894
12101030205,"Port Richey, FL",33893
47011011100,"Cleveland, TN",33893
22091951100,"Greensburg, LA",33892
26163583000,"Taylor, MI",33892
34005700104,"Palmyra, NJ",33892
36005006800,"Bronx County, NY",33891
39123051200,"Port Clinton, OH",33890
12071001912,"Fort Myers, FL",33890
51199051100,"Williamsburg, VA",33890
1065040000,"Moundville, AL",33890
1127020800,"Jasper, AL",33890
48491021603,"Jarrell, TX",33890
39167020900,"Marietta, OH",33890
12127090202,"DeLand, FL",33890
48061013203,"Brownsville, TX",33890
17137952000,"Jacksonville, IL",33889
39053953800,"Crown City, OH",33889
12099003101,"West Palm Beach, FL",33889
42003560500,"Pittsburgh, PA",33888
12005002705,"Tierra Verde Ph 2, Panama City Beach, FL",33887
37159050500,"Salisbury, NC",33887
37119003106,"Starmount, Charlotte, NC",33887
32005002000,"Carson City, NV",33887
9003510200,"East Hartford, CT",33887
12086004901,"Flagami, Miami, FL",33886
17031830900,"Logan Square, Chicago, IL",33886
36005033800,"Bronx County, NY",33886
6073010502,"Imperial Beach, CA",33885
42049001100,"Erie, PA",33884
40061279100,"Keota, OK",33884
42055011000,"Chambersburg, PA",33884
12095013405,"Southeast Orlando, Orlando, FL",33884
53025010800,"The Base, Moses Lake, WA",33882
12099003511,"Palm Beach, FL",33882
12115002505,"Venice, FL",33882
39035152604,"Euclid, OH",33881
48029151700,"Harlandale, San Antonio, TX",33881
12086005104,"Little Havana, Miami, FL",33881
18003000500,"Spy Run, Fort Wayne, IN",33880
6037226420,"South Los Angeles, Los Angeles, CA",33879
18169102800,"Wabash, IN",33879
36107020500,"Owego, NY",33879
26163566700,"Wayne, MI",33877
1049961000,"Fort Payne, AL",33876
48479001811,"Lost Creek Subdivision, Laredo, TX",33876
49035111500,"South Salt Lake, UT",33875
17019005600,"Urbana, IL",33875
39113021302,"Kettering, OH",33875
2020001731,"Northeast Anchorage, Anchorage, AK",33874
6047000602,"Atwater, CA",33874
48141004105,"El Paso, TX",33874
13063040620,"Jonesboro, GA",33874
32003001608,"Las Vegas, NV",33873
4013082211,"Cambridge Estates, Avondale, AZ",33873
1059973400,"Red Bay, AL",33872
6053014102,"Marina, CA",33872
27137003400,"West Duluth, Duluth, MN",33872
35006974201,"Grants, NM",33870
13025960200,"Nahunta, GA",33870
21111012703,"Pleasure Ridge Park, Louisville, KY",33870
18005011400,"Columbus, IN",33870
12103020105,"Saint Petersburg, FL",33869
6073018603,"East Side Capistrano, Oceanside, CA",33869
55079017200,"Layton Park, Milwaukee, WI",33869
35006974700,"Grants, NM",33869
51185020500,"Raven, VA",33868
1127021500,"Cordova, AL",33866
1103005702,"Union Grove, AL",33866
37183054106,"Southeast Raleigh, Raleigh, NC",33866
29149480100,"Alton, MO",33865
51137110300,"Gordonsville, VA",33865
29055450301,"Cuba, MO",33865
48053960700,"Marble Falls, TX",33865
29001950200,"Novinger, MO",33864
41053020400,"Sheridan, OR",33863
37035011802,"Vale, NC",33863
48141010336,"Saint Vitus, El Paso, TX",33863
37063002025,"Durham, NC",33863
47125102004,"Clarksville, TN",33862
39025041701,"Amelia, OH",33862
12099005934,"Villages of Oriole, Delray Beach, FL",33862
53063012300,"Spokane Valley, WA",33862
28129950100,"Raleigh, MS",33862
45075010900,"Orangeburg, SC",33861
26059050900,"Hillsdale, MI",33860
48113000500,"Oak Lawn, Dallas, TX",33860
12015020602,"Port Charlotte, FL",33859
35005001200,"Roswell, NM",33859
6037900605,"Lancaster, CA",33859
40119010102,"Stillwater, OK",33858
39093097200,"Lorain, OH",33858
1019956000,"Centre, AL",33858
39031961200,"Conesville, OH",33857
6089010500,"Greenwood, Redding, CA",33857
34017002300,"Downtown Jersey City, Jersey City, NJ",33857
15009031801,"Kualapuu, HI",33856
6065042903,"Perris, CA",33855
37173960301,"Bryson City, NC",33855
6033000801,"Clearlake, CA",33854
21111012501,"Shively, KY",33854
6007000104,"Chico, CA",33854
21139040200,"Smithland, KY",33854
15009030901,"Wailuku, HI",33853
49049002801,"Franklin South, Provo, UT",33853
6037204920,"Boyle Heights, Los Angeles, CA",33853
41015950200,"Gold Beach, OR",33852
6073001400,"North Park, San Diego, CA",33852
17183010200,"Hoopeston, IL",33852
54039001800,"Charleston, WV",33852
18039001901,"Elkhart, IN",33851
39169000100,"Wooster, OH",33851
17187870500,"Monmouth, IL",33851
39155931700,"Hubbard, OH",33851
47179061702,"Jonesborough, TN",33850
6019007002,"Selma, CA",33849
39133601902,"Deerfield, OH",33848
39083007100,"Mount Vernon, OH",33847
41051004200,"North Portland, Portland, OR",33847
6061020901,"Theiles Manor, Roseville, CA",33846
2150000500,"Kodiak, AK",33845
6037402101,"Westmont, Pomona, CA",33845
40109107213,"Central Oklahoma City, Oklahoma City, OK",33844
12105012409,"Auburndale, FL",33844
36061027100,"Fort George, New York, NY",33843
27047180600,"Albert Lea, MN",33843
41005022201,"Southgate, Happy Valley, OR",33843
37113970400,"Franklin, NC",33842
13025960300,"Hoboken, GA",33842
47045964200,"Dyersburg, TN",33841
42097082100,"Sunbury, PA",33841
8101002912,"Pueblo West, CO",33841
47005963200,"Holladay, TN",33841
54057010300,"Ridgeley, WV",33840
23019004100,"Brewer, ME",33840
21117061400,"West Latonia, Covington, KY",33839
32003005436,"Pittmann, Henderson, NV",33838
39035124201,"Jefferson, Cleveland, OH",33838
20173006600,"McConnell Air Force Base, KS",33838
51820003300,"Waynesboro, VA",33838
36119000702,"Northwest Yonkers, Yonkers, NY",33837
47097050503,"Ripley, TN",33837
45083022201,"Spartanburg, SC",33835
48113015403,"Grand Prairie, TX",33835
6037120108,"Panorama City, Los Angeles, CA",33835
18003011304,"Fort Wayne, IN",33835
35013000800,"Las Cruces, NM",33835
42077001401,"Fairview, Allentown, PA",33834
44007011100,"Central Falls, RI",33834
48333950100,"Mullin, TX",33834
48453002409,"South Austin, Austin, TX",33834
12086000709,"Hialeah, FL",33834
12071020700,"Hancock, North Fort Myers, FL",33833
2020002502,"Taku / Campbell, Anchorage, AK",33831
48141000206,"Northeast El Paso, El Paso, TX",33831
19179961000,"Ottumwa, IA",33830
45091061501,"York, SC",33828
12011110322,"Miramar, FL",33827
20173005900,"South Area, Wichita, KS",33827
53047940200,"Okanogan, WA",33826
6037127102,"Van Nuys, Los Angeles, CA",33826
13237960102,"Eatonton, GA",33826
12101031506,"Seven Springs Homes, New Port Richey, FL",33826
36081045500,"Queens County, NY",33826
36047098800,"Kings County, NY",33825
48029141600,"Brookside, San Antonio, TX",33825
51119950900,"Water View, VA",33825
34013012000,"Irvington, NJ",33824
33007950200,"Colebrook, NH",33824
13067030104,"Acworth, GA",33824
37045950101,"Casar, NC",33824
47035970800,"Rockwood, TN",33823
47073050301,"Rogersville, TN",33823
12011091201,"West Hollywood, Hollywood, FL",33822
12061050903,"Vero Beach, FL",33821
53063001600,"Bemiss, Spokane, WA",33821
6073020213,"Central Escondido, Escondido, CA",33821
37045950102,"Polkville, NC",33820
48141010344,"El Paso, TX",33820
29223690300,"Piedmont, MO",33819
12111381803,"Port St. Lucie, FL",33819
8025969600,"Ordway, CO",33819
48029180902,"North Central, San Antonio, TX",33818
41003001001,"Corvallis, OR",33818
6037277200,"Westchester, Los Angeles, CA",33818
2122000600,"Kenai, AK",33817
26021001900,"Sodus, Sodus Township, MI",33817
36061017000,"East Harlem, New York, NY",33817
42101006200,"Southwest Philadelphia, Philadelphia, PA",33815
39049005810,"Merion Village, Columbus, OH",33815
26149040600,"Sturgis, MI",33815
17101881000,"Lawrenceville, IL",33815
25025101002,"Southern Mattapan, Boston, MA",33815
21111011710,"Louisville, KY",33814
48479001502,"Las Cruces, Laredo, TX",33814
56001962800,"Laramie, WY",33814
35007950700,"Cimarron, NM",33813
48029131614,"Estates / Mission Hills, San Antonio, TX",33813
51019030402,"Bedford, VA",33813
48479001501,"Eastern Division, Laredo, TX",33812
25027710500,"Fitchburg, MA",33812
37019020201,"Leland, NC",33811
47037011500,"East Nashville, Nashville, TN",33811
6071009800,"Victorville, CA",33811
54055001400,"Princeton, WV",33811
9009352300,"Waterbury, CT",33811
45051060406,"Myrtle Beach, SC",33811
48201422900,"Braeburn, Houston, TX",33810
48027021100,"Temple, TX",33809
51650010800,"Phoebus, Hampton, VA",33809
42003260200,"Perry North, Pittsburgh, PA",33809
48029171902,"Far West Side, San Antonio, TX",33809
40109108602,"Southwest Oklahoma City, Oklahoma City, OK",33808
39081011800,"Mingo Junction, OH",33808
47107970401,"Athens, TN",33808
48201223001,"Fairgreen, Houston, TX",33808
28023950100,"Quitman, MS",33806
6071010025,"Victorville, CA",33806
1073005903,"Huffman, Birmingham, AL",33806
22051027810,"Harvey, LA",33805
48303001801,"Stubbs-Stewart, Lubbock, TX",33805
4019004070,"Tucson, AZ",33805
37189920400,"Boone, NC",33804
6037106408,"Sylmar, Los Angeles, CA",33804
12081001908,"Ellenton, FL",33803
12127090701,"DeLand, FL",33803
30013001700,"Great Falls, MT",33803
6037127103,"Van Nuys, Los Angeles, CA",33803
13313000700,"Rocky Face, GA",33803
55059001800,"Kenosha, WI",33802
54055001600,"Bramwell, WV",33802
48141004202,"Ranchland West, El Paso, TX",33801
29510119102,"Central West End, St. Louis, MO",33801
35013001500,"Las Cruces, NM",33800
12115002718,"Englewood, FL",33800
12009069700,"Buttonwood Manor, Merritt Island, FL",33800
29009960300,"Monett, MO",33799
6037104500,"Pacoima, Los Angeles, CA",33799
29095011900,"Independence, MO",33799
40131050701,"Chelsea, OK",33798
6107003002,"Tulare, CA",33798
47093004613,"Knoxville, TN",33798
39007000704,"Ashtabula, OH",33798
54001965500,"Philippi, WV",33798
6037221110,"Central LA, Los Angeles, CA",33797
51678930500,"Lexington, VA",33797
45063020903,"Pelion, SC",33796
22051027811,"Harvey, LA",33795
6071001103,"Ontario, CA",33795
6037210010,"Central LA, Los Angeles, CA",33795
1101005606,"Montgomery, AL",33794
12101030302,"Gulf Harbors Sea Forest, New Port Richey, FL",33794
48439122900,"East Arlington, Arlington, TX",33794
37109070201,"Lincolnton, NC",33794
34031182800,"Paterson, NJ",33794
19193000100,"Sioux City, IA",33794
47065002800,"Hilltop, Chattanooga, TN",33794
22111960200,"Spearsville, LA",33794
37127010700,"Nash County, NC",33792
47111970400,"Westmoreland, TN",33792
12103026400,"Clearwater, FL",33792
12057013002,"Plant City, FL",33791
24033804600,"Brentwood, MD",33791
48013960201,"Lytle, TX",33790
17201003604,"Rockford, IL",33789
12033002701,"Shangri-la-place, Pensacola, FL",33789
34029724000,"Toms River, NJ",33789
42079217001,"Luzerne County, PA",33788
49035112403,"Midvale, UT",33787
12081000202,"Bradenton, FL",33787
37151031306,"Climax, NC",33787
54109003200,"Corinne, WV",33786
12057013315,"Tampa, FL",33786
12021011105,"Naples, FL",33785
26161416000,"Allen, Ypsilanti, MI",33785
48303000500,"Lubbock, TX",33784
28085950100,"Wesson, MS",33784
55001950700,"Wisconsin Dells, WI",33784
47013950400,"Caryville, TN",33783
42073001000,"New Castle, PA",33781
39093070200,"Elyria, OH",33777
6071006604,"Colton, CA",33777
9001257200,"Brooklawn - St. Vincent, Bridgeport, CT",33775
39033974900,"Crestline, OH",33775
12005000900,"Panama City, FL",33775
37067003313,"Kernersville, NC",33774
13291000205,"Blairsville, GA",33773
41029001700,"Talent, OR",33772
49049002802,"Spring Creek, Provo, UT",33772
6071003612,"Colton, CA",33772
32003002823,"Las Vegas, NV",33772
6001410100,"Foothill Square, Oakland, CA",33771
12103021500,"Downtown, Saint Petersburg, FL",33771
1015002200,"Piedmont, AL",33771
13157010400,"Commerce, GA",33771
6013307202,"Antioch, CA",33769
4013116609,"Laveen Village, Phoenix, AZ",33769
26163564000,"Canton, MI",33769
29095017200,"Park Farms, Kansas City, MO",33768
6013375000,"Belding Woods, Richmond, CA",33768
36109000900,"Ithaca, NY",33766
36081081400,"Queens County, NY",33766
39061023201,"Cincinnati, OH",33766
40143007101,"Tulsa, OK",33765
45003020301,"Aiken, SC",33765
6001423200,"Southwest Berkeley, Berkeley, CA",33765
6037502003,"East Whitter, Whittier, CA",33763
4013092311,"Glendale, AZ",33763
32003003421,"Summerlin, Las Vegas, NV",33762
34039039600,"Plainfield, NJ",33762
45007010401,"Williamston, SC",33762
6075016900,"The Castro, San Francisco, CA",33761
39035140500,"Cleveland Heights, OH",33761
39061021802,"Cincinnati, OH",33759
17031830300,"Park Forest, IL",33757
6047000802,"Atwater, CA",33757
1123962200,"Alexander City, AL",33757
4003001100,"Bisbee, AZ",33754
22089062200,"Saint Rose, LA",33754
48073950900,"Rusk, TX",33753
51690000500,"Martinsville, VA",33753
1121010101,"Oxford, AL",33753
13055010200,"Trion, GA",33753
6037127400,"Van Nuys, Los Angeles, CA",33753
6065043312,"Hemet, CA",33752
13157010500,"Nicholson, GA",33752
54037972702,"Harpers Ferry, WV",33751
12086005704,"Flagami, Miami, FL",33750
22033003507,"Park Forest/LA North, Baton Rouge, LA",33750
12031010401,"Northside, Jacksonville, FL",33749
54025950400,"Lewisburg, WV",33748
48441010900,"North E. Hwy 80, Abilene, TX",33748
36047034500,"Kings County, NY",33747
18069961600,"Huntington, IN",33747
34005702811,"Willingboro, NJ",33747
26055550500,"Grawn, MI",33746
53073000501,"Sunnyland, Bellingham, WA",33746
51047930502,"Culpeper, VA",33746
39153531002,"Akron, OH",33746
1081040901,"Cary Woods, Auburn, AL",33745
54099020100,"Huntington, WV",33745
48099010804,"Copperas Cove, TX",33745
12013010100,"Altha, FL",33742
6037534405,"Cudahy, CA",33742
47119010802,"Columbia, TN",33741
35045942900,"Newcomb, NM",33740
48479001711,"Interamerica Distribution Park, Laredo, TX",33740
6037402304,"Westmont, Pomona, CA",33740
5091020801,"Trinity, Texarkana, AR",33739
6037532200,"South Montebello, Montebello, CA",33739
16005001400,"Pocatello, ID",33739
36059407201,"Hempstead, NY",33738
6037570402,"Coolidge Triangle, Long Beach, CA",33738
12086009705,"North Miami Beach, FL",33738
40049681300,"Pauls Valley, OK",33738
15001021011,"Mountain View, HI",33736
48439100602,"Fort Worth, TX",33736
42101025500,"Northwest Philadelphia, Philadelphia, PA",33736
12101032902,"Lake Bernadette, Zephyrhills, FL",33736
6037910706,"Palmdale, CA",33736
4019004069,"Tucson, AZ",33736
12105012127,"Lakeland, FL",33735
26117970200,"Edmore, MI",33735
49035103100,"Liberty Wells, Salt Lake City, UT",33735
6037431100,"Monrovia, CA",33733
48303001901,"Maedgen Area, Lubbock, TX",33733
48439104900,"Bonnie Brae, Fort Worth, TX",33733
12095014702,"Metro West, Orlando, FL",33733
55009000100,"Green Bay, WI",33732
37159051801,"Kannapolis, NC",33732
17031240200,"West Town, Chicago, IL",33732
12103026703,"Clearwater, FL",33732
12099004401,"Lake Worth, FL",33730
6073002501,"City Heights, San Diego, CA",33730
42133001300,"York, PA",33729
41047000501,"Lansing, Salem, OR",33729
48215020903,"McAllen, TX",33728
48201432002,"Westside, Houston, TX",33727
55063000200,"Lower North Side, La Crosse, WI",33727
12097043800,"Saint Cloud, FL",33727
45019005600,"West Ashley, Charleston, SC",33727
12011031002,"Pompano Beach, FL",33726
34025805500,"Long Branch, NJ",33726
33013032600,"Concord, NH",33726
36061003400,"Alphabet City, New York, NY",33726
6071003102,"Fontana, CA",33726
34001010503,"Galloway, NJ",33725
37151030504,"Trinity, NC",33725
37195001600,"Lucama, NC",33725
48113018203,"Garland, TX",33723
12117022208,"Winter Park, FL",33723
51139030200,"Luray, VA",33721
34011040901,"Vineland, NJ",33720
32003002956,"Las Vegas, NV",33720
12105012404,"Polk City, FL",33720
36005005400,"Bronx County, NY",33720
18019050306,"Jeffersonville, IN",33720
48113014901,"Irving, TX",33719
49035113802,"Kearns, UT",33719
6037231800,"South Figueroa Corridor, Los Angeles, CA",33718
36081065000,"Queens County, NY",33718
28029950300,"Crystal Springs, MS",33717
21133950600,"Blackey, KY",33717
48113016610,"DeSoto, TX",33717
13187960202,"Dahlonega, GA",33717
6073015701,"El Cajon, CA",33716
12095016402,"Orlando, FL",33716
4019004617,"Sonoran Palms Townhomes, Tucson, AZ",33716
1075030000,"Sulligent, AL",33715
26065005303,"Lansing, MI",33714
48201241500,"Humble, TX",33714
32003003643,"North Las Vegas, NV",33713
48113005300,"Oak Cliff, Dallas, TX",33712
55079018700,"Lincoln Village, Milwaukee, WI",33711
18019050100,"Jeffersonville, IN",33710
47035970101,"Crossville, TN",33710
40021977800,"Tahlequah, OK",33708
17031230500,"Hermosa, Chicago, IL",33708
32003000519,"Stewart Place, Las Vegas, NV",33707
35049010602,"Santa Fe, NM",33707
48265960700,"Kerrville, TX",33706
12009064301,"Melbourne, FL",33706
33007950100,"Clarksville, NH",33706
37097061101,"Statesville, NC",33705
6057000502,"Grass Valley, CA",33703
36081099801,"Queens County, NY",33702
21111006900,"Germantown, Louisville, KY",33702
39057255000,"Yellow Springs, OH",33701
45063020201,"Cayce, SC",33700
32019960201,"Silver Springs, NV",33700
12017451400,"Inverness, FL",33700
12095016406,"Winter Park, FL",33699
6065042743,"Menifee, CA",33697
6037226410,"South Los Angeles, Los Angeles, CA",33697
48485011500,"Wichita Falls, TX",33696
36007011903,"Lisle, NY",33696
40109102000,"Central Oklahoma City, Oklahoma City, OK",33696
12083001302,"Ocala, FL",33696
37125950602,"Pinehurst, NC",33695
48061011903,"Santa Maria, TX",33695
6073015802,"El Cajon, CA",33695
55079012400,"Wick Field, Milwaukee, WI",33694
28013950300,"Calhoun City, MS",33694
26125175200,"Hazel Park, MI",33694
42101010000,"West Philadelphia, Philadelphia, PA",33694
12095017300,"Winter Garden, FL",33693
37057061702,"Lexington, NC",33693
48453002002,"South Austin, Austin, TX",33693
47131965300,"Hornbeak, TN",33692
47081950500,"Nunnelly, TN",33692
37081014410,"High Point, NC",33692
36003950700,"Wellsville, NY",33691
36005039800,"Bronx County, NY",33691
16001001000,"Depot Bench, Boise, ID",33691
6037201504,"Northeast Los Angeles, Los Angeles, CA",33690
5069000301,"White Hall, AR",33690
37125950200,"Robbins, NC",33690
1073005910,"Echo Highlands, Birmingham, AL",33689
48029181402,"Northwest Side, San Antonio, TX",33689
34007610800,"Pennsauken Township, NJ",33689
26079950602,"Kalkaska, MI",33689
26163588200,"Belleville, MI",33688
42003281400,"Crafton Heights, Pittsburgh, PA",33687
35001003202,"La Luz, Albuquerque, NM",33687
17031480100,"Calumet Heights, Chicago, IL",33687
6053010506,"Salinas, CA",33686
6085503123,"Almaden - Clara Filice, San Jose, CA",33685
22073010503,"Eros, LA",33685
50025967600,"Putney, VT",33684
12081001601,"Palmetto, FL",33684
13007960200,"Leary, GA",33684
53047940100,"Coulee Dam, WA",33683
13279970400,"Vidalia, GA",33683
26021021200,"Niles, MI",33683
6067004905,"Southwestern Sacramento, Sacramento, CA",33681
34039034400,"Roselle, NJ",33681
51087200600,"Richmond, VA",33681
48167723000,"La Marque, TX",33680
36081099200,"Queens County, NY",33680
6037408138,"La Puente, CA",33680
11001004902,"Downtown, Washington, DC",33679
39113002900,"Belmont, Dayton, OH",33678
34013009700,"North Broadway, Newark, NJ",33678
42069110800,"Carbondale, PA",33677
28079040600,"Carthage, MS",33676
21133950500,"Eolia, KY",33676
12073000903,"Tallahassee, FL",33676
34031180202,"Paterson, NJ",33676
18141003500,"South Bend, IN",33675
48453001504,"Crestview, Austin, TX",33674
48479001401,"Western Division, Laredo, TX",33674
42079201300,"Wilkes-Barre, PA",33673
48113014407,"Irving, TX",33672
6065046101,"Blythe, CA",33672
29189210200,"St. Louis, MO",33672
34017004200,"West Side, North Bergen, NJ",33672
45077010401,"Pickens, SC",33672
18141011201,"South Bend, IN",33672
22095070500,"LaPlace, LA",33672
26081001200,"Highland Park, Grand Rapids, MI",33671
17165955100,"Eldorado, IL",33671
20209045200,"Rosedale, Kansas City, KS",33671
13035150300,"Jackson, GA",33671
39049002760,"Eastmoor, Columbus, OH",33671
47001020400,"Oak Ridge, TN",33670
37119001605,"Windsor Park, Charlotte, NC",33670
4013422401,"Gilbert, AZ",33670
53035080500,"Bremerton, WA",33669
48017950100,"Muleshoe, TX",33668
6037185310,"Northeast Los Angeles, Los Angeles, CA",33668
28047003206,"Gulfport, MS",33668
5139950700,"El Dorado, AR",33667
23009965300,"Bucksport, ME",33667
42103950900,"Greentown, PA",33667
12129010201,"Crawfordville, FL",33666
12086000213,"Miami, FL",33666
36117021502,"Wolcott, NY",33665
54103030700,"New Martinsville, WV",33665
29123960200,"Fredericktown, MO",33664
54055001500,"Princeton, WV",33664
8001008801,"Commerce City, CO",33663
4013071912,"Downtown, Peoria, AZ",33662
12053041004,"Spring Hill, FL",33662
37033930500,"Reidsville, NC",33662
6037572400,"Upper Westside, Long Beach, CA",33661
26073000200,"Lake Isabella, MI",33661
35001000502,"Nob Hill, Albuquerque, NM",33660
17031220602,"Logan Square, Chicago, IL",33660
6047002202,"Los Banos, CA",33660
39029950600,"Salem, OH",33660
54051020500,"Benwood, WV",33659
37021003102,"Black Mountain, NC",33659
2170001001,"Lakes, Wasilla, AK",33658
42101002801,"South Philadelphia, Philadelphia, PA",33658
48215022402,"Weslaco, TX",33658
48479000109,"Laredo, TX",33658
22057020900,"Raceland, LA",33656
51087200700,"Richmond, VA",33655
6067009010,"California Jazz, Rancho Cordova, CA",33655
45003022002,"Aiken, SC",33654
36047092800,"Kings County, NY",33654
48323950700,"Eagle Pass, TX",33654
32003002958,"Las Vegas, NV",33653
46039953700,"Clear Lake, SD",33652
48215022401,"Weslaco, TX",33652
4013105501,"North Mountain Village, Phoenix, AZ",33652
6067001700,"Southeastern Sacramento, Sacramento, CA",33651
36047020700,"Kings County, NY",33651
33009961300,"Alexandria, NH",33651
19127950600,"Marshalltown, IA",33651
12095016734,"Orlando, FL",33650
24510272007,"Fallstaff, Baltimore, MD",33649
37071033307,"Gastonia, NC",33649
21073071100,"Frankfort, KY",33649
26161415400,"Carpenter, Ann Arbor, MI",33649
48217960400,"Whitney, TX",33649
1057020200,"Fayette, AL",33649
4019004715,"Tucson, AZ",33649
35061970901,"Belen, NM",33648
39077915800,"Norwalk, OH",33648
6037533202,"Huntington Park, CA",33648
6037603005,"Gardena, CA",33648
47143975100,"Spring City, TN",33647
48241950100,"Brookeland, TX",33647
18105000502,"Bloomington, IN",33647
48141010501,"San Elizario, TX",33646
6007001703,"Magalia, CA",33646
6037120106,"Panorama City, Los Angeles, CA",33645
12115000602,"Sarasota, FL",33645
42079213200,"Edwardsville, PA",33645
42077009600,"Dutch Hill, Allentown, PA",33645
12127080202,"Oakview Heights, Ormond Beach, FL",33644
12011050502,"Fort Lauderdale, FL",33644
40143004800,"Tulsa, OK",33643
12011060123,"Inverrary, Lauderhill, FL",33643
12103025106,"South Pinellas Community Council, Saint Petersburg, FL",33643
24033806713,"Greenbelt, MD",33643
48029141800,"Elmendorf, TX",33642
48369950200,"Friona, TX",33642
6067005402,"North Sacramento, Sacramento, CA",33642
55079015700,"Walker's Point, Milwaukee, WI",33641
6037462100,"North Central, Pasadena, CA",33641
32003003607,"North Las Vegas, NV",33641
21111011713,"Louisville, KY",33640
40031002404,"Fort Sill, OK",33640
1129044100,"Wagarville, AL",33640
53077940003,"Harrah, WA",33639
13107970100,"Twin City, GA",33639
47107970101,"Niota, TN",33639
15001022102,"Hawaii County, HI",33638
13217100100,"Oxford, GA",33637
39017010102,"Oxford, OH",33637
12055960200,"Avon Park, FL",33636
4005000200,"Flagstaff, AZ",33636
12095015002,"Ocoee, FL",33636
12071001913,"Fort Myers, FL",33636
48215022203,"Donna, TX",33636
21067002600,"Lexington, KY",33636
47163040900,"Kingsport, TN",33634
47093001800,"Knoxville, TN",33633
8031004504,"West, Denver, CO",33633
22095071100,"Edgard, LA",33633
29077001400,"Springfield, MO",33632
37129011606,"Wilmington, NC",33632
42003110200,"Highland Park, Pittsburgh, PA",33632
4017965300,"Show Low, AZ",33632
54055002300,"Princeton, WV",33630
32003006800,"Las Vegas, NV",33630
29077000900,"Rountree, Springfield, MO",33630
6029002100,"Lakeview, Bakersfield, CA",33630
26013000200,"Baraga, MI",33629
13295020602,"LaFayette, GA",33628
12071010102,"Mariner, Cape Coral, FL",33627
6019005304,"Fresno, CA",33626
6037533104,"Huntington Park, CA",33624
8101002801,"Highland Park, Pueblo, CO",33624
47035970200,"Crossville, TN",33623
37175960600,"Lake Toxaway, NC",33623
36003950600,"Friendship, NY",33623
35001003001,"Near North Valley, Albuquerque, NM",33622
12103025604,"Largo, FL",33622
48429950300,"Breckenridge, TX",33621
18089030800,"East Chicago, IN",33621
41001950400,"Baker City, OR",33621
36105950700,"Liberty, NY",33621
18103952400,"Peru, IN",33621
6001407800,"Maxwell Park, Oakland, CA",33620
49035100600,"Fairpark, Salt Lake City, UT",33619
12005001403,"Lynn Haven, FL",33618
40143003500,"Cherry Street, Tulsa, OK",33618
36113070100,"Glens Falls, NY",33617
12095016713,"Orlando, FL",33617
19179960900,"Ottumwa, IA",33617
29185480200,"Osceola, MO",33617
12097043205,"Saint Cloud, FL",33617
4019470400,"Ajo Townsite, Ajo, AZ",33617
48141000106,"Apollo Heights East, El Paso, TX",33617
42045400301,"Upper Darby, PA",33616
48005000200,"Lufkin, TX",33616
26029000900,"East Jordan, MI",33615
6029003000,"Southgate, Bakersfield, CA",33615
37117970500,"Williamston, NC",33615
36047087600,"Kings County, NY",33615
12071030202,"Fort Myers, FL",33614
17031828504,"Sauk Village, IL",33614
17113001700,"Bloomington, IL",33613
29091090100,"Willow Springs, MO",33613
12099001917,"The Palm Club, West Palm Beach, FL",33613
20161000802,"Manhattan, KS",33613
36081054000,"Queens County, NY",33612
12069030105,"Umatilla, FL",33611
37003040600,"Township of Taylorsville, NC",33610
42069102000,"Scranton, PA",33610
41039001903,"Springfield, OR",33610
48115950401,"Lamesa, TX",33610
6001409500,"Highland, Oakland, CA",33609
45063020801,"Swansea, SC",33609
1097006402,"Glen Acres, Mobile, AL",33609
48201230500,"Eastex/ Jensen, Houston, TX",33608
47019070500,"Elizabethton, TN",33608
17031062400,"Lake View, Chicago, IL",33608
21111009103,"Southland Park, Louisville, KY",33608
41051007500,"Cully, Portland, OR",33607
40005587800,"Atoka, OK",33607
39127966000,"Roseville, OH",33607
12127082503,"Port Orange, FL",33607
13143010400,"Bremen, GA",33607
47157021754,"Mallard Ridge, Memphis, TN",33607
47047060402,"Oakland, TN",33606
25025070800,"Columbus, Boston, MA",33605
6019003003,"Roosevelt, Fresno, CA",33605
28081950902,"Tupelo, MS",33604
11001001702,"Northwest Washington, Washington, DC",33604
47125101500,"Woodlawn, TN",33604
13103030401,"Bloomingdale, GA",33604
12009069100,"Holiday Cove, Merritt Island, FL",33604
21111007603,"Louisville, KY",33604
13209950100,"Vidalia, GA",33603
25009250300,"Lawrence, MA",33602
18163000800,"Presidents Neighborhood, Evansville, IN",33601
22099020800,"Saint Martinville, LA",33601
22051026700,"Marrero, LA",33601
17119402400,"Alton, IL",33601
48157670102,"Fort Bend Houston, Houston, TX",33600
48113011702,"Pleasant Grove, Dallas, TX",33600
17031220901,"Logan Square, Chicago, IL",33600
32003005422,"Valley View, Henderson, NV",33600
13321950600,"Sylvester, GA",33599
4003001200,"Bisbee, AZ",33599
4027001100,"La Verne Terrace, Yuma, AZ",33599
36055001800,"Maplewood, Rochester, NY",33599
6077002401,"Seaport, Stockton, CA",33599
6085501900,"Central San Jose, San Jose, CA",33598
29221460400,"Mineral Point, MO",33598
27053100700,"Cleveland, Minneapolis, MN",33598
6037291220,"Harbor, Gardena, CA",33597
54039001100,"Charleston, WV",33596
12057013908,"Riverview, FL",33596
4013105503,"La Mancha, Phoenix, AZ",33595
54083966300,"Randolph County, WV",33595
8005007201,"Sunny Vale, Aurora, CO",33593
18097322300,"Meridian-Kessler, Indianapolis, IN",33593
48073951100,"Alto, TX",33593
48439102000,"Linwood, Fort Worth, TX",33592
48201221500,"Northside, Houston, TX",33592
51540001000,"North Downtown, Charlottesville, VA",33592
5051010400,"Hot Springs Village, AR",33591
54087962800,"Spencer, WV",33591
36047051300,"Kings County, NY",33591
42129804000,"Greensburg, PA",33590
34013012200,"Irvington, NJ",33590
19155031300,"Council Bluffs, IA",33590
37157040700,"Mayodan, NC",33589
10001042000,"Kent County, DE",33588
49035111701,"South Salt Lake, UT",33588
12086020300,"Miami, FL",33587
47177930700,"McMinnville, TN",33586
37027031401,"Granite Falls, NC",33586
8031000902,"Barnum West, Denver, CO",33586
18165020500,"Clinton, IN",33586
40109108207,"Edmond, OK",33585
6037900804,"Lancaster, CA",33585
39087051200,"Chesapeake, OH",33585
34013009300,"North Broadway, Newark, NJ",33584
6013380000,"Marina Bay, Richmond, CA",33584
37051003401,"Fort Bragg, NC",33583
37089930900,"Hendersonville, NC",33583
8031000502,"Northwest, Denver, CO",33583
55137960400,"Hancock, WI",33582
12105012507,"Davenport, FL",33582
26059051100,"Waldron, MI",33582
6073013802,"Spring Valley, CA",33582
6071006301,"Perris Hills, San Bernardino, CA",33581
18119955800,"Spencer, IN",33581
17073030600,"Kewanee, IL",33580
6099002501,"Ceres, CA",33580
6037501504,"Whittier, CA",33579
22015011107,"Benton, LA",33578
12069031202,"Groveland, FL",33578
47089070500,"Strawberry Plains, TN",33578
39087050800,"Ironton, OH",33577
34013000300,"Upper Roseville, Newark, NJ",33576
12103024301,"Meadowlawn, Saint Petersburg, FL",33575
37059080500,"Mocksville, NC",33575
22105954001,"Hammond, LA",33575
13059130400,"Athens, GA",33574
48463950400,"Uvalde, TX",33574
54011001200,"Huntington, WV",33573
12099006604,"Delray Beach, FL",33573
12057013316,"Brandon, FL",33572
36061025100,"Upper Manhattan, New York, NY",33571
21099970500,"Hardyville, KY",33571
32003000106,"Upland-Harmony Park Place, Las Vegas, NV",33571
47109930300,"Bethel Springs, TN",33570
41029000502,"Medford, OR",33570
20173006700,"Wichita, KS",33569
21073070500,"Frankfort, KY",33568
12111382009,"Port St. Lucie, FL",33568
6077002402,"Seaport, Stockton, CA",33568
36089492500,"Newton Falls, NY",33568
1103005109,"Decatur, AL",33567
48113015700,"Grand Prairie, TX",33566
28047003404,"Saucier, MS",33566
40143001800,"Turner Park, Tulsa, OK",33565
6073003401,"Mid-City, San Diego, CA",33565
4019004333,"Sunset Acres, Tucson, AZ",33565
28047003205,"Gulfport, MS",33564
45055970403,"Lugoff, SC",33564
51185020200,"Bluefield, VA",33564
12015030200,"Englewood East, Englewood, FL",33564
51073100100,"Gloucester, VA",33564
53053071704,"Tacoma, WA",33562
45051050200,"Myrtle Beach, SC",33562
48153950500,"Lockney, TX",33562
35057963201,"Edgewood, NM",33562
51149850200,"Fort Lee, VA",33561
39155932801,"Niles, OH",33561
18175967500,"Salem, IN",33560
55079003000,"Hampton Heights, Milwaukee, WI",33560
47163041600,"Kingsport, TN",33560
37067003803,"Winston-Salem, NC",33559
37049960200,"Vanceboro, NC",33559
12125960300,"Lake Butler, FL",33558
48303002203,"Bayless Atkins, Lubbock, TX",33558
39143961700,"Fremont, OH",33557
36081030600,"Queens County, NY",33557
6019006604,"Reedley, CA",33557
4013109002,"Alhambra, Phoenix, AZ",33555
41033360500,"Grants Pass, OR",33555
12087972500,"Key West, FL",33553
13293010300,"Thomaston, GA",33553
48325000300,"Hondo, TX",33553
4013111201,"Camelback East Village, Phoenix, AZ",33552
9001073500,"East Side, Bridgeport, CT",33552
45077010501,"Pickens County, SC",33551
25005650900,"New Bedford, MA",33551
6037532603,"Huntington Park, CA",33550
40097040100,"Pryor, OK",33549
32003003612,"North Las Vegas, NV",33549
48029131401,"Lakeside, San Antonio, TX",33549
8005081000,"City Center North, Aurora, CO",33549
29095006900,"Midtown - Westport, Kansas City, MO",33548
22011960300,"DeRidder, LA",33547
37151031100,"Franklinville, NC",33547
8043978600,"Cañon City, CO",33546
12001002201,"Newberry, FL",33546
24025302802,"Aberdeen, MD",33545
47053967000,"Humboldt, TN",33545
12071040210,"Richmond, Lehigh Acres, FL",33544
54039013500,"Saint Albans, WV",33544
6037404301,"Azusa, CA",33543
18089020400,"Hammond, IN",33543
1015001000,"Anniston, AL",33543
39041010530,"Delaware, OH",33542
39053953500,"Gallipolis, OH",33541
53051970100,"Ione, WA",33541
48113018700,"Chandler Heights, Garland, TX",33541
27053006800,"Powderhorn, Minneapolis, MN",33541
48113007822,"Vickery Meadow, Dallas, TX",33541
54031970300,"Moorefield, WV",33540
48355002200,"Central City, Corpus Christi, TX",33540
45051070102,"Conway, SC",33540
32003001401,"Crestwood, Las Vegas, NV",33539
45063020908,"Lexington, SC",33539
24003706401,"Annapolis, MD",33538
13231010400,"Meansville, GA",33538
32003000105,"Meadows, Las Vegas, NV",33538
47089070900,"Dandridge, TN",33537
29011960100,"Lamar, MO",33537
39047925900,"Jeffersonville, OH",33537
9009351400,"Waterbury, CT",33537
32001950500,"Fallon, NV",33536
1121011500,"Sylacauga, AL",33536
47037015700,"Nashville, TN",33535
51071930400,"Pearisburg, VA",33535
48503950500,"Graham, TX",33534
48453002307,"East Riverside - Oltorf, Austin, TX",33534
48113017703,"Northridge Estates, Mesquite, TX",33534
36081044400,"Queens County, NY",33534
34017005200,"Greenville, Jersey City, NJ",33533
42049002400,"Erie, PA",33532
39087050500,"Kitts Hill, OH",33532
12105016003,"Fort Meade, FL",33532
6029005508,"California City, CA",33532
29145020100,"Neosho, MO",33531
10005051201,"Ocean View, DE",33529
12097042800,"Kissimmee, FL",33528
47163043402,"Blountville, TN",33528
48061012200,"San Benito, TX",33526
44005041100,"Newport, RI",33526
21025920500,"Jackson, KY",33526
47065010502,"Stuart Heights/Rivermont, Chattanooga, TN",33525
40145030201,"Wagoner, OK",33524
12017451300,"Floral City, FL",33524
53063010401,"Airway Heights, WA",33524
36081060800,"Queens County, NY",33523
48215020904,"McAllen, TX",33523
12057013100,"Keysville Neighborhood, Plant City, FL",33523
15001021509,"Kailua-Kona, HI",33523
36067011700,"Baldwinsville, NY",33522
17031611300,"South Side, Chicago, IL",33522
12071040124,"Centennial, Lehigh Acres, FL",33522
26143970300,"Roscommon, MI",33522
17031825802,"Calumet City, IL",33520
12001001801,"Alachua, FL",33520
54087963100,"Left Hand, WV",33520
6107000401,"Dinuba, CA",33520
32003003229,"Centennial Point, Las Vegas, NV",33519
40109108313,"Northwest Oklahoma City, Oklahoma City, OK",33519
25027732700,"Oak Hill, Worcester, MA",33518
37049960401,"New Bern, NC",33518
6037402501,"Westmont, Pomona, CA",33518
48093950300,"Comanche, TX",33517
12057001500,"Old Seminole Heights, Tampa, FL",33517
4003000901,"Douglas, AZ",33516
48215022800,"Weslaco, TX",33516
5023480201,"Edgemont, AR",33515
47007953200,"Pikeville, TN",33515
6073002902,"Mid-City, San Diego, CA",33514
37083930300,"Roanoke Rapids, NC",33513
8099000600,"Holly, CO",33513
48453002207,"Austins' Colony, Austin, TX",33513
26125140301,"Auburn Hills, MI",33509
12101031014,"Embassy Hills, Port Richey, FL",33509
42049011300,"Erie, PA",33509
4015951501,"Bullhead City, AZ",33508
40079040402,"Poteau, OK",33507
6037532900,"South Los Angeles, Los Angeles, CA",33506
47125100500,"Clarksville, TN",33506
39079957800,"Oak Hill, OH",33506
13011970400,"Commerce, GA",33506
48181001300,"Sherman, TX",33505
37133000103,"Maysville, NC",33503
47123925501,"Tellico Plains, TN",33503
11001002502,"Northwest Washington, Washington, DC",33503
55051180300,"Mercer, WI",33502
26105950200,"Ludington, MI",33502
36005039400,"Bronx County, NY",33502
25027731700,"Central Business District, Worcester, MA",33502
24025302400,"Aberdeen, MD",33501
22045030100,"Jeanerette, LA",33501
48113014308,"Irving, TX",33501
47129110100,"Sunbright, TN",33500
18107957000,"Crawfordsville, IN",33500
6083002304,"Santa Maria, CA",33499
41011000300,"North Bend, OR",33499
39003013200,"Lima, OH",33499
47181950200,"Waynesboro, TN",33498
29019000500,"Columbia, MO",33498
21113060200,"Nicholasville, KY",33498
51051040200,"Clintwood, VA",33497
26161413200,"Ypsilanti, MI",33497
39001770600,"Manchester, OH",33497
6071008100,"West Redlands, Redlands, CA",33497
18105001200,"Bloomington, IN",33497
36047007800,"Kings County, NY",33496
4013111402,"Camelback East Village, Phoenix, AZ",33496
12073002510,"Winwood Hills, Tallahassee, FL",33496
22089062400,"Destrehan, LA",33496
36047087800,"Kings County, NY",33496
35035000306,"Alamogordo, NM",33494
44007002800,"Wanskuck, Providence, RI",33494
36047120000,"Kings County, NY",33494
4023966103,"Nogales, AZ",33494
6037190700,"Central LA, Los Angeles, CA",33494
4013421302,"Mesa, AZ",33493
50017959300,"Braintree, VT",33492
12031016100,"Southside, Jacksonville, FL",33491
9003510400,"East Hartford, CT",33491
1127021100,"Carbon Hill, AL",33491
48013960202,"Poteet, TX",33491
21053970201,"Albany, KY",33491
39127966200,"New Lexington, OH",33491
36005021900,"Bronx County, NY",33491
21093001402,"Elizabethtown, KY",33491
4013421400,"Mesa, AZ",33491
40109100200,"Central Oklahoma City, Oklahoma City, OK",33490
36005040701,"Bronx County, NY",33490
18157005300,"West Lafayette, IN",33490
53053062801,"South Tacoma, Tacoma, WA",33490
6077003313,"Pacific, Stockton, CA",33489
30077000200,"Deer Lodge, MT",33489
6007003200,"Palermo, CA",33488
36081038400,"Queens County, NY",33488
12013010200,"Altha, FL",33488
8059010405,"I-70 Corridor, Arvada, CO",33487
22111960300,"Bernice, LA",33487
16019970700,"Idaho Falls, ID",33487
36047038200,"Kings County, NY",33486
28081950101,"Guntown, MS",33486
41039002501,"Bethel-Danebo, Eugene, OR",33486
6095251701,"Vallejo, CA",33484
26049001600,"Flint, MI",33484
37107011300,"Kinston, NC",33483
28109950402,"Carriere, MS",33481
6047002402,"Dos Palos, CA",33481
12095016709,"Orlando, FL",33481
6031001701,"Avenal, CA",33481
39007000603,"Ashtabula, OH",33481
9011690800,"New London, CT",33480
13123080300,"Ellijay, GA",33479
21033920200,"Princeton, KY",33479
6037222200,"South Los Angeles, Los Angeles, CA",33479
21111009105,"Louisville, KY",33479
12057011615,"Bay West Mobile, Tampa, FL",33478
6037570403,"College Square, Long Beach, CA",33478
32031001202,"Reno, NV",33478
45013011200,"Hilton Head Island, SC",33478
37063001807,"Greysons Green, Durham, NC",33478
37035011702,"Newton, NC",33477
12086010608,"Cutler Bay, FL",33477
45075011000,"Orangeburg, SC",33477
13135050319,"Gwinnett Village, Norcross, GA",33476
42125754300,"Washington, PA",33475
48113019016,"Lake Highlands, Dallas, TX",33475
36001001500,"Pine Hills, Albany, NY",33474
4013112402,"Maryvale Village, Phoenix, AZ",33474
10005050701,"Millsboro, DE",33473
6037920106,"Castaic, CA",33473
35013001102,"Las Cruces, NM",33472
29103960200,"Edina, MO",33472
53063003100,"East Central, Spokane, WA",33472
37129012202,"Carolina Beach, NC",33472
48321730400,"Bay City, TX",33472
42101005000,"South Philadelphia East, Philadelphia, PA",33471
48215023600,"Edinburg, TX",33471
6059063605,"Downtown, Costa Mesa, CA",33470
6071011403,"Big Bear, CA",33470
1055010700,"Gadsden, AL",33470
32510000502,"Carson City, NV",33470
53047970700,"Okanogan, WA",33470
19187000900,"Fort Dodge, IA",33469
39057200101,"Fairborn, OH",33469
51041100210,"Richmond, VA",33469
12005002606,"Crescent Beach, Panama City, FL",33469
36081051800,"Queens County, NY",33468
6115041100,"Dobbins, CA",33467
27053000102,"Lind-Bohanon, Minneapolis, MN",33467
21217920400,"Campbellsville, KY",33467
47069950500,"Middleton, TN",33466
6073020202,"Central Escondido, Escondido, CA",33466
6065042617,"Perris, CA",33466
6007000103,"Chico, CA",33465
54043955800,"Ranger, WV",33464
12095016733,"Orlando, FL",33464
29097011200,"Joplin, MO",33463
47093006207,"Knoxville, TN",33463
47037015100,"Donelson, Nashville, TN",33463
53077001400,"Union Gap, WA",33463
39009973800,"Albany, OH",33463
23017966500,"Norway, ME",33462
37067002807,"Rural Hall, NC",33462
32005002400,"Gardnerville, NV",33462
48029190200,"Midtown, San Antonio, TX",33462
37119001920,"Idlewild South, Charlotte, NC",33460
47133950500,"Cookeville, TN",33460
42069100400,"Scranton, PA",33459
45019003114,"North Charleston, SC",33459
23021960900,"Brownville, ME",33459
45019002614,"West Ashley, Charleston, SC",33459
39093091200,"Columbia Station, OH",33458
30049000900,"Helena, MT",33458
48061012505,"San Benito, TX",33455
19113001200,"Northwest Area, Cedar Rapids, IA",33455
28047003101,"Long Beach, MS",33453
18097310309,"Indianapolis, IN",33453
18141010200,"Mishawaka, IN",33453
6001400800,"Paradise Park, Oakland, CA",33452
18097320108,"Washington Township, Indianapolis, IN",33452
12011010502,"Coconut Creek, FL",33451
12115000405,"Sarasota, FL",33451
51197050100,"Wytheville, VA",33450
26125161600,"Southfield City Centre, Southfield, MI",33450
22109000900,"Houma, LA",33449
45083022401,"Campobello, SC",33449
27123034202,"Downtown, Saint Paul, MN",33449
6037461000,"Altadena, CA",33449
51067020900,"Rocky Mount, VA",33449
6037460301,"Altadena, CA",33449
48209010906,"Kyle, TX",33448
13217100800,"Covington, GA",33447
39165032502,"Franklin, OH",33447
36089491600,"Ogdensburg, NY",33447
55025002601,"Hawthorne, Madison, WI",33446
36005003100,"Bronx County, NY",33445
37031970701,"Newport, NC",33445
36047092200,"Kings County, NY",33444
45013002108,"Bluffton, SC",33443
4013105601,"Alta Vista, Phoenix, AZ",33443
42079201200,"Wilkes-Barre, PA",33442
6115040303,"Marysville, CA",33441
51167030300,"Castlewood, VA",33441
29027070400,"Fulton, MO",33441
42095011200,"Bethlehem, PA",33441
13013180401,"Winder, GA",33440
1051030600,"Wetumpka, AL",33440
36081020200,"Queens County, NY",33439
37145920400,"Roxboro, NC",33439
13131950400,"Cairo, GA",33439
4015952003,"Fort Mohave, AZ",33439
26155030500,"Owosso, MI",33438
18083955600,"Vincennes, IN",33438
18029080500,"Aurora, IN",33438
25017311100,"The Acre, Lowell, MA",33438
12103026904,"Dunedin, FL",33438
13057090400,"Canton, GA",33437
29189214700,"Breckenridge Hills, MO",33437
48231961600,"Quinlan, TX",33437
17031660301,"South Side, Chicago, IL",33436
12115002203,"Nokomis, FL",33436
13153020900,"Warner Robins, GA",33435
6041129000,"Sausalito, CA",33435
6053000501,"Salinas, CA",33434
4015954800,"Kingman, AZ",33434
55079017000,"Muskego Way, Milwaukee, WI",33434
12099003202,"West Palm Beach, FL",33434
26129950200,"West Branch, MI",33434
12011031203,"Pompano Beach, FL",33434
12027010404,"Arcadia, FL",33433
35013001702,"Anthony, NM",33433
6073002401,"Cherokee Point, San Diego, CA",33432
55117000201,"Sheboygan, WI",33431
37077970602,"Creedmoor, NC",33430
8031000201,"Chaffee Park, Denver, CO",33430
17031030101,"Edgewater, Chicago, IL",33429
42051260800,"Normalville, PA",33429
33009960100,"Littleton, Littleton, NH",33428
4013112503,"Maryvale Village, Phoenix, AZ",33428
48201222503,"Northside, Houston, TX",33428
39065000600,"Kenton, OH",33428
4003001602,"Sierra Vista, AZ",33428
47177930800,"McMinnville, TN",33427
37077970102,"Oxford, NC",33427
12127082507,"Deep Forest Village, Port Orange, FL",33424
39049009372,"South Columbus, Columbus, OH",33424
41043020802,"Albany, OR",33424
24510270102,"Waltherson, Baltimore, MD",33423
26057000300,"St. Louis, MI",33423
18003000600,"Bloomingdale, Fort Wayne, IN",33423
17031221000,"Logan Square, Chicago, IL",33423
21137920101,"Stanford, KY",33423
48115950500,"Lamesa, TX",33421
13213010500,"Chatsworth, GA",33421
6001403600,"Adams Point, Oakland, CA",33421
4019003304,"Tucson, AZ",33420
45035010818,"Windsor Hill Plantation, Charleston, SC",33419
29007950500,"Mexico, MO",33419
8031005104,"East, Denver, CO",33419
12117021311,"Oviedo, FL",33419
48309003200,"Waco, TX",33419
21099970300,"Munfordville, KY",33416
44007001300,"West End Providence, Providence, RI",33416
48113009701,"Northwest Dallas, Dallas, TX",33416
1015001400,"Anniston, AL",33415
45063020509,"West Columbia, SC",33415
17089852905,"Aurora, IL",33415
40145030403,"Tulsa, OK",33414
53035080300,"Bremerton, WA",33413
6031000405,"Lemoore, CA",33413
12086000132,"Aventura, FL",33412
22071001740,"Little Woods, New Orleans, LA",33412
45051051000,"Myrtle Beach, SC",33412
25023510502,"Brockton, MA",33411
53033008600,"Downtown, Seattle, WA",33411
13071970200,"Doerun, GA",33410
23009965100,"Waltham, ME",33409
6037191720,"Central LA, Los Angeles, CA",33409
36047082800,"Kings County, NY",33409
48141000403,"Sunrise Acres, El Paso, TX",33407
6037204200,"Boyle Heights, Los Angeles, CA",33407
17097862401,"Waukegan, IL",33407
36081053601,"Queens County, NY",33406
37047930100,"Riegelwood, NC",33406
48061011801,"Harlingen, TX",33405
19045000200,"Clinton, IA",33404
12073002403,"Tallahassee, FL",33404
41051000602,"Southeast Portland, Portland, OR",33404
37129012101,"Wilmington, NC",33404
54007968100,"Sutton, WV",33403
4013105502,"North Mountain Village, Phoenix, AZ",33403
35001003723,"Jade Park, Albuquerque, NM",33402
28139950200,"Ripley, MS",33401
6073013104,"Chula Vista, CA",33401
17113005900,"Bloomington, IL",33401
37065021300,"Tarboro, NC",33401
20055960600,"Garden City, KS",33400
48061012101,"San Benito, TX",33399
25025120301,"Jamaica Plain, Boston, MA",33399
34031182100,"Paterson, NJ",33396
39089751300,"Newark, OH",33396
12105014104,"Haines City, FL",33396
29209090500,"Kimberling City, MO",33395
39085204200,"Painesville, OH",33394
12097042602,"Kissimmee, FL",33394
15007040103,"Kilauea, HI",33394
53071920600,"Walla Walla, WA",33394
55079013000,"Johnson's Woods, Milwaukee, WI",33393
47029920300,"Parrottsville, TN",33393
36047116400,"Kings County, NY",33393
39095001201,"Toledo, OH",33392
4013217502,"South Scottsdale, Scottsdale, AZ",33391
51710000202,"Bay View, Norfolk, VA",33389
4013420115,"Mesa, AZ",33388
12101033005,"Zephyrhills Colony Company, Zephyrhills, FL",33388
6037213202,"Central LA, Los Angeles, CA",33386
1025957902,"Jackson, AL",33385
26121002000,"Muskegon, MI",33385
22061960600,"Ruston, LA",33385
47063100700,"Morristown, TN",33384
12057013410,"Bloomingdale Ridge, Riverview, FL",33384
36081079000,"Queens County, NY",33384
47141000302,"Cookeville, TN",33383
48029160300,"Palm Heights, San Antonio, TX",33383
6025012200,"Calexico, CA",33382
36061001002,"Lower Manhattan, New York, NY",33380
21133950100,"Jenkins, KY",33380
12011110403,"Miramar, FL",33379
36047080400,"Kings County, NY",33379
31109002200,"Everett, Lincoln, NE",33378
37159051400,"Kannapolis, NC",33378
26117970100,"Vestaburg, MI",33378
26085961300,"Luther, MI",33377
51109950300,"Louisa, VA",33377
39113091000,"Dayton, OH",33377
12081001000,"Bradenton, FL",33376
48299970500,"Kingsland, TX",33376
37023020202,"Morganton, NC",33375
8031003702,"Central, Denver, CO",33375
6029002812,"Bakersfield, CA",33375
42083420900,"Mount Jewett, PA",33375
21067003702,"Lexington, KY",33375
53063002500,"Logan, Spokane, WA",33375
48061012001,"Harlingen, TX",33374
41067033200,"Forest Grove, OR",33372
28111950102,"New Augusta, MS",33371
6073002601,"City Heights, San Diego, CA",33371
12083002605,"Ocala, FL",33370
28101050200,"Union, MS",33369
35013001806,"Anthony, NM",33369
51770000400,"Roanoke, VA",33368
17029000700,"Charleston, IL",33367
47157020541,"Raleigh, Memphis, TN",33367
13097080202,"Lithia Springs, GA",33367
47145030400,"Rockwood, TN",33367
37147000400,"Greenville, NC",33366
48439122100,"East Arlington, Arlington, TX",33366
22051024700,"Jefferson, LA",33366
47147080301,"Springfield, TN",33364
42079213700,"Plymouth, PA",33364
20037957100,"Pittsburg, KS",33364
47157021111,"Memphis, TN",33363
41067031402,"Cedar Hills, Beaverton, OR",33362
49035102801,"Glendale, Salt Lake City, UT",33361
6065030101,"Riverside, CA",33361
41003010600,"Corvallis, OR",33359
13013180204,"Winder, GA",33359
12125960200,"Lake Butler, FL",33359
12085001801,"Indiantown, FL",33359
1015002102,"Jacksonville, AL",33359
48029152100,"San Antonio, TX",33358
6037601002,"Inglewood, CA",33358
40143002900,"Tulsa, OK",33357
36047109800,"Kings County, NY",33357
48027021303,"Temple, TX",33357
26163573500,"Dearborn, MI",33356
6073002301,"Mid-City, San Diego, CA",33356
13291000101,"Blairsville, GA",33356
6037203900,"Boyle Heights, Los Angeles, CA",33356
6037191120,"Central LA, Los Angeles, CA",33356
48453002315,"Riverside, Austin, TX",33356
47037015615,"Antioch, Nashville, TN",33355
2170000900,"Wasilla, AK",33354
12011030903,"Pompano Beach, FL",33353
48029180300,"Inner West Side, San Antonio, TX",33353
11001002201,"Northwest Washington, Washington, DC",33353
48141003801,"Thomas Manor, El Paso, TX",33353
29095004400,"Union Hill, Kansas City, MO",33352
40037020101,"Tulsa, OK",33352
17031310600,"Lower West Side, Chicago, IL",33352
40013795600,"Bennington, OK",33352
48141000204,"Northeast El Paso, El Paso, TX",33351
6037104703,"Pacoima, Los Angeles, CA",33351
18035002302,"Daleville, IN",33351
26139024900,"Holland, MI",33350
5149952500,"Danville, AR",33350
36077590201,"Milford, NY",33348
13051010809,"Savannah, GA",33348
1125011401,"Tuscaloosa, AL",33348
40023967300,"Boswell, OK",33348
4013050701,"Blue Hills, Buckeye, AZ",33347
47059090300,"Greeneville, TN",33347
6089012301,"Cascade, Anderson, CA",33347
4025000606,"Prescott Valley Units, Prescott Valley, AZ",33346
48139061500,"Ennis, TX",33345
22051023800,"River Ridge, LA",33345
13153021202,"Perry, GA",33344
6037239601,"South Los Angeles, Los Angeles, CA",33344
54025950600,"Lewisburg, WV",33343
12127083009,"Florida Shores, Edgewater, FL",33342
50021964300,"Pawlet, VT",33342
40031002005,"Lawton, OK",33342
47161110200,"Dover, TN",33341
6089012000,"Cascade, Anderson, CA",33340
36057072500,"Fort Plain, NY",33339
12083001301,"Ocala, FL",33337
50027966000,"Windsor, VT",33337
10005050407,"Seaford, DE",33337
13089021303,"Atlanta, GA",33337
26009960200,"East Jordan, MI",33336
17105960500,"Pontiac, IL",33335
51181860200,"Dendron, VA",33334
4003000301,"Benson, AZ",33333
40135030302,"Sallisaw, OK",33332
26033970400,"Sault Ste. Marie, MI",33332
1097006200,"Wilmer, AL",33332
25003925100,"Great Barrington, MA",33332
48375014100,"Amarillo, TX",33332
25015820801,"South Amherst, Amherst, MA",33330
45047970400,"Greenwood, SC",33330
51510201203,"Potomac West, Alexandria, VA",33329
12071040209,"Joel, Lehigh Acres, FL",33329
10001041600,"Dover, DE",33329
5033020201,"Cedarville, AR",33329
9001073400,"North Bridgeport, Bridgeport, CT",33327
54039000600,"Charleston, WV",33327
45063020202,"Cayce, SC",33326
8015000100,"Salida, CO",33326
19163012300,"West Davenport, Davenport, IA",33325
36047039300,"Kings County, NY",33325
18141000700,"Park Avenue, South Bend, IN",33324
21049020600,"Winchester, KY",33323
36047086200,"Kings County, NY",33323
17031051400,"West Lakeview, Chicago, IL",33322
22121020100,"Port Allen, LA",33321
12127091023,"Deltona Lakes, Deltona, FL",33321
10001042500,"Milford, DE",33319
54037972505,"Charles Town, WV",33319
36047085600,"Kings County, NY",33319
36017970200,"South Otselic, NY",33319
32003001902,"Las Vegas, NV",33318
48029131610,"Northeast Side, Converse, TX",33318
37109070800,"Lincolnton, NC",33318
37071030602,"Cherryville, NC",33318
36047115800,"Kings County, NY",33318
12081000603,"Bradenton, FL",33318
6037269602,"Central LA, Los Angeles, CA",33317
12071010302,"Hancock, Cape Coral, FL",33317
5137950202,"Mountain View, AR",33316
37175960402,"Brevard, NC",33316
26069000500,"East Tawas, MI",33316
1109189200,"Troy, AL",33315
35013001104,"Las Cruces, NM",33315
26081010102,"Gowen, MI",33315
12017451000,"Inverness, FL",33315
4013082203,"Estrella Village, Phoenix, AZ",33315
25025120500,"Jamaica Plain, Boston, MA",33315
20169000500,"Salina, KS",33314
51173030701,"Chilhowie, VA",33314
18141000301,"Keller Park, South Bend, IN",33313
6037601212,"Inglewood, CA",33313
40071000500,"Ponca City, OK",33311
42071000600,"Lancaster, PA",33311
48279950600,"Littlefield, TX",33311
40011958900,"Watonga, OK",33310
6037576904,"Eastside, Long Beach, CA",33310
13013180106,"Auburn, GA",33310
13177020200,"Smithville, GA",33310
40109106601,"Central Oklahoma City, Oklahoma City, OK",33309
21153970200,"Salyersville, KY",33308
17003957600,"Tamms, IL",33308
16017950300,"Sandpoint, ID",33308
6067007413,"Irish Village Estates, North Highlands, CA",33308
41007950500,"Warrenton, OR",33308
56021000200,"Cheyenne, WY",33308
48141004320,"Marty Robbins North, El Paso, TX",33307
37119005620,"Bradfield Farms, Charlotte, NC",33307
4005000500,"Flagstaff, AZ",33306
4021001701,"Maricopa, AZ",33306
35001004604,"Albuquerque, NM",33306
12035060304,"Flagler Beach, FL",33306
9011696400,"Greenville, Norwich, CT",33305
48215021803,"San Juan, TX",33305
37027031100,"Lenoir, NC",33305
36055003700,"Upper Monroe, Rochester, NY",33304
20057962101,"Dodge City, KS",33304
31109003202,"Arnold Heights, Lincoln, NE",33304
37077970703,"Butner, NC",33304
6047001402,"Merced, CA",33303
26163516500,"Rivertown - Warehouse District, Detroit, MI",33303
36081028200,"Queens County, NY",33303
24043000602,"Hagerstown, MD",33303
41051001301,"Southeast Portland, Portland, OR",33302
30053000200,"Libby, MT",33302
21163970301,"Vine Grove, KY",33302
12011020323,"Forest Hills, Coral Springs, FL",33302
53069950100,"Cathlamet, WA",33302
6071008404,"North Redlands, Redlands, CA",33301
12031010600,"Cisco Gardens, Jacksonville, FL",33300
51590001400,"Danville, VA",33299
13275960400,"Pavo, GA",33299
48157670601,"Fort Bend Houston, Missouri City, TX",33299
48061013206,"Brownsville, TX",33298
26159011500,"Decatur, MI",33298
45077010200,"Pickens, SC",33298
30029000700,"Evergreen, MT",33297
47045964600,"Dyersburg, TN",33297
13063040411,"Rex, GA",33297
23017965400,"Mexico, ME",33297
41059950700,"Pendleton, OR",33297
37113970600,"Franklin, NC",33297
51770000602,"Roanoke, VA",33296
41019210000,"Glendale, OR",33296
12009063104,"Rockledge, FL",33295
12103024513,"Pinellas Park, FL",33295
47025970100,"Harrogate, TN",33295
1041963400,"Highland Home, AL",33295
36007000300,"Binghamton, NY",33295
17031310400,"Lower West Side, Chicago, IL",33294
34039039800,"Elizabeth, NJ",33294
51003010700,"Wynridge, Charlottesville, VA",33294
6073003303,"Mountain View, San Diego, CA",33293
21199930502,"Somerset, KY",33293
21003920100,"Scottsville, KY",33292
12091023306,"Destin, FL",33292
42045400801,"Upper Darby, PA",33292
51117930600,"Boydton, VA",33292
17031030601,"Edgewater, Chicago, IL",33291
5117460300,"De Valls Bluff, AR",33290
36119000300,"Yonkers, NY",33289
47131965400,"Troy, TN",33288
28003950700,"Rienzi, MS",33288
48041001303,"College Hills Estates, College Station, TX",33287
44007001000,"Federal Hill, Providence, RI",33287
16055001300,"Coeur d'Alene, ID",33287
25005641200,"Fall River, MA",33287
36081015200,"Queens County, NY",33287
13135050320,"Gwinnett Village, Norcross, GA",33286
17031230700,"Humboldt Park, Chicago, IL",33286
51009010502,"Madison Heights, VA",33285
47141000303,"Cookeville, TN",33285
45051051605,"Myrtle Beach, SC",33285
6053014000,"Seaside, CA",33285
6073013103,"Chula Vista, CA",33284
36047087000,"Kings County, NY",33284
6073012700,"Chula Vista, CA",33283
41039004401,"Western, Eugene, OR",33283
8031002802,"Central, Denver, CO",33282
36063023700,"Lockport, NY",33282
51163930200,"Rockbridge Baths, VA",33282
6037124204,"North Hollywood, Los Angeles, CA",33282
13087970600,"Bainbridge, GA",33281
53011041700,"Vancouver, WA",33280
53027000900,"Aberdeen, WA",33280
4013422107,"Mesa, AZ",33280
8001009319,"Federal Heights, CO",33279
39163953000,"McArthur, OH",33278
6073004400,"South Park, San Diego, CA",33278
39003013100,"Lima, OH",33278
26121002100,"Campbell Field, Muskegon, MI",33278
34031182000,"Paterson, NJ",33277
36081061000,"Queens County, NY",33277
6037535300,"South Los Angeles, Los Angeles, CA",33276
17031843500,"Little Village, Chicago, IL",33276
12015020301,"Port Charlotte, FL",33276
48113017604,"Edgemont Park, Mesquite, TX",33276
6053010608,"Salinas, CA",33276
12059960400,"Bonifay, FL",33274
20161000500,"Manhattan, KS",33274
48351950100,"Burkeville, TX",33274
39169000500,"Wooster, OH",33274
37161961102,"Mooresboro, NC",33273
42039112001,"Jamestown, PA",33273
21195931200,"Raccoon, KY",33273
34017006000,"Greenville, Jersey City, NJ",33273
18157005101,"West Lafayette, IN",33272
25027731900,"Bell Hill, Worcester, MA",33271
53009000900,"Port Angeles, WA",33270
6037123304,"North Hollywood, Los Angeles, CA",33269
39153510200,"Barberton, OH",33269
26079950400,"South Boardman, MI",33266
29197470100,"Lancaster, MO",33265
51051040400,"Nora, VA",33265
37089931600,"Hendersonville, NC",33265
41029000800,"Medford, OR",33264
12099005502,"Ocean Breeze, Lantana, FL",33263
35001000115,"Albuquerque, NM",33263
36003950400,"Belfast, NY",33262
45035010200,"Saint George, SC",33262
21235920300,"Corbin, KY",33262
27017940000,"Cloquet, MN",33261
12095015300,"Orlando, FL",33261
23009965400,"Orland, ME",33258
5005950900,"Gassville, AR",33257
48303001708,"Lubbock, TX",33257
47155080802,"Sevierville, TN",33257
6019005403,"Fresno, CA",33255
36081069000,"Queens County, NY",33255
41005021601,"Southgate, Milwaukie, OR",33255
5037950200,"Cherry Valley, AR",33255
6065041101,"Arlanza, Riverside, CA",33254
13121010301,"Cliftondale, Atlanta, GA",33253
39049000320,"North Linden, Columbus, OH",33252
6023011100,"Scotia, CA",33251
12007000200,"Starke, FL",33251
6071009905,"Victorville, CA",33251
13095000400,"Albany, GA",33250
13295020502,"Chickamauga, GA",33250
44005040500,"Newport, RI",33249
45055970601,"Camden, SC",33249
40109107809,"Del City, OK",33248
26055551300,"Traverse City, MI",33248
8041002000,"East Colorado Springs, Colorado Springs, CO",33247
8085966601,"Montrose, CO",33245
5119003605,"Jacksonville, AR",33244
41031960301,"Terrebonne, OR",33244
6071010409,"Wonder Valley, Twentynine Palms, CA",33244
37133002201,"Jacksonville, NC",33243
22027950500,"Athens, LA",33243
4013116204,"Braemar South, Phoenix, AZ",33243
37035010501,"Hickory, NC",33242
1003011501,"Foley, AL",33242
12083000801,"The Villages, FL",33241
4019004071,"Tucson, AZ",33241
22119031300,"Springhill, LA",33241
55105002000,"Beloit, WI",33241
51109950202,"Mineral, VA",33241
30031001101,"Bozeman, MT",33240
19013001900,"Waterloo, IA",33240
6037211202,"Central LA, Los Angeles, CA",33240
13115001800,"Lindale, GA",33240
51770001800,"Roanoke, VA",33239
19153005100,"Downtown Des Moines, Des Moines, IA",33239
48113013805,"Addison, TX",33239
29207470600,"Dexter, MO",33239
6037600911,"Inglewood, CA",33239
6045010100,"Covelo, CA",33238
4005942201,"Page, AZ",33237
8005007202,"Aurora, CO",33237
1095030904,"Albertville, AL",33236
37015960100,"Colerain, NC",33236
51810041004,"Northwest, Virginia Beach, VA",33236
24003750101,"Brooklyn Park, MD",33235
36047114600,"Kings County, NY",33234
48215024500,"Edcouch, TX",33234
12091023100,"Mary Esther, FL",33233
23011024102,"Waterville, ME",33233
36047117400,"Kings County, NY",33232
55067960500,"Langlade County, WI",33232
36081033000,"Queens County, NY",33231
12031015400,"Arlington, Jacksonville, FL",33230
48453002426,"Springfield At Thaxton Road, Austin, TX",33230
55025002000,"Madison, WI",33227
17029001000,"Mattoon, IL",33227
1121011000,"Talladega, AL",33226
42079214100,"Nanticoke, PA",33226
41047001604,"North Lancaster, Salem, OR",33226
4019004425,"Tucson, AZ",33226
12049970201,"Bowling Green, FL",33225
48029180503,"Inner West Side, San Antonio, TX",33225
21111012104,"Valley Village, Louisville, KY",33224
6019004205,"Fresno, CA",33224
21101020100,"Henderson, KY",33224
36005039000,"Bronx County, NY",33223
28049010809,"Jackson, MS",33223
42071001100,"Lancaster, PA",33222
12081000308,"Bradenton, FL",33222
45007011300,"Belton, SC",33222
12105014902,"Mulberry, FL",33222
54081001500,"Beckley, WV",33222
55101001201,"Mount Pleasant, WI",33221
34005702803,"Willingboro, NJ",33220
48113012701,"Casa View, Dallas, TX",33219
36015000200,"Elmira, NY",33219
4019004110,"Tucson, AZ",33218
12011090302,"Hollywood Lakes, Hollywood, FL",33218
8101002700,"Beulah Heights, Pueblo, CO",33218
51035080601,"Galax, VA",33217
12009060500,"Gardendale, Titusville, FL",33217
41035970900,"Klamath Falls, OR",33216
26081000800,"West Grand, Grand Rapids, MI",33214
6071000903,"Upland, CA",33213
12095018400,"Northeast Orlando, Orlando, FL",33212
37159051201,"Salisbury, NC",33212
21103090302,"Eminence, KY",33212
17031814200,"Cicero, IL",33212
48439102301,"Fort Worth, TX",33211
12011060305,"Inverrary, Lauderhill, FL",33211
20209044302,"Bethel Welborn, Kansas City, KS",33211
37087920900,"Waynesville, NC",33211
48201221000,"Eastex/ Jensen, Houston, TX",33211
36049950600,"Lyons Falls, NY",33211
2130000200,"Ketchikan, AK",33210
13275960500,"Thomasville, GA",33210
31109000800,"Hartley, Lincoln, NE",33209
6037553601,"Paramount, CA",33209
16005001603,"Pocatello, ID",33208
29217950300,"Nevada, MO",33208
48215021806,"San Juan, TX",33208
39153531101,"Akron, OH",33208
39079957300,"Wellston, OH",33208
26079950601,"Kalkaska, MI",33207
34029715301,"Lakewood, Lakewood Township, NJ",33207
17031842300,"West Town, Chicago, IL",33207
35035000603,"La Luz, NM",33205
13293010202,"Thomaston, GA",33204
1117030408,"Montevallo, AL",33204
18093951100,"Bedford, IN",33204
48061013003,"Brownsville, TX",33204
17183011000,"Georgetown, IL",33204
48117950500,"Hereford, TX",33203
48141010339,"El Paso, TX",33202
4015950100,"Littlefield, AZ",33202
28033070221,"Desoto County, MS",33201
40031000401,"Lawton, OK",33200
55079000700,"Bradley Estates, Milwaukee, WI",33199
47059090200,"Greeneville, TN",33199
49049010900,"Springville, UT",33199
6077000700,"Seaport, Stockton, CA",33199
48029121403,"Camelot, San Antonio, TX",33198
1009050500,"Hayden, AL",33198
56025000200,"Casper, WY",33198
48489950500,"Lyford, TX",33197
36081033401,"Queens County, NY",33196
48113013105,"North Dallas, Dallas, TX",33196
41033361000,"Grants Pass, OR",33196
6019008200,"San Joaquin, CA",33196
17031410900,"East Hyde Park, Chicago, IL",33196
35001000713,"Singing Arrow, Albuquerque, NM",33195
13277960400,"Tifton, GA",33195
42085030500,"Sharon, PA",33194
12053041402,"Spring Hill, FL",33193
5145070500,"Judsonia, AR",33193
12011020308,"Coral Springs Subdivision, Coral Springs, FL",33193
6071000825,"Upland, CA",33193
39035115900,"South Broadway, Cleveland, OH",33192
47081950301,"Duck River, TN",33192
37109070100,"Lincolnton, NC",33192
26161411900,"Ypsilanti, MI",33192
12123950200,"Perry, FL",33192
47121960100,"Ten Mile, TN",33191
34005702204,"Pemberton, NJ",33191
42095014200,"West Ward, Easton, PA",33191
21111007602,"Clifton Heights, Louisville, KY",33190
6065041500,"Corona, CA",33190
13255161000,"Griffin, GA",33189
6037531503,"East Los Angeles, CA",33189
42101009802,"Overbrook, Philadelphia, PA",33188
12023110500,"Lake City, FL",33188
4019004307,"Green Valley, AZ",33188
31109000202,"University Place, Lincoln, NE",33186
40109100100,"Central Oklahoma City, Oklahoma City, OK",33186
36093021500,"Schenectady, NY",33185
37089931000,"Hendersonville, NC",33185
36071012602,"New Windsor, NY",33184
25027732600,"Oak Hill, Worcester, MA",33183
34017003000,"McGinley Square, Jersey City, NJ",33183
12027010102,"Arcadia, FL",33181
36047087401,"Kings County, NY",33181
8031001500,"Globeville, Denver, CO",33181
40109107801,"Del City, OK",33180
12127090102,"Pierson, FL",33180
42101037600,"North Philadelphia, Philadelphia, PA",33178
13213010600,"Chatsworth, GA",33178
36045061700,"Adams, NY",33177
12101031804,"Heritage Pines, Hudson, FL",33177
36005021002,"Bronx County, NY",33177
13129970100,"Ranger, GA",33176
22013970300,"Ringgold, LA",33176
6059011720,"Placentia, CA",33175
17031243200,"West Town, Chicago, IL",33175
47059090600,"Greeneville, TN",33175
6023010800,"Fortuna, CA",33175
32003003005,"Summerlin, Las Vegas, NV",33175
36047093800,"Kings County, NY",33175
28071950202,"Oxford, MS",33174
12087971100,"Marathon, FL",33173
39171950600,"Bryan, OH",33173
10001040201,"Smyrna, DE",33173
12133970103,"Chipley, FL",33172
26021010300,"Watervliet, MI",33172
1109189000,"Troy, AL",33172
39049005200,"German Village, Columbus, OH",33172
29069360700,"Kennett, MO",33172
54011010600,"Milton, WV",33171
1121010102,"Munford, AL",33171
29069360800,"Senath, MO",33171
56001963000,"Laramie, WY",33171
55079017300,"Layton Park, Milwaukee, WI",33170
51087201403,"Sandston, VA",33170
12031010500,"Northside, Jacksonville, FL",33169
34005702207,"Burlington County, NJ",33169
48029162004,"Atascosa, TX",33168
8041004200,"Fountain Valley, Colorado Springs, CO",33168
12015020302,"Port Charlotte, FL",33168
48245000200,"Beaumont, TX",33168
22011960400,"DeRidder, LA",33167
47113000100,"Jackson, TN",33166
24033804002,"Bladensburg, MD",33166
4005001200,"Flagstaff, AZ",33165
51810044807,"Northeast Virginia Beach, Virginia Beach, VA",33164
12009065122,"Tropicana, Palm Bay, FL",33164
24005451401,"Middle River, MD",33164
39027964500,"Wilmington, OH",33163
25005652700,"New Bedford, MA",33163
48029141102,"East Side, San Antonio, TX",33163
37081010702,"Greensboro, NC",33162
21009950600,"Glasgow, KY",33161
28065950202,"Carson, MS",33161
44007003200,"Mount Hope, Providence, RI",33160
12081002011,"Bradenton, FL",33160
26041970800,"Escanaba, MI",33159
32003000516,"Las Vegas, NV",33159
48265960302,"Ingram, TX",33158
45055970903,"Elgin, SC",33158
48439110302,"Fort Worth, TX",33157
12053041005,"Spring Hill, FL",33157
6079010102,"Paso Robles, CA",33155
6037228420,"South Los Angeles, Los Angeles, CA",33155
37019020509,"Sunset Beach, NC",33154
31055002200,"Little Italy, Omaha, NE",33153
22087030603,"Chalmette, LA",33153
8037000302,"Basalt, CO",33152
55025002500,"Madison, WI",33152
9015800300,"Willimantic, Windham, CT",33151
13213010300,"Chatsworth, GA",33151
17017960500,"Beardstown, IL",33151
48215021500,"Pharr, TX",33149
9001071400,"Downtown, Bridgeport, CT",33149
35049000500,"Santa Fe, NM",33149
51009010401,"Madison Heights, VA",33149
45045004101,"Marietta, Slater-Marietta, SC",33148
6037576200,"Downtown, Long Beach, CA",33147
13207050101,"Forsyth, GA",33147
26111291500,"Midland, MI",33147
41019090000,"Winchester, Roseburg North, OR",33146
54107000902,"Parkersburg, WV",33145
5149952302,"Dardanelle, AR",33144
37031970801,"Swansboro, NC",33144
2020002201,"Turnagain, Anchorage, AK",33143
26001970100,"Harrisville, MI",33143
8041001600,"Downtown, Colorado Springs, CO",33142
28019950300,"Ackerman, MS",33142
45083022202,"Cowpens, SC",33142
4013093105,"Glendale, AZ",33141
48121021201,"Denton, TX",33141
39155930102,"Burghill, OH",33141
12075970200,"Chiefland, FL",33140
17201003709,"Rockford, IL",33140
47141001100,"Baxter, TN",33139
4013106001,"Alhambra, Phoenix, AZ",33139
17031835100,"Gage Park, Chicago, IL",33138
48157670300,"Briargate, Missouri City, TX",33138
12101033014,"Zephyrhills Colony Company, Zephyrhills, FL",33136
36071015006,"Kiryas Joel, NY",33136
13313000600,"Tunnel Hill, GA",33135
39027964300,"Sabina, OH",33135
25009206300,"Lynn, MA",33134
6071012500,"Colton, CA",33133
6065040607,"Corona, CA",33132
47037019006,"Windsor Park, Nashville, TN",33132
53009001900,"Sequim, WA",33132
6037910402,"Palmdale, CA",33131
22017024503,"Shreveport, LA",33130
9009142601,"Quinnipiac Meadows, New Haven, CT",33130
36047049300,"Kings County, NY",33130
12011090401,"North Central Hollywood, Hollywood, FL",33129
8055960900,"Walsenburg, CO",33129
36047098600,"Kings County, NY",33128
37033930300,"Providence, NC",33128
35041000100,"Portales, NM",33127
37163970700,"Clinton, NC",33127
26023951400,"Coldwater, MI",33126
39085202100,"Willowick, OH",33126
24033801708,"Oxon Hill, MD",33126
48215024110,"Mission, TX",33126
5113950600,"Grannis, AR",33126
9003502400,"South End, Hartford, CT",33126
21175950100,"West Liberty, KY",33126
12111382106,"Port St. Lucie, FL",33125
53035081200,"Bremerton, WA",33125
35005001101,"Roswell, NM",33124
12086005103,"Little Havana, Miami, FL",33123
17177001200,"Freeport, IL",33123
45079011419,"Columbia, SC",33123
39145003800,"Portsmouth, OH",33123
29071801101,"Sullivan, MO",33122
13127000401,"Brunswick, GA",33122
12023110800,"Lake City, FL",33122
36029006501,"Grant Ferry, Buffalo, NY",33121
29077002300,"Springfield, MO",33121
47011011601,"Cleveland, TN",33121
48147950402,"Bonham, TX",33119
6031001003,"Hanford, CA",33119
39155932200,"Girard, OH",33118
37129012105,"Wilmington, NC",33118
51143011200,"Danville, VA",33118
24033803602,"Glenarden, MD",33118
6065045707,"Coachella, CA",33116
21167960200,"Harrodsburg, KY",33116
37081010701,"Westerwood, Greensboro, NC",33115
6095250701,"Vallejo, CA",33114
34009021400,"Wildwood, NJ",33114
12127090904,"Orlandia Heights, DeBary, FL",33113
5023480300,"Heber Springs, AR",33113
32003000513,"Las Vegas, NV",33113
13053020205,"Fort Benning, GA",33113
1053970700,"Atmore, AL",33112
34005702806,"Willingboro, NJ",33111
48141004103,"El Paso, TX",33111
53077940006,"Toppenish, WA",33110
45045003202,"Honea Path, SC",33110
48029131402,"San Antonio, TX",33110
4013319704,"Tempe, AZ",33110
25009250200,"Lawrence, MA",33109
12047960200,"Jennings, FL",33109
48347950302,"Nacogdoches, TX",33108
24031701900,"Takoma Park, MD",33108
25027733000,"South Worcester, Worcester, MA",33107
1031011202,"Enterprise, AL",33107
36005040600,"Bronx County, NY",33107
6073002402,"City Heights, San Diego, CA",33104
6065046500,"University, Riverside, CA",33104
54003971500,"Martinsburg, WV",33103
48439105704,"Fort Worth, TX",33103
47185935400,"Sparta, TN",33103
36005042100,"Bronx County, NY",33102
40083600200,"Guthrie, OK",33102
9003502500,"South End, Hartford, CT",33102
37089930703,"Etowah, NC",33102
12115001504,"Sarasota, FL",33102
4019003600,"Tucson, AZ",33101
36059406701,"Hempstead, NY",33101
39049001810,"South Campus, Columbus, OH",33100
45089970600,"Kingstree, SC",33100
12053041104,"Spring Hill, FL",33099
48489950600,"Sebastian, TX",33099
26085961100,"Chase, MI",33098
6071007000,"Colton, CA",33098
36119006400,"New Rochelle, NY",33097
36005026500,"Bronx County, NY",33097
8001008706,"Commerce City, CO",33097
36081050400,"Queens County, NY",33097
12097042500,"Buena Ventura Lakes, FL",33097
26099240000,"Clinton Township, MI",33096
16021970200,"Bonners Ferry, ID",33096
48113016406,"Grand Prairie, TX",33095
22001960700,"Rayne, LA",33095
9009141200,"Amity, New Haven, CT",33095
37099950200,"Sylva, NC",33095
42003090300,"Bloomfield, Pittsburgh, PA",33094
18097341904,"Wayne, Indianapolis, IN",33093
39039958500,"Defiance, OH",33093
13051004002,"Highland Park, Savannah, GA",33093
55079001500,"Silver Spring, Milwaukee, WI",33093
36059407101,"Hempstead, NY",33092
28117950100,"Booneville, MS",33092
13109970100,"Claxton, GA",33092
9009142604,"Fair Haven Heights, New Haven, CT",33091
6037104108,"Pacoima, Los Angeles, CA",33090
18095001800,"Anderson, IN",33089
35001000904,"Elder Homstead, Albuquerque, NM",33088
40109107219,"Central Oklahoma City, Oklahoma City, OK",33088
12063210300,"Graceville, FL",33088
37019020507,"Calabash, NC",33087
50005957300,"Lyndon Center, Lyndon, VT",33086
51033030201,"Ruther Glen, VA",33086
20157978300,"Belleville, KS",33086
4019004419,"Rancho Del Sol Lindo, Marana, AZ",33085
41003001102,"Corvallis, OR",33085
21067002002,"Calumet, Lexington, KY",33085
12055960400,"Avon Park, FL",33084
37107011400,"Kinston, NC",33084
48141001104,"Sunland Park North, El Paso, TX",33084
1081042101,"Opelika, AL",33084
35061970401,"Los Lunas, NM",33083
16055000900,"Coeur d'Alene, ID",33083
4005942202,"Kaibito, AZ",33082
4013104402,"North Mountain Village, Phoenix, AZ",33081
17021958900,"Pana, IL",33081
49035103200,"Liberty Wells, Salt Lake City, UT",33080
37071030301,"Dallas, NC",33080
48479001813,"Laredo, TX",33079
12086004204,"South Beach, Miami Beach, FL",33079
12011070102,"Davie, FL",33077
6037234000,"Leimert Park, Los Angeles, CA",33075
34017001701,"West Side, Jersey City, NJ",33074
39153505400,"Kenmore, Akron, OH",33074
4013112514,"Estrella Village, Phoenix, AZ",33074
12015010200,"Punta Gorda, FL",33072
8041005000,"Colorado Springs, CO",33071
5097953100,"Pencil Bluff, AR",33071
48215024302,"Edcouch, TX",33071
13019970100,"Alapaha, GA",33070
47059090900,"Chuckey, TN",33069
6019003808,"West Fresno, Fresno, CA",33069
12117022101,"Casselberry, FL",33068
6037192610,"Central LA, Los Angeles, CA",33067
21111011906,"Louisville, KY",33067
18093951300,"Mitchell, IN",33066
26049012310,"Mount Morris, MI",33066
12075970301,"Chiefland, FL",33066
47045964800,"Dyersburg, TN",33065
23019015000,"Dexter, ME",33065
48141010325,"Montana East, El Paso, TX",33064
36005021001,"Bronx County, NY",33064
8031002703,"Central, Denver, CO",33064
29215480300,"Bucyrus, MO",33063
6037239502,"South Los Angeles, Los Angeles, CA",33062
23013970400,"Warren, ME",33061
21111011005,"Louisville, KY",33061
28045030200,"Waveland, MS",33061
51199050900,"Williamsburg, VA",33060
39049009230,"Pinewood, Columbus, OH",33060
21025920400,"Jackson, KY",33059
12107950600,"Palatka, FL",33059
55101000100,"Racine, WI",33059
48245001100,"Oaks Historic District, Beaumont, TX",33058
45075011800,"Neeses, SC",33058
6115040100,"Marysville, CA",33058
31055004200,"Southeast Omaha, Omaha, NE",33057
18065976000,"New Castle, IN",33057
12083000301,"Citra, FL",33057
39045032000,"Lancaster, OH",33057
42049001000,"Erie, PA",33056
53027000200,"Ocean Shores, WA",33056
40115574300,"Miami, OK",33055
47093003700,"Knoxville, TN",33055
4013116800,"Encanto Village, Phoenix, AZ",33055
36067006102,"Valley, Syracuse, NY",33054
51540000600,"Jefferson Park Avenue, Charlottesville, VA",33053
22115950704,"Fort Polk, Fort Polk South, LA",33053
48113012604,"Dallas, TX",33053
6099002602,"Ceres, CA",33053
13311950202,"Cleveland, GA",33052
48061013204,"Brownsville, TX",33052
37119001919,"Coventry Woods, Charlotte, NC",33051
29189210702,"St. Louis, MO",33051
2170000101,"Willow, AK",33051
48215022106,"Donna, TX",33050
48113014902,"Irving, TX",33050
5003960300,"Hamburg, AR",33049
48141003300,"Timberwolf, El Paso, TX",33049
48223950401,"Sulphur Springs, TX",33048
29021000900,"Saint Joseph, MO",33048
12091021200,"Valparaiso, FL",33048
48053960300,"Burnet, TX",33047
8031001101,"Northwest, Denver, CO",33047
12086005407,"Little Havana, Miami, FL",33046
6103000900,"Los Molinos, CA",33046
53021020100,"Pasco, WA",33046
31055002000,"Southeast Omaha, Omaha, NE",33045
17167001800,"Near South, Springfield, IL",33045
34005702805,"Willingboro, NJ",33045
23011010900,"Gardiner, ME",33045
4013117000,"Encanto Village, Phoenix, AZ",33044
39151714100,"Massillon, OH",33043
13079070201,"Lizella, GA",33043
42091203803,"Norristown, PA",33042
29221460200,"Potosi, MO",33039
6113010101,"West Sacramento, CA",33038
4013723305,"Gila Bend, AZ",33038
48125950300,"Spur, TX",33037
54107000300,"Parkersburg, WV",33036
12111382112,"Port St. Lucie, FL",33036
13059130500,"Bogart, GA",33035
5015950300,"Berryville, AR",33035
48201232702,"Northeast Houston, Houston, TX",33034
25013800102,"Indian Orchard, Springfield, MA",33033
15003005400,"Kalihi - Palama, Honolulu, HI",33033
12009060300,"Westwood Villas, Titusville, FL",33033
6037543321,"Carson, CA",33033
32001950400,"Fallon, NV",33033
48113006501,"Oak Cliff, Dallas, TX",33032
39057200300,"Fairborn, OH",33032
16083001200,"Twin Falls, ID",33031
32003000203,"Rancho Manor, Las Vegas, NV",33031
6037128303,"Van Nuys, Los Angeles, CA",33030
48351950200,"Newton, TX",33029
19153000500,"Highland Park, Des Moines, IA",33028
29213480105,"Branson, MO",33028
4019004119,"Sahuarita, AZ",33028
47093004610,"Cedar Bluff, Knoxville, TN",33027
2122000800,"Anchor Point, AK",33027
12115000502,"Arlington Park, Sarasota, FL",33027
21137920103,"Stanford, KY",33027
36109001800,"Tompkins County, NY",33027
35049010304,"Santa Fe, NM",33027
25003926100,"Sheffield, MA",33027
40085094100,"Marietta, OK",33026
29061470100,"Jameson, MO",33026
13195020600,"Danielsville, GA",33026
6037106407,"Sylmar, Los Angeles, CA",33025
20173007000,"Eastridge, Wichita, KS",33025
6067004601,"Sacramento, CA",33024
47185935300,"Sparta, TN",33024
13275960600,"Thomasville, GA",33024
48439100501,"Fort Worth, TX",33024
12089050302,"Yulee, FL",33024
6073021900,"National City, CA",33023
39035102200,"West Boulevard, Cleveland, OH",33023
55025001402,"Madison, WI",33022
20209045000,"Shawnee Heights, Kansas City, KS",33022
12113010706,"Milton, FL",33022
48343950100,"Omaha, TX",33021
36061011500,"Hell's Kitchen, New York, NY",33021
29145020300,"Neosho, MO",33020
45075011900,"Neeses, SC",33020
36047117000,"Kings County, NY",33020
12073002604,"Tallahassee, FL",33019
36029006601,"Front Park, Buffalo, NY",33018
6019006802,"Parlier, CA",33018
6037124203,"North Hollywood, Los Angeles, CA",33018
12099004010,"West Palm Beach, FL",33017
53033009000,"Atlantic, Seattle, WA",33017
41013950400,"Prineville, OR",33017
37019020601,"Ash, NC",33016
6095250601,"Vallejo, CA",33015
6071007107,"Cooley Ranch, Colton, CA",33015
12031013522,"Westside, Jacksonville, FL",33015
26125181000,"Madison Heights, MI",33015
47149042100,"Murfreesboro, TN",33015
21067003202,"Bryan Station, Lexington, KY",33014
39113001501,"Downtown, Dayton, OH",33013
49035104900,"Sugar House, Salt Lake City, UT",33013
28003950200,"Corinth, MS",33012
25003932200,"Becket, MA",33012
12081001108,"Bradenton, FL",33012
51057950800,"Dunnsville, VA",33011
5005950400,"Mountain Home, AR",33010
47013950300,"Pioneer, TN",33010
45019004609,"Mount Pleasant, SC",33009
12057000101,"Terrace Park, Tampa, FL",33009
37005950300,"Sparta, NC",33008
5059020700,"Bismarck, AR",33008
41051000601,"Lents, Portland, OR",33007
37125950900,"Downtown, Southern Pines, NC",33007
12075970500,"Morriston, FL",33007
18019050503,"Clarksville, IN",33007
6037221810,"South Los Angeles, Los Angeles, CA",33007
17089854700,"Aurora, IL",33005
37135010801,"Cedar Grove, NC",33005
42069101400,"Scranton, PA",33005
12105012004,"Lakeland, FL",33003
18035001000,"Anthony, Muncie, IN",33003
48201222501,"Northside, Houston, TX",33003
26087337500,"Lapeer, MI",33003
53077000300,"Yakima, WA",33003
40143007102,"Mingo Valley, Tulsa, OK",33002
41039001202,"Cottage Grove, OR",33002
6089011300,"Enterprise, Redding, CA",33002
23019031200,"Corinth, ME",33002
6025011900,"Calexico, CA",33000
48427950101,"San Isidro, TX",32999
39061007200,"Clifton, Cincinnati, OH",32998
9001073200,"Boston Ave - Mill Hill, Bridgeport, CT",32998
8059011550,"Country Club, Lakewood, CO",32997
37153970300,"Rockingham, NC",32997
22051027200,"Westwego, LA",32997
6037191000,"Central LA, Los Angeles, CA",32996
5005950800,"Mountain Home, AR",32996
37079950300,"Snow Hill, NC",32996
37081016405,"Greensboro, NC",32996
17031300700,"Little Village, Chicago, IL",32995
26053950500,"Ironwood, MI",32995
6077001300,"Pacific, Stockton, CA",32994
36081062200,"Queens County, NY",32994
17115001100,"Decatur, IL",32994
6057001205,"Truckee, CA",32994
51041100405,"Richmond, VA",32994
1073011209,"Center Point, AL",32994
29201780600,"Sikeston, MO",32993
6031000300,"Lemoore, CA",32993
37001022002,"Graham, NC",32992
48219950100,"Anton, TX",32991
12115002712,"North Port, FL",32991
24005402602,"Randallstown, MD",32991
37109070400,"Lincolnton, NC",32990
36047082600,"Kings County, NY",32989
6075016100,"Western Addition, San Francisco, CA",32987
51195930800,"Pound, VA",32987
37133000402,"Sneads Ferry, NC",32987
6029005300,"Ridgecrest, CA",32987
50025967000,"Bellows Falls, Town of Rockingham, VT",32987
36081050000,"Queens County, NY",32987
5083950500,"Booneville, AR",32987
12033002704,"Pensacola, FL",32987
37149920101,"Tryon, NC",32987
4013093101,"Bethany Heights, Glendale, AZ",32987
12086004406,"West Avenue, Miami Beach, FL",32986
12033003305,"Bellview, FL",32985
12055960602,"Sebring, FL",32985
45045003303,"Piedmont, SC",32985
6037553602,"Paramount, CA",32984
25009250700,"Lawrence, MA",32984
1003011000,"Summerdale, AL",32983
26057000600,"Alma, MI",32982
17055040400,"Zeigler, IL",32982
36013035600,"Dunkirk, NY",32982
12081001904,"Palmetto, FL",32980
39093071300,"Elyria, OH",32980
48439100400,"North Side, Fort Worth, TX",32979
48201530700,"Northside, Houston, TX",32977
36005040303,"Bronx County, NY",32977
47179060502,"Johnson City, TN",32977
12103025115,"Orange Lake Village, Largo, FL",32976
36065022100,"Rome, NY",32976
31109000500,"North Bottoms, Lincoln, NE",32976
18149953800,"Knox, IN",32974
30063001100,"Rose Park, Missoula, MT",32974
36011041300,"Auburn, NY",32974
5107480200,"Poplar Grove, AR",32974
6065043403,"Hemet, CA",32973
37133000401,"Holly Ridge, NC",32973
32023960403,"Pahrump, NV",32973
4017961300,"Navajo County, AZ",32972
12007000400,"Lawtey, FL",32972
6073018200,"Townsite, Oceanside, CA",32972
6077003311,"Bear Creek, Stockton, CA",32972
47011011602,"Cleveland, TN",32971
12057002700,"Northwest Tampa, Tampa, FL",32971
11001005201,"Downtown, Washington, DC",32971
47173040202,"Maynardville, TN",32969
37125950302,"Jackson Springs, NC",32969
4013109703,"Maryvale Village, Phoenix, AZ",32968
13073030503,"Harlem, GA",32967
6037227010,"South Los Angeles, Los Angeles, CA",32967
19187000700,"Fort Dodge, IA",32966
21113060300,"Nicholasville, KY",32966
37163970301,"Dunn, NC",32965
42079216000,"Shickshinny, PA",32965
39119911700,"Zanesville, OH",32965
51550020904,"Greenbrier West, Chesapeake, VA",32964
6065045604,"Thermal, CA",32963
29023950100,"Poplar Bluff, MO",32963
12127091025,"Deltona Lakes, Deltona, FL",32963
47001021000,"Clinton, TN",32962
18003010604,"Fort Wayne, IN",32961
8123001004,"Evans, CO",32961
5033020100,"Mountainburg, AR",32960
50021963100,"Rutland, VT",32960
12091021802,"Fort Walton Beach, FL",32959
18003000701,"Bloomingdale, Fort Wayne, IN",32958
6095251000,"Vallejo, CA",32957
45045001204,"Greenville, SC",32957
6037204420,"Boyle Heights, Los Angeles, CA",32957
6059063604,"Westside Costa Mesa, Costa Mesa, CA",32955
4017964900,"Navajo County, AZ",32955
17037001001,"DeKalb, IL",32955
4003001701,"Sierra Vista, AZ",32955
24005403201,"Gwynn Oak, Lochearn, MD",32955
22071001749,"Village De L'Est, New Orleans, LA",32954
16001000100,"Downtown, Boise, ID",32954
48133950500,"Gorman, TX",32954
17031841200,"Heart of Chicago, Chicago, IL",32953
1003010903,"Loxley, AL",32952
22037951400,"Jackson, LA",32951
48201421402,"Gulfton, Houston, TX",32951
47031970400,"Manchester, TN",32950
48227950300,"Big Spring, TX",32950
47005963400,"Camden, TN",32949
48355002001,"Central City, Corpus Christi, TX",32949
45059920202,"Waterloo, SC",32949
36047119600,"Kings County, NY",32949
13175950600,"Dudley, GA",32948
48201311400,"Greater East End, Houston, TX",32948
13315960200,"Rochelle, GA",32947
36059406202,"West Hempstead, NY",32947
32003002302,"Las Vegas, NV",32947
18103952300,"Peru, IN",32947
21199930100,"Eubank, KY",32947
41051008700,"Southeast Portland, Portland, OR",32947
39023002901,"Park Layne Manor, New Carlisle, OH",32947
53065941000,"Wellpinit, WA",32945
8069000504,"Avery Park, Fort Collins, CO",32945
47177930400,"McMinnville, TN",32945
48163950300,"Dilley, TX",32945
6037221303,"Central LA, Los Angeles, CA",32944
17031230300,"Humboldt Park, Chicago, IL",32942
45081960400,"Ward, SC",32942
18003000900,"Hamilton, Fort Wayne, IN",32942
53063002900,"East Central, Spokane, WA",32942
6037217200,"Central LA, Los Angeles, CA",32941
36047019500,"Kings County, NY",32941
42077000400,"6th Ward, Allentown, PA",32940
32003000515,"Las Vegas, NV",32940
53077002002,"Sunnyside, WA",32939
48157670400,"Southwest Houston, Missouri City, TX",32938
1103005405,"Somerville, AL",32938
51760060600,"Westover Hills, Richmond, VA",32938
13051010200,"Savannah, GA",32938
13013180402,"Statham, GA",32937
24003706301,"Annapolis, MD",32936
17031813701,"Cicero, IL",32936
36059304203,"Westbury, NY",32935
40109105000,"Central Oklahoma City, Oklahoma City, OK",32935
40119010800,"Stillwater, OK",32935
40107080600,"Okemah, OK",32934
21085950600,"Caneyville, KY",32934
12073002205,"Settlers Creek, Tallahassee, FL",32933
12071001908,"Fort Myers Beach, FL",32933
35049001103,"Santa Fe, NM",32933
6037910602,"Palmdale, CA",32932
39035140900,"Cleveland Heights, OH",32932
18097310311,"Indianapolis, IN",32931
37123960402,"Mount Gilead, NC",32931
48253020200,"Anson, TX",32931
37025042000,"Concord, NC",32931
36081037900,"Queens County, NY",32931
48201333202,"Greater Hobby Area, Houston, TX",32930
17031750500,"Morgan Park, Chicago, IL",32929
39049005820,"South Columbus, Columbus, OH",32929
25009207200,"Lynn, MA",32929
29023950600,"Broseley, MO",32928
36111951700,"Kingston, NY",32927
4013422629,"Apache Junction, AZ",32926
36105951100,"Woodridge, NY",32925
13257970200,"Toccoa, GA",32925
13031110500,"Statesboro, GA",32925
1095031000,"Horton, AL",32925
45051060404,"Conway, SC",32924
29095013003,"South Kansas City, Kansas City, MO",32924
12033002300,"Navy Point, Pensacola, FL",32923
41033361200,"Grants Pass, OR",32923
48453001818,"Wooten, Austin, TX",32923
37069060801,"Bunn, NC",32922
37021003002,"Swannanoa, NC",32922
13015960500,"Cartersville, GA",32922
37067003202,"Kernersville, NC",32921
17153971000,"Olmsted, IL",32921
6037291120,"Harbor, Gardena, CA",32920
13123080500,"Ellijay, GA",32920
48029150900,"Southside, San Antonio, TX",32920
35001000712,"Foothill Estates, Albuquerque, NM",32919
34001012801,"Somers Point, NJ",32919
48187210100,"Seguin, TX",32919
22085000300,"Zwolle, LA",32918
47155080201,"Seymour, TN",32918
37161960200,"Rutherfordton, NC",32916
26031960700,"Afton, MI",32916
6037208302,"Central LA, Los Angeles, CA",32915
48201330302,"Southwest Houston, Houston, TX",32915
1001020700,"Prattville, AL",32914
48439106517,"Euless, TX",32914
47185935500,"Quebeck, TN",32914
39035196000,"Cleveland Heights, OH",32913
37055970300,"Kill Devil Hills, NC",32912
6087101000,"Santa Cruz, CA",32912
37025040702,"Kannapolis, NC",32912
21067003908,"Hamburg Area, Lexington, KY",32912
40147000800,"Bartlesville, OK",32911
5131000600,"Fort Smith, AR",32911
12001002209,"Gainesville, FL",32909
1003011602,"Lillian, AL",32908
21121930601,"Barbourville, KY",32908
28149950600,"Vicksburg, MS",32908
34023004600,"Perth Amboy, NJ",32908
42101005400,"Eastwick, Philadelphia, PA",32908
16027020300,"Nampa, ID",32908
37169070100,"Madison, NC",32907
32003002831,"Las Vegas, NV",32907
12011091202,"West Hollywood, Hollywood, FL",32906
36047081600,"Kings County, NY",32906
6065040204,"Rubidoux, Riverside, CA",32906
42045406500,"Trainer, PA",32906
36039080300,"Windham, NY",32904
17061973900,"White Hall, IL",32903
42095014500,"South Side, Easton, PA",32903
51710000600,"Ocean Air, Norfolk, VA",32902
12117021502,"Longwood, FL",32902
48113005000,"Oak Cliff, Dallas, TX",32901
35049010500,"Santa Fe, NM",32901
29077001200,"Seminole Holland, Springfield, MO",32901
12009062103,"Cocoa, FL",32900
6037543322,"Carson, CA",32900
47093004300,"Knoxville, TN",32899
48113001204,"Dallas, TX",32899
12031010201,"Northside, Jacksonville, FL",32899
18177010600,"Cambridge City, IN",32898
45051040103,"Little River, SC",32898
6037221820,"Jefferson, Los Angeles, CA",32898
6111003012,"South Bank, Oxnard, CA",32897
12033002802,"Bridle Trail Estates, Pensacola, FL",32897
26135970300,"Mio, MI",32896
47021070401,"Kingston Springs, TN",32896
18097310204,"Indianapolis, IN",32895
48141000600,"Logan Heights, El Paso, TX",32893
39135455001,"Eaton, OH",32893
45037970201,"Edgefield, SC",32892
36005001600,"Bronx County, NY",32892
13105000500,"Elberton, GA",32892
12093910401,"Okeechobee, FL",32892
6073003003,"Encanto, San Diego, CA",32891
12073002505,"Tallahassee, FL",32891
24033806714,"Greenbelt, MD",32890
48113006900,"Oak Cliff, Dallas, TX",32890
21151011000,"Richmond, KY",32889
51710002000,"Roland Park, Norfolk, VA",32889
26019000200,"Honor, MI",32889
39173021902,"Bowling Green, OH",32888
51710000100,"Bay View, Norfolk, VA",32887
36065025800,"Cassville, NY",32887
5081030101,"Ashdown, AR",32886
22071004100,"Bayou St. John, New Orleans, LA",32886
47081950200,"Lyles, TN",32885
36047043700,"Kings County, NY",32885
37111970600,"Marion, NC",32885
54025950300,"Rainelle, WV",32885
51710005602,"Norfolk, VA",32885
17089853400,"Aurora, IL",32884
12011060112,"Tamarac, FL",32884
12086010005,"Miami Gardens, FL",32884
12086005405,"Little Havana, Miami, FL",32883
12069031101,"Leesburg, FL",32883
41047010306,"Woodburn, OR",32883
48113016302,"Grand Prairie, TX",32882
18097390800,"Decatur, Indianapolis, IN",32880
21131920300,"Smilax, KY",32880
48215021302,"Pharr, TX",32880
48441011600,"Sayles Blvd. Area, Abilene, TX",32880
48215023515,"Edinburg, TX",32880
37115010700,"Mars Hill, NC",32880
5063490100,"Batesville, AR",32879
34013012100,"Irvington, NJ",32878
12099002700,"West Palm Beach, FL",32877
35001000205,"McKinley, Albuquerque, NM",32877
47157021753,"Memphis, TN",32877
6025011202,"El Centro, CA",32875
45085001704,"Sumter, SC",32875
12009071200,"Poinsett Gardens, Cocoa, FL",32874
55063000900,"Powell-Poage-Hamilton, La Crosse, WI",32874
54011001300,"Huntington, WV",32873
29189213300,"Saint Ann, MO",32873
6019005203,"McLane, Fresno, CA",32873
12031011901,"Northwest, Jacksonville, FL",32873
38079951700,"Dunseith, ND",32872
6037573300,"Poly High, Long Beach, CA",32872
45087030700,"Union, SC",32872
45019003115,"North Charleston, SC",32870
36071000300,"Newburgh, NY",32869
45051050500,"Myrtle Beach, SC",32869
6037227020,"South Los Angeles, Los Angeles, CA",32869
47183968600,"Greenfield, TN",32868
48005001001,"Diboll, TX",32868
36081036500,"Queens County, NY",32868
54083965900,"Mabie, WV",32868
37023021201,"Morganton, NC",32867
51143011400,"Danville, VA",32867
36061025300,"Upper Manhattan, New York, NY",32867
45049920400,"Estill, SC",32867
12103027000,"Dunedin, FL",32866
48439100202,"Diamond Hill - Jarvis, Fort Worth, TX",32865
48113001203,"Dallas, TX",32865
37189920601,"Boone, NC",32865
39035161600,"Lakewood, OH",32864
36105952000,"Swan Lake, NY",32864
39071954700,"Hillsboro, OH",32864
48439104100,"Fairmount, Fort Worth, TX",32863
53061040700,"Port Gardner, Everett, WA",32862
12009065021,"Westbrooke, Melbourne, FL",32862
5101180200,"Jasper, AR",32862
29510104500,"St. Louis, MO",32861
6037575201,"Poly High, Long Beach, CA",32861
34001000400,"Atlantic City, NJ",32861
6001400500,"Bushrod, Oakland, CA",32861
12127083209,"New Smyrna Beach, FL",32861
35027960200,"Carrizozo, NM",32860
13215000200,"Columbus, GA",32860
22033004013,"Highlands/Perkins, Baton Rouge, LA",32860
48025950400,"Beeville, TX",32859
55067960600,"Antigo, WI",32858
48201432600,"Westside, Houston, TX",32857
18105000302,"Bloomington, IN",32856
6037125401,"North Hollywood, Los Angeles, CA",32856
36061002601,"Alphabet City, New York, NY",32855
34033022100,"Salem, NJ",32855
37039930300,"Murphy, NC",32855
5143011200,"Springdale, AR",32854
34001011500,"Mays Landing, Hamilton Township, NJ",32854
54019020202,"Oak Hill, WV",32854
37157040800,"Madison, NC",32854
48041001606,"Parkway Plaza, College Station, TX",32853
12095018200,"Northeast Orlando, Orlando, FL",32853
31055002400,"Deer Park, Omaha, NE",32853
12111381300,"Fort Pierce, FL",32851
1043964100,"Joppa, AL",32851
18143966700,"Austin, IN",32851
6071002803,"Fontana, CA",32850
12015030502,"Oakland Hills, Rotonda West, FL",32850
48453002427,"South Creek South, Austin, TX",32850
23019013000,"Newport, Newport, ME",32850
6037236000,"Baldwin Hills, Los Angeles, CA",32849
36005043100,"Bronx County, NY",32849
36009960400,"Perrysburg, NY",32848
1083020600,"Athens, AL",32848
12083000702,"Weirsdale, FL",32847
4023966200,"Nogales, AZ",32847
6019001500,"Fresno, CA",32847
6075023400,"Bayview, San Francisco, CA",32847
26163583100,"Taylor, MI",32847
12095016510,"Orlando, FL",32845
36061013500,"Hell's Kitchen, New York, NY",32845
13115000201,"Rome, GA",32845
26099255900,"Roseville, MI",32845
36005020601,"Bronx County, NY",32844
37051002001,"Westover, Fayetteville, NC",32844
37031970702,"Newport, NC",32844
1069041800,"Gordon, AL",32844
6095252604,"Fairfield, CA",32843
45015020809,"Goose Creek, SC",32843
48449950100,"Mount Pleasant, TX",32841
48355001802,"South Side, Corpus Christi, TX",32841
48027023204,"Fort Hood, TX",32840
6073002100,"Mid-City, San Diego, CA",32839
47115050302,"South Pittsburg, TN",32838
51053840500,"Petersburg, VA",32838
25017353101,"Cambridgeport, Cambridge, MA",32837
47065010800,"Chattanooga, TN",32837
48479000602,"La Ladrillera, Laredo, TX",32836
18039001601,"Elkhart, IN",32836
48363000900,"Mineral Wells, TX",32836
32003004715,"Las Vegas, NV",32835
4015951502,"Bullhead City, AZ",32835
26079950200,"Rapid City, MI",32835
20173009000,"Sunflower, Wichita, KS",32835
40111000902,"Henryetta, OK",32834
6097152802,"Santa Rosa, CA",32834
13291000201,"Suches, GA",32833
51065020200,"Palmyra, VA",32833
47019071300,"Elizabethton, TN",32833
42121200000,"Titusville, PA",32832
13171970100,"Milner, GA",32832
12099006010,"Boynton Beach, FL",32832
13119890101,"Lavonia, GA",32831
19197680400,"Dows, IA",32831
45007010800,"Anderson, SC",32830
6037573202,"Poly High, Long Beach, CA",32830
12131950301,"DeFuniak Springs, FL",32830
24510270401,"Glenham-Belford, Baltimore, MD",32829
46103011400,"Rapid City, SD",32826
23001010300,"Auburn, ME",32826
37051003700,"Pine Forest, Linden, NC",32825
37107010100,"Kinston, NC",32825
13185011100,"Valdosta, GA",32825
39061006000,"Hartwell, Cincinnati, OH",32825
41041950602,"Depoe Bay, OR",32824
6037501803,"Whittier, CA",32823
12103024702,"Saint Petersburg, FL",32823
13039010500,"Saint Marys, GA",32823
53063003600,"Peaceful Valley, Spokane, WA",32822
5047950200,"Ozark, AR",32822
12111380700,"Fort Pierce, FL",32821
12035060208,"Palm Coast, FL",32821
6073018610,"North Valley, Oceanside, CA",32821
36035971000,"Gloversville, NY",32821
13241970201,"Clayton, GA",32821
6065044916,"Cathedral City, CA",32820
6083002403,"Santa Maria, CA",32820
37077970200,"Oxford, NC",32819
42073000700,"New Castle, PA",32818
48215021901,"Alamo, TX",32818
51790000300,"Staunton, VA",32818
48201453300,"Alief, Houston, TX",32818
26075005500,"Jackson, MI",32818
54019020500,"Mount Hope, WV",32818
29029950900,"Stoutland, MO",32818
32003002501,"Las Vegas, NV",32818
39049008825,"South Columbus, Columbus, OH",32817
47173040300,"Sharps Chapel, TN",32817
29015460800,"Warsaw, MO",32816
41051000502,"Mount Scott - Arleta, Portland, OR",32816
28113950101,"McComb, MS",32816
47067960500,"Sneedville, TN",32816
28089030400,"Canton, MS",32814
46099000300,"Sioux Falls, SD",32814
47101970200,"Hohenwald, TN",32814
12031015925,"Baymeadows, Jacksonville, FL",32814
8031003500,"North, Denver, CO",32813
21221970300,"Cadiz, KY",32813
13071970100,"Norman Park, GA",32812
4019002701,"Campus Farm, Tucson, AZ",32812
48141010221,"Canutillo, TX",32812
48113000404,"Dallas, TX",32812
36077590500,"Oneonta, NY",32812
17179020400,"Creve Coeur, IL",32811
17091012400,"Kankakee, IL",32810
29159480500,"Sedalia, MO",32810
13255161200,"Griffin, GA",32810
18109510900,"Martinsville, IN",32809
12033002604,"Pensacola, FL",32809
17161023300,"Rock Island, IL",32808
17031301200,"Little Village, Chicago, IL",32808
48439110301,"Haltom City, TX",32807
13115000300,"Rome, GA",32807
39163953100,"McArthur, OH",32806
6037213310,"Central LA, Los Angeles, CA",32806
51650010314,"Hampton Roads Center, Hampton, VA",32805
48113012702,"Casa View, Dallas, TX",32804
6071003804,"Rialto, CA",32804
26075000500,"Jackson, MI",32803
48061013903,"Southmost, Brownsville, TX",32802
15001022000,"Waimea, HI",32802
41029000501,"Medford, OR",32802
48141004106,"El Paso, TX",32800
37097060802,"Harmony, NC",32800
4013106002,"Alhambra, Phoenix, AZ",32800
36005006300,"Bronx County, NY",32799
21153970100,"Salyersville, KY",32799
4017962500,"Lakeside, Pinetop-Lakeside, AZ",32799
13105000100,"Bowman, GA",32798
45043920502,"Murrells Inlet, SC",32798
12095014200,"Orlando, FL",32798
37011930302,"Newland, NC",32798
18089030700,"East Chicago, IN",32798
13045910600,"Carrollton, GA",32798
36009940300,"Salamanca, NY",32795
12011100300,"Hallandale Beach, FL",32795
40109107220,"Central Oklahoma City, Oklahoma City, OK",32794
24001000500,"Cumberland, MD",32794
54011010202,"Huntington, WV",32793
4013422634,"Mesa, AZ",32793
4013083000,"Tolleson, AZ",32792
1073004901,"Five Points South, Birmingham, AL",32792
26099268300,"Warren, MI",32792
36047041900,"Kings County, NY",32792
18097360401,"Warren, Indianapolis, IN",32791
21159950100,"Warfield, KY",32791
48439106513,"Handley, Fort Worth, TX",32791
42077001900,"Allentown, PA",32791
13051004209,"Southside, Savannah, GA",32790
36109002100,"Freeville, NY",32790
45051051503,"Myrtle Beach, SC",32789
39153502800,"Goodyear Heights, Akron, OH",32789
40109106000,"Central Oklahoma City, Forest Park, OK",32789
44007016400,"Pawtucket, RI",32789
36047090200,"Kings County, NY",32788
4013109701,"Maryvale Village, Phoenix, AZ",32787
40111000500,"Okmulgee, OK",32786
6067000400,"Central Sacramento, Sacramento, CA",32786
12005002601,"Upper Grand Lagoon, FL",32786
37011930200,"Linville, NC",32786
6045011500,"Ukiah, CA",32785
1073012103,"Adamsville, AL",32783
42091205300,"Ardmore, PA",32783
47073050800,"Rogersville, TN",32783
51047930201,"Culpeper, VA",32782
48075950200,"Childress, TX",32782
53063001400,"Nevada / Lidgerwood, Spokane, WA",32781
6025010700,"Brawley, CA",32781
41047000200,"Central Area, Salem, OR",32780
6037218400,"Central LA, Los Angeles, CA",32780
10005050403,"Seaford, DE",32780
17201003602,"Rockford, IL",32779
13199970600,"Warm Springs, GA",32779
37045950700,"Shelby, NC",32779
37153970200,"Ellerbe, NC",32778
39127966100,"Corning, OH",32777
36119003400,"South Side, Mount Vernon, NY",32777
12111381603,"Port St. Lucie, FL",32776
32019960102,"Fernley, NV",32775
45063021403,"Lexington County, SC",32775
23013970700,"Rockland, ME",32774
24510260900,"Baltimore, MD",32774
39009973300,"Athens, OH",32774
41035971700,"Klamath Falls, OR",32774
37109070500,"Cherryville, NC",32773
30063001800,"Missoula County, MT",32770
6037533002,"South Los Angeles, Los Angeles, CA",32770
24015030906,"North East, MD",32770
47037019108,"Antioch, Nashville, TN",32770
6037553801,"Paramount, CA",32769
4013422630,"Mesa, AZ",32769
48181000400,"Denison, TX",32769
39119912300,"Zanesville, OH",32769
26049012003,"Flint, MI",32769
12005002703,"Panama City Beach, FL",32768
13135050542,"Duluth, GA",32767
24003706402,"Annapolis, MD",32767
5033020301,"Van Buren, AR",32767
37071032505,"Gastonia, NC",32766
47019070700,"Johnson City, TN",32765
13153020109,"Byron, GA",32765
37089930300,"Hendersonville, NC",32764
42023960100,"Emporium, PA",32764
12005002605,"Silver Sands Beach, Panama City, FL",32764
48141010322,"El Paso, TX",32764
48113006301,"Oak Cliff, Dallas, TX",32764
48141003903,"Capistrano Park, El Paso, TX",32763
54055002200,"Bluefield, WV",32763
28007060400,"Kosciusko, MS",32763
48231960500,"Commerce, TX",32763
6019001900,"Fresno, CA",32763
6007002500,"Oroville, CA",32762
6071001813,"Ontario, CA",32761
36061030900,"West Bronx, New York, NY",32761
17021958500,"Taylorville, IL",32761
4027001004,"Yuma, AZ",32761
47009010400,"Rockford, TN",32761
51087201201,"Highland Springs, VA",32761
47173040100,"Luttrell, TN",32759
18053010500,"Gas City, IN",32759
22001961000,"Crowley, LA",32759
39029950700,"Salem, OH",32759
37071031301,"Gastonia, NC",32757
6073003103,"Skyline, San Diego, CA",32757
6093000702,"Yreka, CA",32757
40027200601,"Norman, OK",32756
12073002005,"Chapel Ridge, Tallahassee, FL",32756
12035060104,"Palm Coast, FL",32756
45003020602,"North Augusta, SC",32756
17097860301,"Zion, IL",32756
6065045226,"Coachella, CA",32754
1089010612,"Cross Creek, Madison, AL",32754
12009065123,"Palm Bay, FL",32753
36081020400,"Queens County, NY",32751
48179950800,"Pampa, TX",32751
6037104704,"Pacoima, Los Angeles, CA",32750
48141000900,"Summit Place, El Paso, TX",32750
40109107805,"Del City, OK",32749
24005421000,"Dundalk, MD",32749
29009960402,"Exeter, MO",32749
51001090600,"Onancock, VA",32749
45077010802,"Easley, SC",32748
13055010400,"Summerville, GA",32748
39047926400,"Washington Court House, OH",32748
6099001604,"Modesto, CA",32748
28145950300,"New Albany, MS",32748
39033974600,"Bucyrus, OH",32747
47097050100,"Fort Pillow, TN",32747
50003971100,"Bennington, VT",32747
12001001907,"Waldo, FL",32746
42003241200,"Spring Hill City View, Pittsburgh, PA",32746
13143010301,"Bremen, GA",32745
34005702203,"Pemberton, NJ",32745
40143007308,"Lynn Lane, Tulsa, OK",32743
13051004300,"Savannah, GA",32743
39139001300,"Mansfield, OH",32742
13213010400,"Chatsworth, GA",32742
17197883100,"Joliet, IL",32742
29215480100,"Licking, MO",32741
48113006401,"Oak Cliff, Dallas, TX",32741
6019003805,"West Fresno, Fresno, CA",32740
36081040500,"Queens County, NY",32740
48339693101,"Conroe, TX",32739
6037462301,"Pasadena, CA",32739
51031020900,"Brookneal, VA",32739
47177930200,"McMinnville, TN",32738
26125154200,"Keego Harbor, MI",32738
26067030300,"Belding, MI",32737
30111000902,"Southwest Corridor, Billings, MT",32735
12011050100,"Oakland Park, FL",32735
47107970102,"Niota, TN",32735
6037531604,"East Los Angeles, CA",32735
20209041900,"Riverview, Kansas City, KS",32735
37001021206,"Mebane, NC",32732
25001015300,"Hyannis, Barnstable, MA",32732
48029171903,"Far West Side, San Antonio, TX",32732
6107001701,"Visalia, CA",32732
15001020300,"Hilo, HI",32732
13245010905,"McBean, Hephzibah, GA",32732
48247950400,"Hebbronville, TX",32732
6011000400,"Maxwell, CA",32731
24011955302,"Denton, MD",32731
6059099502,"Seal Beach, CA",32731
36005027300,"Bronx County, NY",32731
17055041000,"West Frankfort, IL",32731
26099247100,"Harrison charter Township, MI",32731
55007960100,"Bayfield, WI",32730
36101961300,"Bath, NY",32730
10003010104,"Claymont, DE",32730
26009960700,"Mancelona, MI",32729
35059950200,"Clayton, NM",32729
27123042800,"Thomas - Dale, Saint Paul, MN",32729
48113017004,"Dallas, TX",32728
37009970500,"Jefferson, NC",32728
13043950300,"Metter, GA",32728
39061021572,"Cincinnati, OH",32728
48373210500,"Livingston, TX",32727
18157001400,"Lafayette, IN",32727
34031182600,"Paterson, NJ",32727
39035124202,"Jefferson, Cleveland, OH",32726
6007001702,"Magalia, CA",32726
12109021102,"Elkton, FL",32725
10003014908,"New Castle, DE",32725
1039961900,"Andalusia, AL",32725
37071033305,"Gastonia, NC",32725
48113015500,"Grand Prairie, TX",32724
17031832100,"Lake View, Chicago, IL",32723
13175950201,"Dublin, GA",32723
39119912500,"Roseville, OH",32722
51143010400,"Chatham, VA",32722
36005022101,"Bronx County, NY",32721
12086002100,"Upper East Side, Miami, FL",32721
45015020710,"Summerville, SC",32721
18157011100,"Lafayette, IN",32720
47089070600,"Jefferson City, TN",32720
40031001901,"Lawton, OK",32720
12119911702,"The Villages, FL",32719
17031410100,"South Side, Chicago, IL",32719
6037117520,"North Hills, Los Angeles, CA",32718
12086001104,"Miami Shores, FL",32717
12133970104,"Chipley, FL",32717
1031010400,"Elba, AL",32717
36047021900,"Kings County, NY",32717
6093000900,"Weed, CA",32715
48439102601,"Fort Worth, TX",32715
2150000400,"Kodiak, AK",32715
48027023000,"Killeen, TX",32715
12057013807,"South Pointe of Tampa, Riverview, FL",32714
51163930400,"Glasgow, VA",32714
17031826301,"South Holland, IL",32714
6037432801,"El Monte City, El Monte, CA",32713
24510250303,"Morrell Park, Baltimore, MD",32713
39095004400,"Southside, Toledo, OH",32712
26001000100,"Spruce, MI",32711
6077003113,"Pacific, Stockton, CA",32711
36047094401,"Kings County, NY",32711
4027000600,"Yuma, AZ",32710
12033003505,"Northeast Pensacola, Pensacola, FL",32706
47009011200,"Maryville, TN",32701
6037209401,"Central LA, Los Angeles, CA",32701
1095030100,"Albertville, AL",32701
17089851500,"Elgin, IL",32700
42079201100,"Wilkes-Barre, PA",32700
40071000100,"Ponca City, OK",32699
10005050200,"Ellendale, DE",32699
47003950402,"Shelbyville, TN",32699
25009250600,"Lawrence, MA",32698
48375011900,"Amarillo, TX",32696
18141002600,"South Bend, IN",32695
48055960200,"Lockhart, TX",32695
22105953400,"Roseland, LA",32695
21199930401,"Somerset, KY",32694
1037961100,"Sylacauga, AL",32694
45015021000,"Hanahan, SC",32693
5059020100,"Malvern, AR",32693
9003471100,"Blue Hills, Bloomfield, CT",32693
35006974400,"Milan, NM",32692
6019003500,"Fresno, CA",32691
36047112000,"Kings County, NY",32691
12091020500,"Crestview, FL",32691
6077003700,"Park, Stockton, CA",32691
36047028501,"Kings County, NY",32690
29217950200,"Richards, MO",32690
25009251100,"Lawrence, MA",32689
6065042405,"Moreno Valley, CA",32689
48355002301,"Central City, Corpus Christi, TX",32689
48439101301,"Handley, Fort Worth, TX",32688
8001008709,"Commerce City, CO",32687
27053102600,"Beltrami, Minneapolis, MN",32684
36061026500,"Hudson Heights, New York, NY",32684
26059050700,"Hillsdale, MI",32683
36005046202,"Bronx County, NY",32683
37063001710,"Durham, NC",32682
13305970300,"Jesup, GA",32682
18091040700,"Michigan City, IN",32681
48215021401,"Pharr, TX",32681
42003090100,"Lawrenceville, Pittsburgh, PA",32680
54025950500,"Alderson, WV",32679
12009068300,"Cocoa Beach, FL",32678
48163950100,"Pearsall, TX",32678
4013082016,"Maryvale Village, Phoenix, AZ",32677
39059977900,"Byesville, OH",32677
54101970100,"Webster Springs, WV",32675
1033021000,"Cherokee, AL",32675
12086020200,"Miami, FL",32674
9003514700,"West Side, Manchester, CT",32674
41033360300,"Merlin, OR",32673
48245011700,"Downtown, Beaumont, TX",32672
51103030100,"Lancaster, VA",32672
47057500402,"Bean Station, TN",32672
12055961603,"Lake Placid, FL",32670
24005402306,"Windsor Mill, Baltimore, MD",32670
6019001410,"Roosevelt, Fresno, CA",32670
51710000901,"Norfolk, VA",32669
13173950100,"Stockton, GA",32668
54039012200,"Cabin Creek, WV",32667
12031010301,"Northside, Jacksonville, FL",32667
29225470401,"Seymour, MO",32667
37075920200,"Robbinsville, NC",32667
48485011600,"Wichita Falls, TX",32666
12031014500,"Arlington, Jacksonville, FL",32666
40135030104,"Muldrow, OK",32664
4021000215,"Queen Creek, AZ",32664
45051040400,"North Myrtle Beach, SC",32663
12101032903,"Zephyrhills, FL",32662
32031001802,"Reno, NV",32662
6037408800,"Westmont, Pomona, CA",32661
55067960100,"Elcho, WI",32661
45079010413,"Columbia, SC",32661
30063001000,"Franklin to the Fort, Missoula, MT",32660
27123037602,"Highland, Saint Paul, MN",32660
6065045000,"Cathedral City, CA",32660
20173007600,"Wichita, KS",32660
42013101400,"Altoona, PA",32660
48469000502,"Victoria, TX",32659
9003415800,"New Britain, CT",32659
12127091015,"Deltona, FL",32658
6073006600,"Midway District, San Diego, CA",32658
17077010700,"Murphysboro, IL",32658
47025970600,"New Tazewell, TN",32657
42003180300,"Allentown, Pittsburgh, PA",32656
17031222700,"Logan Square, Chicago, IL",32656
40031000502,"Lawton, OK",32655
13115002000,"Cave Spring, GA",32655
21043960300,"Olive Hill, KY",32654
29023950202,"Poplar Bluff, MO",32653
4013422632,"Mesa, AZ",32653
1039962600,"Opp, AL",32651
36047020100,"Kings County, NY",32651
13015960200,"Adairsville, GA",32650
22051020516,"Kenner, LA",32650
12009071337,"Palm Bay, FL",32649
39153505500,"Kenmore, Akron, OH",32649
25009206200,"Lynn, MA",32649
36081061400,"Queens County, NY",32649
51155210201,"Pulaski, VA",32648
39155930101,"Kinsman, OH",32647
48139061600,"Ennis, TX",32646
45027960201,"New Zion, SC",32645
37019020310,"Oak Island, NC",32644
28137950100,"Coldwater, MS",32644
45055970300,"Camden, SC",32644
1125010403,"Northport, AL",32643
47163043100,"Bristol, TN",32643
6077004502,"Lodi, CA",32643
37111970700,"Old Fort, NC",32643
48035950100,"Meridian, TX",32641
36061026300,"Upper Manhattan, New York, NY",32641
8101002916,"Pueblo West, CO",32641
21011970300,"Salt Lick, KY",32640
42103950501,"Hawley, PA",32638
12127091016,"Deltona Lakes, Deltona, FL",32638
47057500200,"Blaine, TN",32638
4019004316,"Sahuarita, AZ",32638
39151713900,"Massillon, OH",32637
12069031203,"Groveland, FL",32637
37151030202,"Asheboro, NC",32636
23011010100,"Augusta, ME",32636
36047120800,"Kings County, NY",32636
12035060303,"Palm Coast, FL",32635
19155030700,"Council Bluffs, IA",32635
45003022100,"Jackson, SC",32635
51640070102,"Galax, VA",32634
36119013301,"Ossining, NY",32634
4009961500,"Safford, AZ",32634
4013105602,"North Mountain Village, Phoenix, AZ",32634
39145004000,"West Portsmouth, OH",32632
48469000302,"Victoria, TX",32632
51173030500,"Sugar Grove, VA",32632
6019008301,"Mendota, CA",32632
48215022600,"Weslaco, TX",32631
36005039200,"Bronx County, NY",32631
6073002602,"City Heights, San Diego, CA",32631
48061011700,"San Benito, TX",32630
32003003004,"Marquesa, Las Vegas, NV",32630
12033002605,"Three Waters Green, Pensacola, FL",32630
29095010500,"East Side, Kansas City, MO",32629
12011010609,"Coconut Creek, FL",32629
36081087100,"Queens County, NY",32628
48061014100,"Brownsville, TX",32628
12095013507,"Southeast Orlando, Orlando, FL",32628
37129011608,"Wilmington, NC",32627
12071050400,"Bonita Springs, FL",32626
37165010101,"Laurinburg, NC",32626
5149952600,"Plainview, AR",32624
18039001702,"Elkhart, IN",32624
48491021000,"Taylor, TX",32624
39035183604,"Shaker Heights, OH",32624
23009965700,"Sullivan, ME",32623
32031002211,"Reno, NV",32623
40091780300,"Eufaula, OK",32622
51550021602,"Western Branch North, Chesapeake, VA",32622
36055002000,"Maplewood, Rochester, NY",32621
48029141200,"East Side, San Antonio, TX",32620
54005958501,"Seth, WV",32620
5063490300,"Batesville, AR",32618
37187950300,"Roper, NC",32618
48279950300,"Amherst, TX",32618
6037543304,"Carson, CA",32618
48453001833,"Windsor Hills, Austin, TX",32618
29141470400,"Rocky Mount, MO",32617
4007000200,"Payson, AZ",32617
19013000800,"Waterloo, IA",32615
12127083006,"Florida Shores, Edgewater, FL",32613
36047024300,"Kings County, NY",32613
37141920402,"Burgaw, NC",32612
13275960300,"Coolidge, GA",32612
42017100403,"Levittown, PA",32612
23019021500,"Alton, ME",32612
40109106303,"Britton, Oklahoma City, OK",32612
41041950303,"Lincoln City, OR",32611
36047033000,"Kings County, NY",32611
39155933100,"Leavittsburg, OH",32611
12105015405,"Lake Wales, FL",32611
1025957800,"Whatley, AL",32610
48183000900,"Longview, TX",32610
12009065202,"Palm Bay, FL",32609
26085961200,"Baldwin, MI",32609
25027732400,"Oak Hill, Worcester, MA",32609
12086005410,"Little Havana, Miami, FL",32609
28097950200,"Winona, MS",32608
6037462001,"North Central, Pasadena, CA",32608
37021002607,"Asheville, NC",32608
12127091027,"Deltona Lakes, Deltona, FL",32608
1101005610,"Montgomery, AL",32607
48409011300,"Mathis, TX",32606
51185020300,"Tazewell County, VA",32606
47109930500,"Selmer, TN",32604
26107960600,"Big Rapids, MI",32602
6065042726,"Winchester, CA",32602
34023005700,"New Brunswick, NJ",32601
48201220900,"Northeast Houston, Houston, TX",32600
1097001901,"Lourdes, Mobile, AL",32600
13147960400,"Hartwell, GA",32600
47041920300,"Dowelltown, TN",32600
28149951102,"Vicksburg, MS",32599
37157040900,"Mayodan, NC",32598
39053954000,"Gallipolis, OH",32596
21063920200,"Sandy Hook, KY",32595
42077002000,"Franklin Park, Allentown, PA",32595
12103024410,"Saint Petersburg, FL",32594
6065941000,"Palm Springs, CA",32594
18081611300,"Edinburgh, IN",32594
48347950301,"Nacogdoches, TX",32594
6071012400,"Valley College, San Bernardino, CA",32594
32003001402,"Las Vegas, NV",32593
21135930200,"Vanceburg, KY",32593
40091779900,"Checotah, OK",32592
48215020403,"Mission, TX",32592
37129011603,"Wilmington, NC",32592
6059074405,"Historic French Park, Santa Ana, CA",32592
4013108802,"Alhambra, Phoenix, AZ",32592
21085950700,"Falls of Rough, KY",32591
47103975200,"Fayetteville, TN",32591
48029120501,"Salado Valley, San Antonio, TX",32591
5021950100,"Piggott, AR",32591
6037554403,"Bellflower, CA",32590
26103001900,"Ishpeming, MI",32589
40135030401,"Gans, OK",32588
23027046002,"Unity, ME",32587
47093004100,"Knoxville, TN",32587
40021978300,"Park Hill, OK",32586
4013422001,"Mesa, AZ",32586
33007950800,"Berlin, NH",32586
6037910403,"Palmdale, CA",32586
19193001000,"Sioux City, IA",32585
28101050300,"Decatur, MS",32584
51033030600,"Ruther Glen, VA",32584
29125880100,"Belle, MO",32584
25023511200,"Brockton, MA",32584
48029161503,"South San Antonio, San Antonio, TX",32584
36001000300,"Albany, NY",32583
53077940005,"Toppenish, WA",32583
37021002803,"Weaverville, NC",32583
17195001500,"Rock Falls, IL",32583
6077001500,"August, Stockton, CA",32583
39007000500,"Ashtabula, OH",32582
25023511000,"Brockton, MA",32582
37047930300,"Lake Waccamaw, NC",32581
48479000107,"Eastern Division, Laredo, TX",32580
1041963500,"Lapine, AL",32580
41051009606,"Rockwood, Portland, OR",32579
21111006800,"Schnitzelburg, Louisville, KY",32579
12069030307,"Leesburg, FL",32577
42101027500,"North Philadelphia, Philadelphia, PA",32577
37161960100,"Bostic, NC",32576
29039870200,"El Dorado Springs, MO",32576
25025091700,"Dorchester, Boston, MA",32575
39007000102,"Conneaut, OH",32575
45045003904,"Travelers Rest, SC",32575
40143007312,"Tulsa, OK",32574
4013107102,"Alhambra, Phoenix, AZ",32574
51001090500,"Greenbush, VA",32574
6037127805,"Van Nuys, Los Angeles, CA",32574
5085020500,"Lonoke, AR",32574
37027030800,"Lenoir, NC",32574
39081012300,"Tiltonsville, OH",32574
48029151600,"Harlandale, San Antonio, TX",32574
6037402502,"Westmont, Pomona, CA",32573
12001002000,"Hawthorne, FL",32573
54001965600,"Philippi, WV",32573
48201333500,"Glenbrook Valley, Houston, TX",32572
13153021500,"Hawkinsville, GA",32572
6007002900,"Oroville, CA",32572
39041010200,"Delaware, OH",32571
13139001102,"Gainesville, GA",32570
51710006800,"Hollywood Homes/Maple Hall, Norfolk, VA",32570
37159051202,"Salisbury, NC",32570
51185020400,"Cedar Bluff, VA",32569
39049000600,"Old North Columbus, Columbus, OH",32568
12031015002,"Arlington, Jacksonville, FL",32568
29141470200,"Versailles, MO",32565
6067004401,"Lawrence Park, Sacramento, CA",32565
44007000102,"Providence, RI",32564
6073002707,"Mid-City, San Diego, CA",32562
23005001000,"Portland, ME",32562
47181950300,"Collinwood, TN",32562
21235920200,"Corbin, KY",32562
6099002503,"Ceres, CA",32562
37111970800,"Old Fort, NC",32561
21111012601,"Shively, KY",32561
48485013100,"Wichita Falls, TX",32560
6037208904,"Central LA, Los Angeles, CA",32559
12115001302,"Sarasota, FL",32559
48429950500,"Breckenridge, TX",32559
41051004001,"North Portland, Portland, OR",32558
18041954600,"Connersville, IN",32558
6071010424,"Pioneertown, CA",32557
51089010700,"Ridgeway, VA",32557
6007003002,"Oroville, CA",32556
42035030600,"Lock Haven, PA",32555
28059041100,"Gautier, MS",32554
48141003701,"Hidden Valley, El Paso, TX",32553
41051007600,"Northeast Portland, Portland, OR",32553
45051060203,"Myrtle Beach, SC",32553
51057950600,"Caret, VA",32553
12107951200,"Pomona Park, FL",32553
12007000300,"Hampton, FL",32550
1089010402,"Toney, AL",32550
48441012200,"South Treadaway Area, Abilene, TX",32549
5003960100,"Parkdale, AR",32549
40119011400,"Cushing, OK",32548
9001022200,"West Side - Waterside - South End, Stamford, CT",32548
6037228310,"South Los Angeles, Los Angeles, CA",32548
24033801906,"Morningside, MD",32548
12105010300,"Lake Bonny, Lakeland, FL",32547
8031008387,"Northeast, Denver, CO",32546
12101030602,"Orangewood Village, Holiday, FL",32545
12019030102,"Middleburg, FL",32545
40013796500,"Durant, OK",32544
12097042100,"Kissimmee, FL",32544
13153021105,"Warner Robins, GA",32544
37101040301,"Selma, NC",32544
12011020413,"North Lauderdale, FL",32544
12103024302,"Meadowlawn, Saint Petersburg, FL",32544
2020002712,"Bayshore / Klatt, Anchorage, AK",32542
41051000902,"Creston - Kenilworth, Portland, OR",32541
45029970402,"Walterboro, SC",32541
12105011913,"Lakeland, FL",32541
1103000900,"Decatur, AL",32541
12097042701,"Kissimmee, FL",32541
48215022502,"Weslaco, TX",32540
37003040500,"Hiddenite, NC",32540
36061019800,"East Harlem, New York, NY",32539
42051261900,"Uniontown, PA",32538
48113016511,"Dallas, TX",32538
20045000502,"Lawrence, KS",32538
47059090500,"Greeneville, TN",32538
40115574100,"Quapaw, OK",32537
45087030900,"Union, SC",32537
10005051500,"Dagsboro, DE",32537
45029970200,"Islandton, SC",32537
39073965500,"Logan, OH",32536
18097330106,"Indianapolis, IN",32536
36047084000,"Kings County, NY",32535
48441013200,"Abilene, TX",32534
45055970200,"Kershaw, SC",32534
22095070900,"LaPlace, LA",32532
53009002300,"Sequim, WA",32532
13097080103,"Lithia Springs, GA",32532
8077000700,"Grand Junction, CO",32531
6037402405,"Westmont, Pomona, CA",32530
6077003306,"Stockton, CA",32529
1039962000,"Andalusia, AL",32529
36047055100,"Kings County, NY",32529
48067950400,"Atlanta, TX",32529
12103024804,"West Lealman, Kenneth City, FL",32528
27053101900,"Northeast Minneapolis, Minneapolis, MN",32528
9001080400,"Stratford, CT",32527
48201231700,"Melwood Place, Houston, TX",32527
48133950100,"Ranger, TX",32527
4013071516,"Plaza Del Rio, Peoria, AZ",32527
51760010200,"Northside, Richmond, VA",32526
13307960100,"Preston, GA",32526
6067003600,"Southeastern Sacramento, Sacramento, CA",32524
13121010304,"Cliftondale, Atlanta, GA",32523
39033975100,"Galion, OH",32523
37123960200,"Troy, NC",32523
12111381702,"Hutchinson Island, Jensen Beach, FL",32522
29117480400,"Chillicothe, MO",32522
48373210203,"Livingston, TX",32522
37031970401,"Morehead City, NC",32521
28011950500,"Cleveland, MS",32521
18057110700,"Noblesville, IN",32521
18157000300,"Lafayette, IN",32521
25003921300,"North Adams, MA",32520
13279970300,"Vidalia, GA",32520
17031830007,"Richton Park, IL",32520
12057006801,"Sun Bay South, Tampa, FL",32518
4025002100,"Seligman, AZ",32518
6019005301,"Fresno, CA",32518
12011010610,"Coconut Creek, FL",32518
28155950100,"Mathiston, MS",32518
6037703200,"View Park, View Park-Windsor Hills, CA",32516
37045950602,"Kings Mountain, NC",32516
4013112401,"Homestead Terrace, Phoenix, AZ",32516
12079110100,"Pinetta, FL",32515
48097000400,"Gainesville, TX",32514
48113000601,"Dallas, TX",32514
45081960201,"Saluda, SC",32514
20173002900,"Sunflower, Wichita, KS",32513
13227050300,"Talking Rock, GA",32512
12115000407,"Sarasota, FL",32511
6037272202,"Mar Vista, Los Angeles, CA",32511
47125101306,"Clarksville, TN",32511
37017950300,"Tar Heel, NC",32510
48245005500,"Port Arthur, TX",32509
48453002106,"University Hills and Windsor Park, Austin, TX",32508
45019003108,"North Charleston, SC",32508
12081001106,"Bradenton, FL",32508
53033008500,"Downtown, Seattle, WA",32507
1091973300,"Sweet Water, AL",32507
26001970400,"Harrisville, MI",32507
17089853500,"Aurora, IL",32506
48181000600,"Denison, TX",32505
13145120198,"Pine Mountain, GA",32503
47157020210,"Millington, TN",32503
6025011500,"El Centro, CA",32503
6037575101,"Eastside, Long Beach, CA",32503
22003950200,"Oakdale, LA",32502
12113010702,"Milton, FL",32502
6029002302,"Oakridge, Bakersfield, CA",32502
36047093600,"Kings County, NY",32502
5129970100,"Saint Joe, AR",32501
51035080300,"Galax, VA",32501
12057011610,"Pinehurst Community, Tampa, FL",32500
6037224010,"Central LA, Los Angeles, CA",32500
22083970600,"Mangham, LA",32499
26077001504,"Western Michigan University/KRPH, Kalamazoo, MI",32499
20041084600,"Herington, KS",32498
13075960100,"Lenox, GA",32498
53077001202,"Yakima, WA",32497
45055970100,"Bethune, SC",32497
45083023900,"Pacolet, SC",32496
6019004505,"Fresno, CA",32495
13115000800,"Rome, GA",32495
8071000200,"Trinidad, CO",32495
4013116605,"Laveen Village, Phoenix, AZ",32494
36119003500,"North Side, Mount Vernon, NY",32493
51810044805,"Northeast Virginia Beach, Virginia Beach, VA",32492
6037205120,"Central LA, Los Angeles, CA",32492
48029140700,"East Side, San Antonio, TX",32492
12111382002,"Port St. Lucie, FL",32492
12055961100,"Sebring, FL",32492
6037229100,"Central Alameda, Los Angeles, CA",32492
17103000600,"Dixon, IL",32490
29007950100,"Vandalia, MO",32489
13157010200,"Maysville, GA",32488
12086000202,"North Miami Beach, FL",32488
20177001000,"Oakland, Topeka, KS",32488
18095001200,"Anderson, IN",32488
39099812400,"Youngstown, OH",32487
37043950200,"Warne, NC",32486
4013060903,"Sundial, El Mirage, AZ",32485
48375010300,"Amarillo, TX",32485
5031000402,"Jonesboro, AR",32485
8101000500,"Mineral Palace, Pueblo, CO",32485
24019970400,"Cambridge, MD",32483
4013319103,"Tempe, AZ",32482
26049010504,"Mount Morris, MI",32482
6071009912,"Victorville, CA",32481
23025965700,"Saint Albans, ME",32481
39013011500,"Bellaire, OH",32481
6083002404,"Santa Maria, CA",32481
36029005802,"Riverside, Buffalo, NY",32479
5067480100,"Tuckerman, AR",32479
12011100600,"West Park, FL",32479
13247060308,"Conyers, GA",32478
24510250206,"Morrell Park, Baltimore, MD",32478
6067006701,"North Sacramento, Sacramento, CA",32478
40109107806,"Del City, OK",32477
29189217200,"Maplewood, MO",32476
26017281000,"Bay City, MI",32476
42041012100,"Carlisle, PA",32476
24043000601,"Hagerstown, MD",32475
4019003200,"Peter Howell, Tucson, AZ",32475
36057072600,"Canajoharie, NY",32475
34011040500,"Vineland, NJ",32474
12099001916,"Villages of Palm Beach Lakes, West Palm Beach, FL",32474
12057012800,"Plant City, FL",32474
37183052406,"Southwest Raleigh, Raleigh, NC",32474
28151000100,"Leland, MS",32473
18103952900,"Peru, IN",32473
29105960100,"Lebanon, MO",32472
22017025000,"Vivian, LA",32471
47163042600,"Bristol, TN",32471
39123050600,"Port Clinton, OH",32471
35061970902,"Belen, NM",32470
39129020100,"Circleville, OH",32470
36061027700,"Upper Manhattan, New York, NY",32470
25003933300,"Southfield, New Marlborough, MA",32469
12086003916,"Normandy Shores, Miami Beach, FL",32469
24015030400,"Elkton, MD",32469
8101000100,"Club, Pueblo, CO",32469
37021003205,"Black Mountain, NC",32469
28033070324,"Horn Lake, MS",32468
2170001004,"Lakes, Wasilla, AK",32467
22071001724,"Little Woods, New Orleans, LA",32467
55079007900,"Riverwest, Milwaukee, WI",32467
6037239320,"South Los Angeles, Los Angeles, CA",32466
33011010500,"Nashua, NH",32466
48479001808,"Colonia Los Angeles, Laredo, TX",32466
27053106200,"Seward, Minneapolis, MN",32466
33011001300,"Corey Square, Manchester, NH",32466
1101005403,"Montgomery, AL",32465
12061050802,"Sebastian, FL",32465
36035970800,"Gloversville, NY",32465
4013109604,"Maryvale Village, Phoenix, AZ",32465
12086013700,"Hialeah, FL",32463
37035010201,"Conover, NC",32462
48201432701,"Westside, Houston, TX",32461
18135951600,"Union City, IN",32460
32003005828,"Las Vegas, NV",32460
8031000905,"Villa Park, Denver, CO",32460
28159950500,"Louisville, MS",32459
12057011803,"Tampa, FL",32459
13035150100,"Jackson, GA",32459
51139030400,"Stanley, VA",32458
55079015900,"Clarke Square, Milwaukee, WI",32457
12005000201,"Panama City, FL",32457
6037703001,"Fox Hills, Culver City, CA",32457
21019030900,"Ashland, KY",32457
36047077000,"Kings County, NY",32456
8001009320,"Westminster, CO",32456
47093004608,"Knoxville, TN",32455
12033003204,"Bellview Pines, Pensacola, FL",32455
55009000800,"Green Bay, WI",32455
35045000504,"Waterflow, NM",32454
53015000703,"Longview, WA",32454
26161400700,"Ann Arbor, MI",32454
12009071100,"Mims, FL",32454
54051020200,"Moundsville, WV",32453
48423002003,"Tyler, TX",32452
18167001500,"Graham, Terre Haute, IN",32452
33019975400,"Newport, Newport, NH",32452
48025950500,"Beeville, TX",32452
13233010300,"Cedartown, GA",32451
8001008802,"Commerce City, CO",32451
36081032000,"Queens County, NY",32451
39109365200,"Troy, OH",32451
48141000108,"Northeast El Paso, El Paso, TX",32450
37175960100,"Pisgah Forest, NC",32449
48423001700,"Tyler, TX",32449
42045402200,"Yeadon, PA",32448
4013092718,"Cortina HOA, Glendale, AZ",32448
39113002600,"Linden Heights, Dayton, OH",32448
6071002204,"Fontana, CA",32447
48141010331,"El Dorado East, El Paso, TX",32447
17031031200,"Uptown, Chicago, IL",32446
26087331000,"Otter Lake, MI",32446
51700031601,"South Newport News, Newport News, VA",32446
50003971200,"Bennington, VT",32445
4013109801,"Maryvale Village, Phoenix, AZ",32445
6107003901,"Porterville, CA",32442
39151700600,"Vassar Park, Canton, OH",32441
6071007303,"Loma Linda, CA",32441
47183968102,"Martin, TN",32440
28133950401,"Indianola, MS",32440
12083002701,"Dunnellon, FL",32440
6073004600,"Golden Hill, San Diego, CA",32440
13021013502,"Macon, GA",32439
12103025304,"Palm Hill, Largo, FL",32439
17031830700,"Uptown, Chicago, IL",32439
40027200400,"Norman, OK",32439
13247060201,"Conyers, GA",32438
48061013309,"Southmost, Brownsville, TX",32438
5079960500,"Star City, AR",32438
6037231720,"South Figueroa Corridor, Los Angeles, CA",32437
12086013500,"Hialeah, FL",32437
22047953102,"Plaquemine, LA",32436
24033800214,"Laurel, MD",32436
25013800400,"Liberty Heights, Springfield, MA",32436
6111003201,"La Colonia, Oxnard, CA",32436
12075970302,"Chiefland, FL",32435
21047201502,"Fort Campbell North, Fort Campbell, KY",32434
54107000901,"Parkersburg, WV",32434
55009000500,"Green Bay, WI",32432
12105015802,"Frostproof, FL",32432
6099001700,"Modesto, CA",32432
1003011406,"Orange Beach, AL",32432
4027011700,"Yuma, AZ",32431
45085000901,"Sumter, SC",32431
1127021200,"Jasper, AL",32429
42071011200,"Columbia, PA",32428
4013522903,"Chandler, AZ",32428
17019006000,"Urbana, IL",32428
41025960100,"Burns, OR",32428
48029171920,"Far West Side, San Antonio, TX",32426
42079217200,"Hazleton, PA",32426
39079957400,"Jackson, OH",32426
36045061500,"Watertown, NY",32426
12101030408,"Tiki Village Mobile Home Park Condo, Holiday, FL",32425
6071004301,"Terrace, San Bernardino, CA",32425
36067016200,"Syracuse, NY",32425
6073010401,"Imperial Beach, CA",32424
13063040408,"Morrow, GA",32424
37119001922,"Hickory Ridge, Charlotte, NC",32424
21107970400,"Madisonville, KY",32423
5069002103,"Pine Bluff, AR",32422
17031221100,"Logan Square, Chicago, IL",32422
47101970100,"Hohenwald, TN",32422
37073970200,"Gates, NC",32421
39147963000,"Fostoria, OH",32421
12035060103,"Palm Coast, FL",32421
37119001923,"Hickory Ridge, Charlotte, NC",32420
12081000307,"Bradenton, FL",32419
48479000101,"Eastern Division, Laredo, TX",32418
36081037300,"Queens County, NY",32418
13139001202,"Gainesville, GA",32417
36047119800,"Kings County, NY",32416
16019971200,"Idaho Falls, ID",32415
10003015200,"Wilmington Manor, DE",32415
48061014002,"Mitte Cultural District, Brownsville, TX",32415
6037209104,"Central LA, Los Angeles, CA",32415
37111970100,"Marion, NC",32415
48141000208,"Northeast El Paso, El Paso, TX",32414
4027011106,"Yuma, AZ",32412
26067032100,"Ionia, MI",32412
48299970100,"Llano, TX",32412
28093950200,"Byhalia, MS",32412
15001021003,"Keaau, HI",32412
37067002200,"Winston-Salem, NC",32409
48029131506,"Northeast Side, San Antonio, TX",32408
26161407600,"Superior Charter Township, MI",32408
13245000100,"Sand Hills, Augusta, GA",32408
12101031505,"New Port Richey, FL",32408
25005652600,"New Bedford, MA",32406
34007603002,"Pennsauken Township, NJ",32406
12127080804,"Ormond Beach, FL",32404
26095960100,"Newberry, MI",32404
13119890400,"Royston, GA",32404
16075960100,"Payette, ID",32403
21025920200,"Jackson, KY",32403
6029001300,"Bakersfield, CA",32403
19111490900,"Keokuk, IA",32403
13151070111,"Stockbridge, GA",32402
12057011614,"Timberlane Woodlake, Tampa, FL",32401
6099002004,"Modesto, CA",32401
6071001305,"Ontario, CA",32399
1133965501,"Addison, AL",32398
12099005812,"Boynton Beach, FL",32397
36103158705,"Middle Island, NY",32397
37191001200,"Goldsboro, NC",32396
6037600703,"Morningside Park, Inglewood, CA",32394
28107950400,"Batesville, MS",32394
48113012204,"White Rock Hills, Dallas, TX",32394
12031012601,"Hyde Park, Jacksonville, FL",32394
32003001708,"Las Vegas, NV",32393
48201432400,"Westchase, Houston, TX",32393
12011060117,"Sunrise, FL",32393
48437950300,"Tulia, TX",32392
4019004112,"Tucson, AZ",32391
8031003003,"University, Denver, CO",32390
18111100700,"Kentland, IN",32389
6065044522,"Desert Hot Springs, CA",32389
12099004007,"West Palm Beach, FL",32389
51083930500,"Halifax, VA",32389
17031330100,"Near South Side, Chicago, IL",32388
22071000100,"Algiers Point, New Orleans, LA",32388
28117950400,"Booneville, MS",32387
48029161501,"South San Antonio, San Antonio, TX",32387
48315950300,"Jefferson, TX",32386
1059973200,"Russellville, AL",32385
17119401701,"Cottage Hills, Alton, IL",32385
26115831900,"Monroe, MI",32385
17095000700,"Galesburg, IL",32383
6071003803,"Rialto, CA",32382
53073000502,"Lettered Streets, Bellingham, WA",32382
45035010400,"Ridgeville, SC",32381
5051010500,"Hot Springs, AR",32381
54027968400,"Romney, WV",32380
48113013615,"Far North Dallas, Dallas, TX",32379
21111011904,"Louisville, KY",32379
23003952300,"Monticello, ME",32379
13067031206,"Smyrna, GA",32379
44007001700,"Silver Lake, Providence, RI",32378
12086005406,"Little Havana, Miami, FL",32378
12115001202,"Sarasota, FL",32378
48113012206,"Buckner Terrace / Everglade Park, Dallas, TX",32377
47035970102,"Crossville, TN",32377
6073007907,"Pacific Beach, San Diego, CA",32377
6037219010,"South Los Angeles, Los Angeles, CA",32376
36047013100,"Kings County, NY",32376
39023000700,"Springfield, OH",32376
26065002600,"Old Everett Neighborhood, Lansing, MI",32375
6067007403,"Mcclellan Meadows, North Highlands, CA",32375
23027044000,"Lincolnville, ME",32374
17031809700,"Evanston, IL",32374
48061013106,"Brownsville, TX",32374
47037011600,"East Nashville, Nashville, TN",32373
8031008391,"Northeast, Denver, CO",32373
32031002704,"Sun Valley, NV",32372
17159978000,"Olney, IL",32372
42013100500,"Altoona, PA",32372
40143006701,"Mountain Manor, Tulsa, OK",32371
28047003301,"D'Iberville, MS",32371
22017024800,"Shreveport, LA",32371
13111050300,"Blue Ridge, GA",32371
47157003200,"Idlewild, Memphis, TN",32371
34031182400,"Paterson, NJ",32371
6037216900,"Central LA, Los Angeles, CA",32371
12103027704,"Redington Shores, FL",32370
5043490100,"Monticello, AR",32370
29039870300,"Stockton, MO",32369
6053011802,"Golden Rectangle, Carmel-by-the-Sea, CA",32368
48201433003,"Chinatown, Houston, TX",32368
4005000800,"Flagstaff, AZ",32367
37121950200,"Bakersville, NC",32367
51087201102,"Henrico, VA",32367
12033002601,"Pensacola, FL",32366
18091040600,"Trail Creek, IN",32365
48439106511,"John T White, Fort Worth, TX",32364
33009960800,"Campton, NH",32363
13269950100,"Butler, GA",32363
51135000300,"Crewe, VA",32362
40121485600,"Eufaula, OK",32362
21023950200,"Foster, KY",32362
13067030905,"Marietta, GA",32361
48377950100,"Marfa, TX",32361
32003002970,"Las Vegas, NV",32360
12103020209,"Greater Pinellas Point, Saint Petersburg, FL",32360
48215023513,"Edinburg, TX",32360
12127091021,"Deltona Lakes, Deltona, FL",32360
48215024402,"Weslaco, TX",32360
26049010911,"Flint, MI",32358
18089010100,"Gary, IN",32358
50005957000,"Sheffield, VT",32357
35013000102,"Las Cruces, NM",32356
4027011403,"Bienestar Estates, San Luis, AZ",32355
11001007000,"Southeast Washington, Washington, DC",32354
4003001401,"Fort Huachuca, Sierra Vista, AZ",32353
36067005700,"Southside, Syracuse, NY",32353
12059960100,"Bonifay, FL",32352
13089023311,"Stone Mountain, GA",32351
48349970600,"Kerens, TX",32351
26149040300,"Three Rivers, MI",32349
48061012401,"Los Fresnos, TX",32349
6037601900,"Inglewood, CA",32349
8041004508,"Fountain Valley, Fountain, CO",32348
29095013100,"South Kansas City, Kansas City, MO",32348
41061970700,"La Grande, OR",32347
37183054017,"North Raleigh, Raleigh, NC",32346
12057011605,"Town N Country Alliance, Tampa, FL",32345
26051000200,"Gladwin, MI",32345
48453000603,"Central Austin, Austin, TX",32344
55101001001,"Racine, WI",32344
12111381802,"Port St. Lucie, FL",32343
42013100300,"Altoona, PA",32343
4013105702,"North Mountain Village, Phoenix, AZ",32343
48271950100,"Brackettville, TX",32343
6045010500,"Fort Bragg, CA",32342
18081611000,"Franklin, IN",32342
6065043307,"Hemet, CA",32342
6065030300,"Downtown Riverside, Riverside, CA",32340
36111952700,"Kingston, NY",32340
8031000401,"Sunnyside, Denver, CO",32339
42011000400,"Reading, PA",32339
6047001501,"Merced, CA",32338
36047021700,"Kings County, NY",32338
1125010803,"Tuscaloosa, AL",32338
28073020600,"Lumberton, MS",32337
4019002905,"Tucson, AZ",32337
12099001904,"Villages of Palm Beach Lakes, West Palm Beach, FL",32337
12105015302,"Bartow, FL",32336
48277000401,"Paris, TX",32336
48439104504,"Carter Park, Fort Worth, TX",32335
48267950100,"Junction, TX",32335
36005040800,"Bronx County, NY",32335
48505950301,"Zapata, TX",32335
24510250401,"Brooklyn, Baltimore, MD",32334
40067371700,"Ryan, OK",32333
48029152202,"Elmendorf, TX",32332
28091950400,"Columbia, MS",32330
21177960100,"Central City, KY",32330
45051060101,"Conway, SC",32330
28087000102,"Columbus, MS",32329
18003011201,"Fort Wayne, IN",32328
37031970601,"Newport, NC",32328
13281960300,"Hiawassee, GA",32327
1025958001,"Jackson, AL",32327
8101001500,"Mesa Junction, Pueblo, CO",32326
48113013626,"Far North Dallas, Dallas, TX",32326
20035494000,"Arkansas City, KS",32324
4003000303,"Benson, AZ",32324
18067001300,"Cedar Crest, Kokomo, IN",32322
51125950100,"Shipman, VA",32322
29095013307,"Grandview, MO",32321
45051051502,"Myrtle Beach, SC",32321
22117950200,"Franklinton, LA",32321
4027010913,"Yuma, AZ",32320
36107020703,"Waverly, NY",32320
25025080100,"Lower Roxbury, Boston, MA",32320
48439105901,"Fort Worth, TX",32319
4027011504,"Somerton, AZ",32318
6099000202,"Oakdale, CA",32317
36045061200,"Watertown, NY",32316
36081036100,"Queens County, NY",32316
12017450702,"Inverness, FL",32316
26065003801,"East Lansing, MI",32315
48439104702,"Fort Worth, TX",32315
37109070700,"Lincolnton, NC",32315
40109101000,"Central Oklahoma City, Oklahoma City, OK",32314
49035102900,"People's Freeway, Salt Lake City, UT",32314
21115960500,"Thelma, KY",32313
12055961400,"Lake Placid, FL",32313
55079000900,"Town & Country Manor, Milwaukee, WI",32312
51810045414,"Virginia Beach, VA",32311
41019030000,"Drain, OR",32311
1097006701,"Irvington, AL",32311
8123000800,"Greeley, CO",32311
48399950200,"Winters, TX",32311
48141010212,"Cooperstown, El Paso, TX",32311
12099001004,"Palm Beach Gardens, FL",32310
36081099802,"Queens County, NY",32310
36109001400,"Freeville, NY",32309
25025061000,"Columbus Park / Andrew Square, Boston, MA",32309
54029021400,"Weirton, WV",32308
48439105204,"Fort Worth, TX",32307
37097061303,"Mooresville, NC",32307
6037535101,"South Los Angeles, Los Angeles, CA",32307
6037800330,"Agoura Hills, CA",32307
51093280101,"Smithfield, VA",32306
1079979200,"Town Creek, AL",32306
1081041900,"Salem, AL",32305
47071920500,"Savannah, TN",32305
53063001200,"Northtown, Spokane, WA",32305
8031015600,"South, Denver, CO",32303
6019005608,"Clovis, CA",32302
23007970601,"Rangeley, ME",32302
4013112510,"Estrella Village, Phoenix, AZ",32302
26021021100,"Niles, MI",32302
6037530500,"East Los Angeles, CA",32301
34009021804,"Villas, NJ",32301
40111000400,"Okmulgee, OK",32300
6065045706,"Coachella, CA",32300
36047033700,"Kings County, NY",32300
51143010700,"Java, VA",32300
36081044601,"Queens County, NY",32300
1007010004,"Centreville, AL",32300
12071040109,"Westminister, Lehigh Acres, FL",32299
12105013802,"Winter Haven, FL",32299
45035010603,"Summerville, SC",32298
42011001600,"Reading, PA",32298
26081001600,"West Grand, Grand Rapids, MI",32297
34017003500,"Downtown Jersey City, Jersey City, NJ",32297
36061019300,"Upper West Side, New York, NY",32296
48029171801,"Inner West Side, San Antonio, TX",32296
48479001815,"Laredo, TX",32296
36043010400,"Ilion, NY",32296
12099004817,"Lake Worth, FL",32295
45013000700,"Beaufort, SC",32294
13135050541,"Lawrenceville, GA",32294
36047101600,"Kings County, NY",32293
18095010600,"Alexandria, IN",32293
18157000700,"Lafayette, IN",32293
21101020500,"Henderson, KY",32293
47139950100,"Turtletown, TN",32292
6037910502,"Palmdale, CA",32291
29091090300,"Pomona, MO",32291
12053040202,"Brooksville, FL",32291
36081101001,"Queens County, NY",32290
21119960100,"Garrett, KY",32290
36119002600,"South Side, Mount Vernon, NY",32289
48121021301,"Denton, TX",32289
12011100202,"Hallandale Beach, FL",32289
40101001000,"Muskogee, OK",32288
25009250500,"Lawrence, MA",32288
40143004400,"Tulsa, OK",32288
6025010400,"Brawley, CA",32287
45051060206,"Myrtle Beach, SC",32287
47143975401,"Dayton, TN",32287
41041950400,"Lincoln City, OR",32287
13195020500,"Hull, GA",32286
10005050803,"Lewes, DE",32286
55007960600,"Drummond, WI",32284
24005401302,"Gwynn Oak, Baltimore, MD",32284
6063000300,"Portola, CA",32283
1015002300,"Piedmont, AL",32282
45057010100,"Lancaster, SC",32282
29161890300,"Rolla, MO",32282
4013421702,"Mesa, AZ",32282
12086000214,"North Miami Beach, FL",32282
48141010345,"El Paso, TX",32281
17113001403,"Bloomington, IL",32280
42079200800,"Wilkes-Barre, PA",32279
48453001823,"North Lamar, Austin, TX",32279
27123031701,"Dayton's Bluff, Saint Paul, MN",32279
24005402505,"Randallstown, MD",32278
6029001902,"Oleander/Sunset, Bakersfield, CA",32278
36047023500,"Kings County, NY",32277
37031970301,"Beaufort, NC",32277
21151011100,"Berea, KY",32277
4019004334,"West Star Estates, Tucson, AZ",32276
27053100400,"Webber-Camden, Minneapolis, MN",32275
47065010902,"Mountain Creek, Signal Mountain, TN",32275
17031230200,"Humboldt Park, Chicago, IL",32275
17167000700,"Grandview, IL",32275
1095030701,"Guntersville, AL",32274
12071001703,"Reflection Lakes, Fort Myers, FL",32273
45015020401,"Cordesville, SC",32271
20021958500,"Galena, KS",32271
12101030601,"Colonial Manor, Holiday, FL",32270
48157674900,"Richmond, TX",32270
29105960500,"Lebanon, MO",32269
48141001201,"Roberts, El Paso, TX",32269
47113001800,"Jackson, TN",32269
34025807700,"Neptune City, NJ",32269
37195000600,"Spring Lake, Wilson, NC",32269
45035010300,"Harleyville, SC",32268
28045030100,"Bay Saint Louis, MS",32268
36005035800,"Bronx County, NY",32267
6067008506,"Folsom, CA",32266
29213480502,"Hollister, MO",32265
17075950400,"Watseka, IL",32265
12011060212,"Sunrise, FL",32264
13185010700,"Lake Park, GA",32264
12086000211,"North Miami Beach, FL",32264
55079005100,"Dineen Park, Milwaukee, WI",32262
16001000900,"Southeast Boise, Boise, ID",32262
37099950500,"Sylva, NC",32262
55025001804,"Tenney-Lapham, Madison, WI",32260
47149040105,"La Vergne, TN",32260
13039010302,"Kingsland, GA",32260
41039004000,"Whiteaker, Eugene, OR",32260
4013421602,"Reed Park Neighborhood, Mesa, AZ",32260
47047060701,"Rossville, TN",32258
55001950201,"Friendship, WI",32257
55079002200,"Lincoln Park, Milwaukee, WI",32257
1097006702,"Fowl River, Irvington, AL",32257
26145010700,"Saginaw, MI",32256
50021963300,"Rutland, VT",32256
21151010901,"Richmond, KY",32256
6023010501,"McKinleyville, CA",32255
28035000900,"Hattiesburg, MS",32255
39017014100,"Middletown, OH",32255
9003504300,"Parkville, Hartford, CT",32255
28059040800,"Gautier, MS",32254
45047970900,"Bradley, SC",32254
18107957100,"Crawfordsville, IN",32253
36043011100,"Herkimer, NY",32253
24005402503,"Randallstown, MD",32253
6009000400,"Rail Road Flat, CA",32252
26033970200,"Sault Ste. Marie, MI",32251
12125960100,"Raiford, FL",32251
22001960900,"Crowley, LA",32251
12127083205,"Daytona Beach, FL",32250
1031011100,"Enterprise, AL",32249
36119000101,"Ludlow, Yonkers, NY",32249
16083001100,"Twin Falls, ID",32249
39099813000,"Sebring, OH",32248
45045003903,"Travelers Rest, SC",32248
32003005702,"Laughlin, NV",32248
22047953101,"Plaquemine, LA",32245
48013960401,"Poteet, TX",32245
37071031102,"Mount Holly, NC",32245
47121960200,"Decatur, TN",32244
12033003614,"North Northwest Pensacola, Cantonment, FL",32244
48141010207,"Northeast El Paso, El Paso, TX",32243
6037219800,"Los Angeles, CA",32242
41007950200,"Astoria, OR",32242
36047082000,"Kings County, NY",32242
37133000301,"Jacksonville, NC",32241
48451000802,"San Angelo, TX",32240
37105030401,"Sanford, NC",32240
36047051602,"Kings County, NY",32239
44007002000,"Manton, Providence, RI",32238
12011060105,"North Lauderdale, FL",32238
23025965301,"Jackman, ME",32238
6037402902,"Westmont, Pomona, CA",32236
26135970202,"Comins, MI",32236
35013001400,"Hatch, NM",32236
6077004404,"Lodi, CA",32235
48099010702,"Copperas Cove, TX",32235
36005037800,"Bronx County, NY",32235
48037011300,"Hooks, TX",32235
48113018206,"Monica Park, Garland, TX",32234
24047950000,"Ocean City, MD",32234
36081069400,"Queens County, NY",32234
37099940200,"Whittier, NC",32233
47157020221,"Millington, TN",32233
13107970600,"Swainsboro, GA",32231
29095009400,"South Kansas City, Kansas City, MO",32230
13069010400,"Douglas, GA",32230
13015961000,"Kingston, GA",32230
48215024111,"Mission, TX",32227
32003001804,"Las Vegas, NV",32226
45083022303,"Chesnee, SC",32226
1067030500,"Headland, AL",32226
29019000200,"Columbia, MO",32225
48161000300,"Fairfield, TX",32225
47157009100,"Berclair, Memphis, TN",32224
12033003308,"Pensacola, FL",32222
42079217600,"Hazleton, PA",32222
36047052700,"Kings County, NY",32222
4013116202,"South Mountain Village, Phoenix, AZ",32221
35005000201,"Roswell, NM",32221
48201433502,"Southwest Houston, Houston, TX",32221
31109001700,"Near South, Lincoln, NE",32221
1089010902,"Gurley, AL",32221
13321950200,"Sylvester, GA",32219
6029000400,"Bakersfield, CA",32219
33011010800,"Nashua, NH",32219
35027960300,"Capitan, NM",32218
13149970300,"Franklin, GA",32218
36087011506,"Spring Valley, NY",32217
12071001910,"Fort Myers, FL",32217
1055010602,"Gadsden, AL",32217
12086008307,"Miami, FL",32217
25025120201,"Jamaica Plain, Boston, MA",32217
12103027101,"Dunedin, FL",32217
4015952700,"Lake Havasu City, AZ",32216
12017450500,"Crystal River, FL",32216
46099000100,"Sioux Falls, SD",32215
13067031110,"Smyrna Heights, Smyrna, GA",32214
47177930100,"Rock Island, TN",32212
28105950500,"Starkville, MS",32212
22097960900,"Eunice, LA",32212
12057012108,"Seffner Community Alliance, Seffner, FL",32212
51089010602,"Ridgeway, VA",32211
32003000518,"Las Vegas, NV",32211
39113030100,"Moraine, OH",32211
10003002400,"The Flats, Wilmington, DE",32211
4019000700,"Arroyo Chico, Tucson, AZ",32210
37147001900,"Fountain, NC",32209
27087940300,"Mahnomen, MN",32207
22033003603,"Park Forest/LA North, Baton Rouge, LA",32207
29163460100,"Louisiana, MO",32206
26163570200,"Inkster, MI",32206
9009351200,"Waterbury, CT",32205
42089301401,"East Stroudsburg, PA",32204
12015010501,"Punta Gorda, FL",32203
47079969600,"Paris, TN",32202
36081040400,"Queens County, NY",32202
40031000501,"Lawton, OK",32200
4025001401,"Mayer, AZ",32200
1049961300,"Fort Payne, AL",32200
12083000502,"Fort McCoy, FL",32200
39035152502,"Euclid, OH",32199
26019000100,"Interlochen, MI",32199
4013110501,"Encanto Village, Phoenix, AZ",32199
17167001300,"Historic West-Side, Springfield, IL",32198
47119011002,"Mount Pleasant, TN",32197
6067001300,"Central Sacramento, Sacramento, CA",32197
12105012406,"Davenport, FL",32197
8041004009,"Colorado Springs, CO",32197
48029152000,"Southside, San Antonio, TX",32196
5071952000,"Clarksville, AR",32196
4013110100,"Maryvale Village, Phoenix, AZ",32196
20173003200,"South Central, Wichita, KS",32196
48141003702,"Cedar Grove, El Paso, TX",32196
47041920102,"Smithville, TN",32194
1101001400,"Old Cloverdale, Montgomery, AL",32194
41057960100,"Nehalem, OR",32193
48215021000,"McAllen, TX",32193
39131952700,"Piketon, OH",32193
37039930500,"Murphy, NC",32192
48113016001,"Grand Prairie, TX",32192
32003000510,"Downtown, Las Vegas, NV",32191
32003000401,"Las Vegas, NV",32191
12086010400,"Goulds, FL",32191
51195930700,"Pound, VA",32190
48019000400,"Lakehills, TX",32190
6037602504,"Hawthorne, CA",32190
13067031116,"Smyrna, GA",32189
12086009803,"Miami, FL",32189
13135050545,"Lawrenceville, GA",32188
37179020501,"Monroe, NC",32188
35045942801,"Shiprock, NM",32187
29059480100,"Buffalo, MO",32187
2020001801,"Campbell Park, Anchorage, AK",32186
39035123502,"Jefferson, Cleveland, OH",32186
29213480202,"Walnut Shade, MO",32186
6099003002,"Ceres, CA",32186
6037601801,"Inglewood, CA",32185
22015010602,"Bossier City, LA",32184
1045021200,"Daleville, AL",32184
36081052800,"Queens County, NY",32184
48141003602,"Collingsworth, El Paso, TX",32184
37167931201,"Albemarle, NC",32183
6077002800,"Stockton, CA",32181
37037020600,"Bear Creek, NC",32180
48141010210,"Northeast El Paso, El Paso, TX",32179
25025100500,"Dorchester, Boston, MA",32179
17089853600,"Aurora, IL",32179
51093280105,"Smithfield, VA",32179
17031410800,"Hyde Park, Chicago, IL",32178
35013001103,"Las Cruces, NM",32178
37157041002,"Reidsville, NC",32178
23023970400,"Woolwich, ME",32177
36047079400,"Kings County, NY",32175
21205950100,"Morehead, KY",32174
21175950200,"West Liberty, KY",32172
24033801500,"Oxon Hill, MD",32172
8123000501,"Greeley, CO",32172
29055450302,"Cuba, MO",32171
6037134521,"Canoga Park, Los Angeles, CA",32171
48109950300,"Van Horn, TX",32171
21111004500,"Iroquois, Louisville, KY",32170
4023966105,"Rio Rico Southwest, Rio Rico, AZ",32170
26021000700,"Benton Harbor, MI",32170
54107000702,"Parkersburg, WV",32170
45079011417,"Columbia, SC",32168
41033361400,"Williams, OR",32168
12021010702,"East Naples, Naples, FL",32167
6107002602,"Lindsay, CA",32166
20209042100,"Riverview, Kansas City, KS",32166
26077001802,"Milwood, Kalamazoo, MI",32166
26125140100,"Auburn Hills, MI",32163
6067007503,"Willow Rock Estates, Sacramento, CA",32163
37045950301,"Cherryville, NC",32162
1067030300,"Shorterville, AL",32161
23011010300,"Augusta, ME",32161
39013012100,"Martins Ferry, OH",32160
6099002301,"Modesto, CA",32159
45045003101,"Fountain Inn, SC",32158
26035000300,"Lake, MI",32157
41019150000,"Roseburg, OR",32157
47093005202,"Knoxville, TN",32157
47037015802,"Glengarry, Nashville, TN",32157
23021960600,"Sangerville, ME",32156
47073050502,"Church Hill, TN",32156
4013061200,"Avondale, AZ",32155
17167000202,"Springfield, IL",32155
36039080401,"Tannersville, NY",32155
24025302902,"Aberdeen, MD",32154
9001022300,"West Side - Waterside - South End, Stamford, CT",32153
4021000309,"Apache Junction, AZ",32153
48439104802,"South Hills, Fort Worth, TX",32153
37129011902,"Wilmington, NC",32153
13153020800,"Warner Robins, GA",32153
22079011600,"Pineville, LA",32152
17031010702,"Rogers Park, Chicago, IL",32152
36065021202,"Utica, NY",32152
42091209202,"Stowe, PA",32152
17115001802,"Decatur, IL",32152
26007000300,"Alpena, MI",32151
28049010500,"Clinton, MS",32151
36005037200,"Bronx County, NY",32151
6037235100,"Park Mesa Heights, Los Angeles, CA",32151
48141002300,"Highland Park, El Paso, TX",32149
41051004102,"North Portland, Portland, OR",32149
36047033100,"Kings County, NY",32148
12033002801,"Pensacola, FL",32148
6065042904,"Perris, CA",32148
12103024901,"Pinellas Park, FL",32147
8031002100,"Central, Denver, CO",32147
42003270400,"Marshall-Shadeland, Pittsburgh, PA",32146
26051000300,"Gladwin, MI",32146
37021002604,"Leicester, NC",32145
21097950400,"Cynthiana, KY",32145
1123962700,"Tallassee, AL",32145
40109105907,"Central Oklahoma City, Oklahoma City, OK",32144
53053062000,"Eastside, Tacoma, WA",32143
6045010700,"Willits, CA",32143
18067001500,"Indian Heights, Kokomo, IN",32142
8001008308,"Sable Altura Chambers, Aurora, CO",32142
48153950600,"Floydada, TX",32142
6059011601,"Fullerton, CA",32140
45023020700,"Richburg, SC",32138
55079016100,"Burnham Park, Milwaukee, WI",32138
37001021204,"Mebane, NC",32135
50003971300,"Pownal, VT",32135
48113019208,"Far North Dallas, Dallas, TX",32134
6037540502,"Lynwood, CA",32132
6037542602,"Compton, CA",32132
12011050900,"Wilton Manors, FL",32130
5051011900,"Hot Springs, AR",32130
39045032200,"Lancaster, OH",32130
26107960800,"Morley, MI",32130
48107950100,"Crosbyton, TX",32129
8041006502,"Colorado Springs, CO",32128
22017024201,"Airport, Pines Road, Shreveport, LA",32128
45091060901,"Rock Hill, SC",32127
45051040300,"North Myrtle Beach, SC",32126
37013931000,"Chocowinity, NC",32126
17057953400,"Canton, IL",32126
36017970100,"Sherburne, NY",32125
12071020501,"Diplomat, North Fort Myers, FL",32125
12127082701,"Colin Park, New Smyrna Beach, FL",32124
8041001302,"West Colorado Springs, Colorado Springs, CO",32123
39007000103,"Conneaut, OH",32123
32003004916,"Las Vegas, NV",32122
1089010622,"Huntsville, AL",32122
12031015802,"Arlington, Jacksonville, FL",32122
9001071300,"Downtown, Bridgeport, CT",32122
26163542900,"Rosedale Park, Detroit, MI",32121
12071020201,"North Fort Myers, FL",32120
40001376600,"Watts, OK",32120
6037530400,"Monterey Park, CA",32119
47179061902,"Telford, TN",32119
6037533103,"Huntington Park, CA",32119
48453000304,"Hyde Park, Austin, TX",32119
8041004506,"Fountain Valley, Colorado Springs, CO",32118
48113014116,"Irving, TX",32118
47125102003,"Clarksville, TN",32118
37019020511,"Ocean Isle Beach, NC",32117
12105012309,"Polk City, FL",32117
39003013000,"Lima, OH",32116
17119400200,"Granite City, IL",32115
12031012500,"Cedar Hills Estates, Jacksonville, FL",32114
18103952200,"Peru, IN",32114
37183052706,"Northeast Raleigh, Raleigh, NC",32114
12057000402,"Tampa, FL",32113
48215024600,"Edcouch, TX",32112
6071004104,"Muscoy, CA",32111
47123925200,"Sweetwater, TN",32110
17163501501,"Belleville, IL",32110
12087971300,"Marathon, FL",32110
29175490400,"Moberly, MO",32106
16019971100,"Idaho Falls, ID",32104
6037218701,"Central LA, Los Angeles, CA",32101
47019070600,"Elizabethton, TN",32101
2090001400,"North Pole, AK",32100
6073013907,"Spring Valley, CA",32100
17199021000,"Marion, IL",32100
23001020200,"Lewiston, ME",32100
12127080500,"Ormond Shores, Ormond Beach, FL",32099
32003004000,"North Las Vegas, NV",32099
17195001000,"Sterling, IL",32099
45015020718,"Summerville, SC",32098
6037404600,"Baldwin Park, CA",32098
26069000100,"Oscoda Township, MI",32098
48029151100,"Harlandale, San Antonio, TX",32098
12086010204,"Miami, FL",32097
6023000700,"Eureka, CA",32096
13221960201,"Winterville, GA",32096
12009062104,"Port Saint John, FL",32096
21017030200,"Paris, KY",32096
36013035400,"Dunkirk, NY",32096
41067032409,"Hillsboro, OR",32095
48453002410,"South Austin, Austin, TX",32095
54009031200,"Follansbee, WV",32093
36105951600,"Monticello, NY",32093
48029180400,"Inner West Side, San Antonio, TX",32093
26165380100,"Manton, MI",32093
39017013600,"Middletown, OH",32092
48141010216,"Borderland, El Paso, TX",32091
48061013901,"Southmost, Brownsville, TX",32091
42071000300,"Lancaster, PA",32089
48215022103,"Donna, TX",32089
4003001501,"Sierra Vista, AZ",32089
20173004000,"South Central, Wichita, KS",32088
53063000500,"Northtown, Spokane, WA",32088
35006974202,"Grants, NM",32087
20209041500,"Kensington, Kansas City, KS",32087
48479001900,"El Cuatro, Laredo, TX",32087
24005450800,"Essex, MD",32086
16001000400,"Veterans Park, Boise, ID",32086
47035970502,"Crossville, TN",32084
5081030102,"Ashdown, AR",32084
17183000800,"Danville, IL",32084
12086003004,"Allapattah, Miami, FL",32084
55079017900,"Bay View, Milwaukee, WI",32084
28123020600,"Forest, MS",32084
39049009371,"Livingston - McNaughten, Columbus, OH",32084
6075016000,"Fillmore District, San Francisco, CA",32084
12086012000,"Hialeah, FL",32083
5131001001,"Fort Smith, AR",32083
12103024403,"Fossil Park, Saint Petersburg, FL",32083
53053061400,"New Tacoma, Tacoma, WA",32082
48113016002,"Grand Prairie, TX",32082
15001021005,"Keaau, HI",32081
13167960300,"Wrightsville, GA",32081
48113014403,"Irving, TX",32081
12011043100,"River Run, Fort Lauderdale, FL",32081
28059041900,"Pascagoula, MS",32080
42079217500,"Hazleton, PA",32079
48223950500,"Sulphur Springs, TX",32079
4013106003,"Alhambra, Phoenix, AZ",32079
47157009800,"Memphis, TN",32079
21199930300,"Nancy, KY",32079
48113002000,"Oak Cliff, Dallas, TX",32078
5119004006,"Little Rock, AR",32078
48141010334,"El Paso, TX",32077
39003011200,"Lima, OH",32077
21095970900,"Harlan, KY",32077
6073003304,"Chollas Creek Villas, San Diego, CA",32075
47055920300,"Pulaski, TN",32074
37157040601,"Stoneville, NC",32073
19111491000,"Keokuk, IA",32072
42097081600,"Shamokin, PA",32072
12079110301,"Madison, FL",32071
45063020705,"Gaston, SC",32071
12009064124,"Pinehurst Gardens, Melbourne, FL",32070
26065000400,"Westside Neighborhood, Lansing, MI",32070
36047051200,"Kings County, NY",32070
45051050401,"Myrtle Beach, SC",32069
6067005502,"North Sacramento, Sacramento, CA",32069
48491020701,"Round Rock Original Plat, Round Rock, TX",32069
37191000800,"Mount Olive, NC",32068
12035060214,"Palm Coast, FL",32068
27137003300,"Fairmount, Duluth, MN",32068
48227950802,"Big Spring, TX",32067
6067001900,"Central Sacramento, Sacramento, CA",32067
36063021400,"Niagara Falls, NY",32067
13089021308,"Chamblee, GA",32067
20125950600,"Independence, KS",32066
24510130806,"Woodberry, Baltimore, MD",32065
13245010904,"Farmers Bridge, Hephzibah, GA",32065
12031012000,"Northwest, Jacksonville, FL",32064
18167010500,"West Terre Haute, IN",32063
51193010100,"Hague, VA",32063
26069000600,"Tawas City, MI",32062
9003415900,"New Britain, CT",32061
48157675000,"Rosenberg, TX",32061
28031950300,"Mount Olive, MS",32060
5089960100,"Yellville, AR",32060
6037573004,"South Wrigley, Long Beach, CA",32059
12009069802,"Catalina Isle Estates, Merritt Island, FL",32058
6073001000,"University Heights, San Diego, CA",32057
37081012703,"New Irving Park, Greensboro, NC",32055
26125161800,"Southfield, MI",32055
6037535001,"South Los Angeles, Los Angeles, CA",32054
42043023300,"Steelton, PA",32054
1045021400,"Midland City, AL",32054
42045406401,"Brookhaven, PA",32054
12086004403,"Flamingo / Lummus, Miami Beach, FL",32054
26081002400,"Eastown, Grand Rapids, MI",32053
42101006400,"Elmwood, Philadelphia, PA",32053
48141010347,"Socorro, TX",32052
27123032400,"Thomas - Dale, Saint Paul, MN",32052
51800075401,"Suffolk, VA",32052
40141070400,"Frederick, OK",32052
12091020400,"Crestview, FL",32052
42101000901,"Center City, Philadelphia, PA",32051
22071001730,"Village De L'Est, New Orleans, LA",32050
28089030108,"Ridgeland, MS",32050
42089300311,"Pocono Pines, PA",32047
37021003104,"Black Mountain, NC",32047
47033961000,"Gadsden, TN",32047
37119004303,"Toddville Road, Charlotte, NC",32047
41019140000,"Roseburg, OR",32046
25025101101,"Wellington Hill, Boston, MA",32045
44007015400,"Pawtucket, RI",32045
6037218702,"Jefferson, Los Angeles, CA",32045
39061007000,"Clifton, Cincinnati, OH",32044
12009061001,"La Cita, Titusville, FL",32043
48349970200,"Corsicana, TX",32043
39035180104,"Richmond Heights, OH",32042
37067003106,"Belews Creek, NC",32042
30029001100,"Kalispell, MT",32042
25025050300,"Central-Maverick Square / Paris Street, Boston, MA",32041
4013319104,"Tempe, AZ",32041
49035100100,"Fairpark, Salt Lake City, UT",32041
1133965800,"Haleyville, AL",32041
37057061902,"Lexington, NC",32040
48113008400,"Parkdale, Dallas, TX",32040
48215021804,"San Juan, TX",32040
25005651300,"New Bedford, MA",32040
39003012300,"Lima, OH",32039
39115969100,"Stockport, OH",32039
37097061502,"Mooresville, NC",32037
48355000600,"Central City, Corpus Christi, TX",32037
15001020400,"Hilo, HI",32036
6037226700,"South Los Angeles, Los Angeles, CA",32036
17201003606,"Rockford, IL",32036
39035134100,"Berea, OH",32035
48141010600,"El Paso, TX",32035
6037206031,"Arts District, Los Angeles, CA",32035
12099004601,"Lake Worth, FL",32034
45087030800,"Jonesville, SC",32034
45077011001,"Liberty, SC",32034
47105060700,"Philadelphia, TN",32034
45083022900,"Inman, SC",32034
12063210100,"Malone, FL",32033
6037573002,"Wrigley, Long Beach, CA",32033
17031062300,"Lake View, Chicago, IL",32033
6015000202,"Crescent City, CA",32032
5141460200,"Clinton, AR",32032
54071970400,"Riverton, WV",32030
36029008300,"Sheridan Parkside, Tonawanda, NY",32030
19057000300,"Burlington, IA",32030
51191010300,"Abingdon, VA",32030
6065045207,"Indio, CA",32029
48029180501,"Ingram Hills, San Antonio, TX",32029
21151010600,"Richmond, KY",32029
45077010803,"Easley, SC",32028
12011020103,"Margate, FL",32027
26021020900,"Niles, MI",32026
45019003109,"North Charleston, SC",32026
29189220200,"St. Louis, MO",32025
37193960200,"Traphill, NC",32023
21067003402,"Lexington, KY",32023
53009002100,"Sequim, WA",32022
21035010800,"Murray, KY",32022
37153970900,"Hamlet, NC",32021
48411950100,"San Saba, TX",32021
25025071101,"Harrison Lenox, Boston, MA",32021
11001002801,"Columbia Heights, Washington, DC",32021
39049009220,"Lowrie Brothers, Columbus, OH",32020
37191000602,"Seven Springs, NC",32020
39029951900,"Myler Park, East Liverpool, OH",32020
13161960100,"Hazlehurst, GA",32019
6037570301,"North Long Beach, Long Beach, CA",32018
28115950101,"Pontotoc County, MS",32018
45079011606,"Columbia, SC",32018
41019120000,"Roseburg, OR",32017
41033360702,"Grants Pass, OR",32016
55009000900,"Green Bay, WI",32016
48113006700,"Oak Cliff, Dallas, TX",32016
13147960200,"Lavonia, GA",32016
39113050301,"Dayton, OH",32015
37183052704,"Northeast Raleigh, Raleigh, NC",32015
2020000300,"Anchorage, AK",32015
12011080405,"Fort Lauderdale, FL",32015
36007000600,"Binghamton, NY",32014
55107960100,"Tony, WI",32012
18017951500,"Logansport, IN",32012
48465950602,"Del Rio, TX",32012
26097950100,"Cedarville, MI",32010
21037050400,"Newport, KY",32010
12033001104,"Northeast Pensacola, Pensacola, FL",32009
34041030900,"Phillipsburg, NJ",32009
42121201000,"Oil City, PA",32008
12105012307,"Lakeland, FL",32007
29109470100,"Miller, MO",32007
22101040100,"Morgan City, LA",32007
6037211310,"Central LA, Los Angeles, CA",32006
37031970901,"Emerald Isle, NC",32004
47093003901,"Knoxville, TN",32002
12033003306,"Pensacola, FL",32002
29007950400,"Mexico, MO",32002
41029001900,"Ashland, OR",32001
32031001009,"Reno, NV",32001
36005038700,"Bronx County, NY",32000
12005002300,"Panama City, FL",32000
47123925100,"Sweetwater, TN",31997
6015000105,"Crescent City, CA",31996
35043010721,"Rio Rancho, NM",31996
26055551200,"Traverse City, MI",31996
48215023000,"Mercedes, TX",31996
17031611200,"Back of the Yards, Chicago, IL",31996
48449950600,"Mount Pleasant, TX",31995
18047969900,"Laurel, IN",31995
36081008500,"Queens County, NY",31995
34031175401,"Passaic, NJ",31994
12087971401,"Big Pine Key, FL",31994
32003002937,"Las Vegas, NV",31994
6073015901,"El Cajon, CA",31994
37023020201,"Morganton, NC",31994
39089751000,"Newark, OH",31993
47109930700,"Michie, TN",31993
35027960600,"Ruidoso, NM",31993
42003080700,"Friendship, Pittsburgh, PA",31992
35013001304,"Las Cruces, NM",31992
22105953300,"Kentwood, LA",31992
41003000100,"Corvallis, OR",31992
8041006301,"Colorado Springs, CO",31991
13153020200,"Warner Robins, GA",31991
48277000102,"Sumner, TX",31990
48091310401,"New Braunfels, TX",31990
1015001600,"Anniston, AL",31990
24005402302,"Windsor Mill, Milford Mill, MD",31989
13215010402,"Columbus, GA",31988
55031021000,"Itasca, Superior, WI",31988
23001044000,"Livermore Falls, ME",31988
29035960100,"Ellsinore, MO",31987
36071000600,"Newburgh, NY",31987
12101030901,"Candlelight, New Port Richey, FL",31986
6029001400,"La Cresta/Alta Vista, Bakersfield, CA",31984
29065960300,"Salem, MO",31984
6099003906,"Turlock, CA",31983
18145710601,"Shelbyville, IN",31982
42077001700,"Eighth Ward, Allentown, PA",31981
6037575402,"Washington, Long Beach, CA",31980
13217100300,"Covington, GA",31980
12086010016,"Opa-locka, FL",31980
9009170100,"Meriden, CT",31980
36047032900,"Kings County, NY",31979
36055013103,"Rochester, NY",31978
6001409400,"Elmhurst Park, Oakland, CA",31978
26163579200,"River Rouge, MI",31978
13233010100,"Aragon, GA",31976
48451001200,"San Angelo, TX",31976
48001950600,"Palestine, TX",31976
28121020600,"Pearl, MS",31976
24043000500,"Hagerstown, MD",31976
48027021901,"Harker Heights, TX",31975
11001009509,"Michigan Park, Washington, DC",31975
42039111500,"Meadville, PA",31974
22071001745,"New Orleans East Area, New Orleans, LA",31973
21049020101,"Winchester, KY",31973
12091022002,"Fort Walton Beach, FL",31973
6059099506,"Sunset Beach, Huntington Beach, CA",31973
13139000702,"Gainesville, GA",31973
37133001200,"Jacksonville, NC",31973
47025970800,"Tazewell, TN",31972
39153502200,"North Hill, Akron, OH",31972
37143920201,"Hertford, NC",31972
41019010000,"Reedsport, OR",31970
9003416100,"New Britain, CT",31970
45013000800,"Port Royal, SC",31970
4021000310,"Apache Junction, AZ",31969
47079969500,"Paris, TN",31969
6065044701,"Palm Springs, CA",31968
47013950200,"Jellico, TN",31967
12085001410,"Stuart, FL",31967
4021000313,"Apache Junction, AZ",31966
13067031101,"Smyrna, GA",31966
12031012703,"Westside, Jacksonville, FL",31966
26005031000,"Pullman, MI",31965
29009960500,"Cassville, MO",31964
25025070700,"Columbus, Boston, MA",31963
48029171700,"Inner West Side, San Antonio, TX",31963
23023970600,"Bath, ME",31962
1035960300,"Range, AL",31961
29169470390,"Fort Leonard Wood, MO",31960
33011002000,"Piscataquog, Manchester, NH",31960
13029920101,"Ellabell, GA",31959
6019002906,"Roosevelt, Fresno, CA",31959
12127082801,"Turnbull Shores, New Smyrna Beach, FL",31959
47093002300,"South Knoxville, Knoxville, TN",31958
51700032300,"Fort Eustis, Newport News, VA",31958
19153004800,"Capitol Park, Des Moines, IA",31957
26017280400,"Bay City, MI",31957
6037228100,"South Los Angeles, Los Angeles, CA",31957
50025968500,"Brattleboro, VT",31957
16075960200,"Payette, ID",31956
12035060107,"Palm Coast, FL",31956
12053040101,"Webster, FL",31954
25005631400,"Attleboro, MA",31954
45013000300,"Beaufort, SC",31954
37051003201,"Jack Britt, Fayetteville, NC",31953
48281950400,"Lampasas, TX",31953
54069000600,"Wheeling, WV",31953
12009069200,"Merritt Island, FL",31951
37003040400,"Township of Taylorsville, NC",31950
37023021000,"Connelly Springs, NC",31950
42041012300,"Carlisle, PA",31949
9001021500,"West Side - Waterside - South End, Stamford, CT",31949
22071001743,"New Orleans East Area, New Orleans, LA",31949
25027732500,"Green Island, Worcester, MA",31949
22051021200,"Kenner, LA",31947
53063001900,"Emerson Garfield, Spokane, WA",31946
12071060201,"Fort Myers Beach, FL",31946
12031014312,"Arlington, Jacksonville, FL",31946
42011001500,"Reading, PA",31946
13089020300,"Lake Claire, Atlanta, GA",31945
47057500300,"Rutledge, TN",31945
36047031702,"Kings County, NY",31944
12021010420,"Naples, FL",31944
18003002600,"Oakdale, Fort Wayne, IN",31943
29221460100,"Cadet, MO",31943
36005038600,"Bronx County, NY",31943
37149920200,"Mill Spring, NC",31942
48115950402,"Lamesa, TX",31942
6019005202,"McLane, Fresno, CA",31942
8085966300,"Montrose, CO",31942
39035132302,"Bedford, OH",31941
41039002301,"Eugene, OR",31940
48275950200,"Munday, TX",31940
12091021900,"Fort Walton Beach, FL",31939
45041001505,"Florence, SC",31939
6099003802,"Turlock, CA",31938
21133950402,"Whitesburg, KY",31938
1073010701,"Homewood, AL",31938
12095014909,"Orlando, FL",31938
20209042001,"Riverview, Kansas City, KS",31937
15003001904,"Waikīkī, Honolulu, HI",31937
29019001504,"Columbia, MO",31937
48113020100,"Irving, TX",31936
47097050400,"Ripley, TN",31935
36047079801,"Kings County, NY",31934
21133950200,"Neon, Fleming-Neon, KY",31934
21051950600,"Manchester, KY",31934
19179960200,"Ottumwa, IA",31933
23027045000,"Searsmont, ME",31933
42049000900,"Erie, PA",31933
12127091013,"Deltona Lakes, Deltona, FL",31933
24033803002,"Capitol Heights, MD",31933
21013960300,"Pineville, KY",31932
12055961301,"Sebring, FL",31932
18177000800,"Richmond, IN",31931
24031701422,"Silver Spring, MD",31930
47073050302,"Rogersville, TN",31930
37127010602,"Northgreen, Rocky Mount, NC",31929
12115000401,"Park East, Sarasota, FL",31929
36063023600,"Lockport, NY",31929
53009001700,"Sequim, WA",31929
25005651700,"New Bedford, MA",31928
45051051700,"Myrtle Beach, SC",31927
19155030900,"Council Bluffs, IA",31926
39169003400,"Rittman, OH",31925
47163043302,"Bluff City, TN",31923
39049007730,"Clinton Estates, Columbus, OH",31923
13153020105,"Warner Robins, GA",31922
45075011700,"Cope, SC",31922
12057012107,"Seffner Community Alliance, Seffner, FL",31921
34013012300,"Irvington, NJ",31921
12107951000,"East Palatka, FL",31920
47163041400,"Kingsport, TN",31919
48113010102,"West Dallas, Dallas, TX",31919
12103024906,"Pinellas Park, FL",31918
6037900102,"Lancaster, CA",31917
6037203100,"Northeast Los Angeles, Los Angeles, CA",31917
51550021403,"Deep Creek North, Chesapeake, VA",31917
1127021700,"Dora, AL",31916
28141950200,"Iuka, MS",31915
25025010405,"Fenway/Kenmore, Boston, MA",31915
28121020803,"Brandon, MS",31914
37071032704,"Gastonia, NC",31914
51710006601,"Bel Aire/South Bay View, Norfolk, VA",31913
12027010101,"Arcadia, FL",31913
1079979100,"Hillsboro, AL",31913
48439105201,"Western Hills North, Fort Worth, TX",31912
36047084600,"Kings County, NY",31912
20173003000,"McCormick, Wichita, KS",31912
51650010702,"Willow Oaks, Hampton, VA",31911
13115001300,"Rome, GA",31911
47065010103,"Ooltewah, TN",31911
39045032300,"Lancaster, OH",31911
36005005600,"Bronx County, NY",31909
12053040201,"Brooksville, FL",31909
37097060100,"Statesville, NC",31908
48041001400,"Northgate, College Station, TX",31906
8109977600,"Moffat, CO",31906
1093964200,"Hamilton, AL",31905
6023011500,"Whitethorn, CA",31905
36047023200,"Kings County, NY",31904
5037950400,"Wynne, AR",31904
48215023511,"Edinburg, TX",31903
36067000100,"Lakefront, Syracuse, NY",31903
13305970200,"Jesup, GA",31902
48141000205,"Northeast El Paso, El Paso, TX",31901
1045020801,"Ozark, AL",31901
53077000700,"Yakima, WA",31901
6037554105,"Bellflower, CA",31901
37009970400,"West Jefferson, NC",31901
46037952900,"Waubay, SD",31900
34023005300,"New Brunswick, NJ",31900
4013319706,"South Tempe, Tempe, AZ",31899
48113009803,"Northwest Dallas, Dallas, TX",31898
48479001202,"Siete Viejo, Laredo, TX",31898
53011041111,"Bagley Downs, Vancouver, WA",31896
29131962900,"Eldon, MO",31896
51001090400,"Parksley, VA",31895
12011100501,"Hallandale Beach, FL",31895
55079000800,"Graceland, Milwaukee, WI",31895
48485012700,"Wichita Falls, TX",31895
4013109802,"Maryvale Village, Phoenix, AZ",31894
29153470200,"Tecumseh, MO",31894
45019002605,"West Ashley, Charleston, SC",31892
41051000802,"Creston - Kenilworth, Portland, OR",31891
54009031400,"Wellsburg, WV",31891
26065002800,"Old Everett Neighborhood, Lansing, MI",31891
48245001900,"Beaumont, TX",31891
39035102300,"West Boulevard, Cleveland, OH",31891
37081010602,"Brice Street Area, Greensboro, NC",31890
22009030600,"Bunkie, LA",31890
12083001104,"Belleview, FL",31890
5141460301,"Shirley, AR",31890
48029151302,"Gillette Area, San Antonio, TX",31890
4003000800,"Douglas, AZ",31890
48479000903,"Las Cruces, Laredo, TX",31889
45045003707,"Greenville, SC",31889
24033800209,"Laurel, MD",31888
36057070300,"Amsterdam, NY",31886
12103025308,"Seminole, FL",31886
4013319202,"Tempe, AZ",31886
13047030600,"Rossville, GA",31885
21151011302,"Berea, KY",31885
39095000700,"DeVeaux, Toledo, OH",31885
6073015703,"El Cajon, CA",31884
36005039902,"Bronx County, NY",31883
5085020600,"Scott, AR",31883
55069960200,"Tomahawk, WI",31882
41031960201,"Madras, OR",31879
19101090300,"Fairfield, IA",31879
12101031102,"Beacon Woods Village, Hudson, FL",31878
12055961000,"Sebring, FL",31878
8031003703,"Central, Denver, CO",31877
28003950600,"Corinth, MS",31876
12057005700,"South Tampa, Tampa, FL",31876
28123020200,"Forest, MS",31875
17031824400,"Crestwood, IL",31875
42089300307,"Tobyhanna, PA",31875
47053966500,"Milan, TN",31874
1095030702,"Guntersville, AL",31872
36013030600,"Jamestown, NY",31871
39049009311,"Shady Lane, Columbus, OH",31871
6107003602,"Porterville, CA",31870
39061006100,"Carthage, Cincinnati, OH",31869
5147490100,"McCrory, AR",31869
47037017500,"Radnor, Nashville, TN",31869
6037219901,"Los Angeles, CA",31869
4019003102,"Avondale, Tucson, AZ",31868
22071001739,"Little Woods, New Orleans, LA",31868
27053101800,"Northeast Minneapolis, Minneapolis, MN",31867
21231920200,"Monticello, KY",31867
36061029500,"Inwood, New York, NY",31866
48183010500,"Longview, TX",31865
47143975000,"Spring City, TN",31865
29187950902,"Farmington, MO",31864
26163538200,"Sherwood Forest, Detroit, MI",31864
6019004802,"Fresno, CA",31864
48029161100,"South San Antonio, San Antonio, TX",31863
6067004300,"Meadowview, Sacramento, CA",31863
2020002303,"Sand Lake, Anchorage, AK",31861
51740210300,"Portsmouth, VA",31861
41029002400,"Ashland, OR",31861
5027950200,"Waldo, AR",31860
6075015801,"Fillmore District, San Francisco, CA",31859
1055001200,"Gadsden, AL",31859
12071020502,"North Fort Myers, FL",31858
48127950200,"Carrizo Springs, TX",31858
22017024301,"Shreveport, LA",31857
34005701204,"Burlington, NJ",31857
6019006202,"Sanger, CA",31856
35039000200,"Dixon, NM",31856
6075016300,"Western Addition, San Francisco, CA",31856
48001950500,"Palestine, TX",31855
48181001500,"Sherman, TX",31855
34005704600,"Mount Holly, NJ",31855
37007920500,"Wadesboro, NC",31855
37097061302,"Troutman, NC",31854
37129011607,"Wilmington, NC",31854
37025042300,"Concord, NC",31853
39093070700,"Elyria, OH",31853
35001000127,"Albuquerque, NM",31853
42029302600,"West Chester, PA",31853
27021940001,"Walker, MN",31852
21209040206,"Georgetown, KY",31851
47011011000,"Cleveland, TN",31850
12005002607,"Treasure Island Section One, Panama City, FL",31850
12089050101,"Fernandina Beach, FL",31849
37153970400,"Rockingham, NC",31849
48027022403,"Killeen, TX",31848
45059920400,"Laurens, SC",31847
39161020800,"Van Wert, OH",31847
11001007603,"Southeast Washington, Washington, DC",31846
37023021203,"Connelly Springs, NC",31846
12086008306,"Miami, FL",31845
12127083008,"Hawks Park, Edgewater, FL",31843
26137950500,"Gaylord, MI",31843
6037576301,"Long Beach, CA",31843
51590000200,"Danville, VA",31843
6071008002,"North Redlands, Redlands, CA",31842
4013523102,"Chandler, AZ",31842
12091022500,"Fort Walton Beach, FL",31841
6037218110,"Central LA, Los Angeles, CA",31840
53025010100,"Soap Lake, WA",31840
13089021814,"Gwinnett Village, Atlanta, GA",31839
34007609204,"Sicklerville, NJ",31836
8031004103,"East, Denver, CO",31836
41039003900,"West Eugene, Eugene, OR",31835
34007609202,"Sicklerville, NJ",31835
39105964400,"Middleport, OH",31835
13027960300,"Quitman, GA",31835
6065044805,"Deepwell Estates, Palm Springs, CA",31835
45031011000,"Darlington, SC",31835
48141003901,"El Paso, TX",31835
29195090600,"Marshall, MO",31833
32003003642,"North Las Vegas, NV",31832
21235920100,"Corbin, KY",31832
13105000200,"Elberton, GA",31831
32003002505,"Las Vegas, NV",31830
37019020309,"Oak Island, NC",31830
37111970200,"Nebo, NC",31829
4013422625,"Mesa, AZ",31828
26039960200,"Grayling, MI",31828
12023110901,"Fort White, FL",31827
12105010402,"Cumberland, Lakeland, FL",31827
36047050900,"Kings County, NY",31827
12086010015,"Opa-locka, FL",31827
13069010100,"Broxton, GA",31827
39049008241,"Columbus, OH",31826
29131962800,"Brumley, MO",31826
36029001700,"Babcock, Buffalo, NY",31824
40109106914,"Central Oklahoma City, Oklahoma City, OK",31823
8041000301,"Northeast Colorado Springs, Colorado Springs, CO",31823
17031010300,"Rogers Park, Chicago, IL",31823
18091040400,"Michigan City, IN",31822
47157021747,"Memphis, TN",31821
40119010400,"Stillwater, OK",31821
48029120502,"Near East Side, San Antonio, TX",31821
39027964700,"Wilmington, OH",31820
6073011602,"National City, CA",31820
37051001601,"South View, Hope Mills, NC",31820
37087921200,"Waynesville, NC",31819
21173920302,"Mount Sterling, KY",31819
12087970300,"Key Largo, FL",31818
34013010000,"East Orange, NJ",31817
17167002600,"Harvard Park, Springfield, IL",31816
12081001403,"Palmetto, FL",31815
33019975901,"Claremont, NH",31815
37195001100,"Stantonsburg, NC",31815
29029950500,"Camdenton, MO",31814
13295020901,"LaFayette, GA",31813
4017960600,"Winslow, AZ",31812
41039005000,"Southeast Eugene, Eugene, OR",31812
12009064400,"Oxford Ridge, Melbourne, FL",31811
5069002000,"Pine Bluff, AR",31811
26165380800,"Cadillac, MI",31811
21217920500,"Campbellsville, KY",31811
36081050201,"Queens County, NY",31810
5001480800,"Gillett, AR",31809
6067004702,"Parkway Estates, Sacramento, CA",31809
29115490400,"Brookfield, MO",31808
44007018100,"Woonsocket, RI",31807
45003021900,"Windsor, SC",31806
39099810600,"Struthers, OH",31806
41051003602,"Concordia, Portland, OR",31805
22103040803,"Slidell, LA",31805
51015070100,"Craigsville, VA",31805
28067950100,"Laurel, MS",31805
17095001600,"Maquon, IL",31803
12071050103,"Fort Myers, FL",31803
6083000301,"Oak Park, Santa Barbara, CA",31803
51053840300,"Petersburg, VA",31803
6039000603,"Madera, CA",31802
25001011600,"Dennis Port, Dennis, MA",31802
29127960900,"Hannibal, MO",31801
13229960300,"Blackshear, GA",31800
29209090602,"Reeds Spring, MO",31799
26099245200,"Mount Clemens, MI",31798
39087051002,"Ironton, OH",31798
39155933301,"Mineral Ridge, OH",31798
37021002703,"Weaverville, NC",31797
5095950300,"Holly Grove, AR",31797
12017451700,"Homosassa, FL",31797
1073011901,"Birmingham, AL",31797
48113014114,"Irving, TX",31797
6065041410,"Corona, CA",31795
36005002800,"Bronx County, NY",31795
12005000202,"North Bay Estates Unit One, Southport, FL",31795
35001002500,"West Old Town, Albuquerque, NM",31794
6001402200,"Prescott, Oakland, CA",31793
51710006000,"Norview Heights, Norfolk, VA",31793
51035080200,"Hillsville, VA",31792
28131020100,"Wiggins, MS",31792
37113970301,"Franklin, NC",31792
35001003201,"Sandia Plaza, Albuquerque, NM",31789
48265960402,"Kerrville, TX",31789
34001010105,"Brigantine, NJ",31788
18167001700,"Brittlebank, Terre Haute, IN",31787
40125500301,"Shawnee, OK",31786
49035103000,"Central City, Salt Lake City, UT",31786
33003955400,"Center Conway, Conway, NH",31786
26099263200,"Warren, MI",31785
37101040201,"Middlesex, NC",31785
45025950300,"Mount Croghan, SC",31784
39017013500,"Middletown, OH",31784
29069360400,"Holcomb, MO",31783
36033950800,"Rainbow Lake, NY",31783
11001009604,"Northeast Washington, Washington, DC",31782
48201232000,"Houston, TX",31781
6065040101,"Rubidoux, Riverside, CA",31781
37075920300,"Robbinsville, NC",31780
36005019500,"Bronx County, NY",31780
17145030400,"Du Quoin, IL",31779
42071000500,"Lancaster, PA",31779
47065003400,"Chattanooga, TN",31778
6007000300,"Chico, CA",31778
19113002200,"Taylor, Cedar Rapids, IA",31775
12053041003,"Spring Hill, FL",31774
48201333201,"Southeast Houston, Houston, TX",31774
48113014603,"Irving, TX",31774
48113004300,"West Dallas, Dallas, TX",31774
12069030805,"Tavares, FL",31773
45017950100,"Swansea, SC",31773
37051000900,"Terry Sanford, Fayetteville, NC",31773
22017024303,"Airport, Pines Road, Shreveport, LA",31773
12013010300,"Blountstown, FL",31772
1089001000,"Huntsville, AL",31771
4013422627,"Mesa, AZ",31771
13213010202,"Chatsworth, GA",31770
33007950600,"Berlin, NH",31770
48029171401,"Inner West Side, San Antonio, TX",31769
48141010406,"San Elizario, TX",31769
41041950900,"Newport, OR",31769
37045950400,"Kings Mountain, NC",31769
29077002200,"Webster Park/Shady Dell, Springfield, MO",31768
17031826201,"South Holland, IL",31767
29211480300,"Milan, MO",31767
8105976700,"Monte Vista, CO",31767
47073050501,"Church Hill, TN",31766
12101030411,"Holiday Lake Estates, Holiday, FL",31766
39061021505,"Cincinnati, OH",31765
48073950700,"Jacksonville, TX",31765
39141955700,"South Salem, OH",31765
44007001600,"Silver Lake, Providence, RI",31764
37021001200,"Bear Creek, Asheville, NC",31762
12103025411,"Largo, FL",31762
45007010700,"Pendleton, SC",31762
21003920600,"Adolphus, KY",31762
23029956400,"Addison, ME",31761
25011041400,"Greenfield, MA",31761
48387950500,"Clarksville, TX",31760
45077010403,"Pickens, SC",31760
4013116205,"South Mountain Village, Phoenix, AZ",31760
36047024100,"Kings County, NY",31760
6065042010,"Perris, CA",31759
39061021604,"Cincinnati, OH",31758
26165380300,"Harrietta, MI",31757
48201210400,"Northside, Houston, TX",31757
36005023100,"Bronx County, NY",31757
12111382111,"Port St. Lucie, FL",31756
36047088800,"Kings County, NY",31755
45013002102,"Bluffton, SC",31754
21003920500,"Holland, KY",31754
35053978200,"Magdalena, NM",31753
48215021904,"Alamo, TX",31753
1021060101,"Clanton, AL",31752
17197883000,"Joliet, IL",31751
45057010600,"Lancaster, SC",31751
29029950400,"Camdenton, MO",31751
48245006900,"Port Arthur, TX",31751
12081000901,"Bradenton, FL",31749
13119890102,"Martin, GA",31749
6025012302,"Thermal, CA",31747
12073002508,"Tallahassee, FL",31747
6103001000,"Corning, CA",31746
12071001502,"Fort Myers, FL",31746
37191000902,"Wayne County, NC",31746
12061050808,"Sebastian, FL",31746
48113018141,"Garland, TX",31746
36081033402,"Queens County, NY",31745
1083021100,"Athens, AL",31744
45045003705,"Greenville, SC",31743
37131920402,"Henrico, NC",31743
47133950600,"Crawford, TN",31743
47167040900,"Covington, TN",31742
1015002600,"Ohatchee, AL",31741
28147950200,"Tylertown, MS",31741
47093003801,"Knoxville, TN",31741
5097953200,"Bonnerdale, AR",31740
51077060102,"Galax, VA",31739
13135050434,"Norcross, GA",31739
48201510500,"Greater Heights, Houston, TX",31738
13313000102,"Cohutta, GA",31738
34039031400,"Elizabeth, NJ",31737
4013104701,"North Mountain Village, Phoenix, AZ",31737
6037576901,"Eastside, Long Beach, CA",31736
1081041700,"Opelika, AL",31735
12015020900,"Port Charlotte, FL",31735
48201421202,"Southwest Houston, Houston, TX",31733
12101031902,"Land O Lakes, Land O' Lakes, FL",31733
42021013500,"Johnstown, PA",31732
37035011200,"Newton, NC",31732
6019007802,"Huron, CA",31732
47065011900,"Chattanooga, TN",31732
48453001804,"Highland, Austin, TX",31731
6001410400,"Iveywood, Oakland, CA",31730
36111954800,"Ellenville, NY",31729
17075950900,"Milford, IL",31729
13119890200,"Carnesville, GA",31729
12086009808,"Miami, FL",31729
36061020701,"Upper Manhattan, New York, NY",31728
37159051301,"Salisbury, NC",31728
37039930400,"Murphy, NC",31727
13175950202,"Dublin, GA",31725
6099002402,"Modesto, CA",31725
1097002900,"Brookwood, Mobile, AL",31725
28001000100,"Natchez, MS",31725
27053109400,"Powderhorn, Minneapolis, MN",31724
12097041800,"Kissimmee, FL",31723
13089023211,"Stone Mountain, GA",31723
50019952000,"Glover, VT",31722
34007609000,"Chesilhurst, NJ",31721
12057011706,"Town N Country Alliance, Tampa, FL",31721
5021950300,"Corning, AR",31721
48141000112,"Northeast El Paso, El Paso, TX",31721
12099006907,"Delray Beach, FL",31720
4007000600,"Gila County, AZ",31720
47185935000,"Sparta, TN",31720
35001004741,"Los Volcanes, Albuquerque, NM",31719
6037228320,"South Los Angeles, Los Angeles, CA",31719
53033007402,"Capitol Hill, Seattle, WA",31719
42121200900,"Oil City, PA",31718
6073020028,"San Marcos, CA",31718
36047079000,"Kings County, NY",31717
51143010500,"Chatham, VA",31716
48061012508,"Brownsville, TX",31716
39113100301,"Huber Heights, OH",31716
50005957200,"Lyndonville, Lyndon, VT",31715
6099000803,"Modesto, CA",31715
18035000800,"Carlton-Ludingwood, Muncie, IN",31714
12127083206,"Daytona Beach, FL",31713
12099004500,"Lake Worth, FL",31713
40109107223,"Central Oklahoma City, Oklahoma City, OK",31713
17119402000,"Alton, IL",31712
12133970302,"Chipley, FL",31712
41047000701,"Northeast Salem, Salem, OR",31712
20173000100,"El Pueblo, Wichita, KS",31712
25025070900,"South End, Boston, MA",31712
6107003902,"Porterville, CA",31711
6073019501,"Vista, CA",31711
21031930200,"Morgantown, KY",31710
36055002100,"Maplewood, Rochester, NY",31710
36081094202,"Queens County, NY",31709
22033003501,"Baton Rouge, LA",31708
13209950200,"Ailey, GA",31708
47053966300,"Trenton, TN",31708
24041960300,"Easton, MD",31708
48113016626,"Cedar Hill, TX",31707
6037117405,"North Hills, Los Angeles, CA",31707
36059406802,"Hempstead, NY",31706
4025000605,"Granville, Prescott Valley, AZ",31706
54107010602,"Parkersburg, WV",31706
32003003633,"North Las Vegas, NV",31706
48029150600,"Southside, San Antonio, TX",31705
17119404000,"Granite City, IL",31705
39119911800,"Zanesville, OH",31704
48453002431,"Austin, TX",31704
55078940101,"Keshena, WI",31703
21067000802,"Lexington, KY",31703
34013011700,"East Orange, NJ",31703
36081037600,"Queens County, NY",31702
26081013300,"Urbandale, Wyoming, MI",31702
13059150900,"Athens, GA",31701
21145031000,"Paducah, KY",31701
12009064201,"Loveridge Heights, Melbourne, FL",31700
6037900704,"Lancaster, CA",31700
26033970600,"Brimley, MI",31699
13179010101,"Fort Stewart, GA",31699
6001423500,"South Berkeley, Berkeley, CA",31699
42069100800,"Scranton, PA",31699
13087970100,"Climax, GA",31699
22017021500,"Broadmoor, Anderson Island, Shreve Isle, Shreveport, LA",31698
1121010202,"Lincoln, AL",31698
51183870300,"Waverly, VA",31697
37025041000,"Kannapolis, NC",31697
42079200100,"Wilkes-Barre, PA",31695
39035161700,"Lakewood, OH",31693
13211010100,"Morgan County, GA",31693
17095000600,"Galesburg, IL",31693
44007000900,"Federal Hill, Providence, RI",31693
32003005014,"Las Vegas, NV",31693
45059920101,"Fountain Inn, SC",31692
21111007100,"Saint Joseph, Louisville, KY",31691
39063000900,"Findlay, OH",31691
21173920200,"Mount Sterling, KY",31690
10003010300,"Claymont, DE",31690
34023005601,"New Brunswick, NJ",31689
4013107300,"Alhambra, Phoenix, AZ",31687
48041000603,"Bryan, TX",31685
6107004102,"Porterville, CA",31682
21127930400,"Louisa, KY",31682
22017024104,"Hyde Park, Brookwood, Southern Hills, Shreveport, LA",31682
12095017902,"Apopka, FL",31681
28155950300,"Eupora, MS",31680
5095950200,"Clarendon, AR",31679
55059001600,"Kenosha, WI",31679
22019000800,"Lake Charles, LA",31678
40051000400,"Chickasha, OK",31678
1055011100,"Altoona, AL",31678
6037241300,"Harbor Gateway North, Los Angeles, CA",31677
37031970103,"Gloucester, NC",31677
17031060500,"Wrigleyville, Chicago, IL",31677
37119001603,"Windsor Park, Charlotte, NC",31677
6037273200,"Venice, Los Angeles, CA",31677
4019410501,"Tucson, AZ",31677
23027047000,"Brooks, ME",31676
26025001400,"Battle Creek, MI",31676
39009973200,"Athens, OH",31675
48479001814,"Laredo, TX",31674
24510130805,"Cold Springs, Baltimore, MD",31673
45079011416,"Lake Carolina, Columbia, SC",31672
12127090304,"Fern Park, DeLand, FL",31672
37079950101,"Farmville, NC",31672
12086003918,"North Bay Village, FL",31672
12097042601,"Buena Ventura Lakes, FL",31672
9001071100,"West End - West Side, Bridgeport, CT",31670
48215022004,"Alamo, TX",31669
45017950400,"Cameron, SC",31669
26127011000,"Mears, MI",31669
39049009340,"Columbus, OH",31669
8059011401,"Edgewood, Lakewood, CO",31669
47037010701,"Madison, Nashville, TN",31668
41039005300,"Friendly, Eugene, OR",31668
41015950400,"Harbor, OR",31668
40065968800,"Altus, OK",31667
6013382000,"Panhandle Annex, Richmond, CA",31667
37185950101,"Littleton, NC",31667
45063020906,"Lexington, SC",31667
37001021101,"Graham, NC",31666
34001000500,"Atlantic City, NJ",31666
42095014600,"South Side, Easton, PA",31666
4019003502,"Tucson, AZ",31666
6037910601,"Palmdale, CA",31665
28033071200,"Hernando, MS",31664
18099020500,"Plymouth, IN",31664
33005971700,"Winchester, Winchester, NH",31663
48349970100,"Rice, TX",31663
37017950500,"Bladenboro, NC",31663
48061011600,"San Benito, TX",31662
37119006006,"Pawtuckett, Charlotte, NC",31662
48453002004,"South Lamar, Austin, TX",31661
47009010500,"Maryville, TN",31661
18149954000,"Knox, IN",31660
48265960401,"Kerrville, TX",31660
26125142600,"Pontiac, MI",31660
18097354200,"Mile Square, Indianapolis, IN",31659
48029162003,"Von Ormy, TX",31658
20155000700,"Hutchinson, KS",31656
4013420114,"Mesa, AZ",31656
48491021402,"Georgetown, TX",31656
9003510600,"East Hartford, CT",31656
24005402405,"Gwynn Oak, Baltimore, MD",31654
29143960100,"Sikeston, MO",31652
47119011001,"Mount Pleasant, TN",31652
23007970602,"Weld, ME",31651
53003960500,"Clarkston, WA",31651
2020002400,"Spenard, Anchorage, AK",31650
6037222100,"South Los Angeles, Los Angeles, CA",31650
17031842000,"Bronzeville, Chicago, IL",31649
12057011905,"Tampa, FL",31649
36081029400,"Queens County, NY",31647
37161961000,"Ellenboro, NC",31646
21125971102,"Keavy, KY",31645
6037432802,"El Monte City, El Monte, CA",31645
18163000300,"Evansville, IN",31645
36061016800,"Upper Manhattan, New York, NY",31644
45063021402,"Batesburg-Leesville, SC",31644
42079200500,"Wilkes-Barre, PA",31643
12057013914,"Wimauma, FL",31643
51680000300,"Tate Springs, Lynchburg, VA",31643
12057012501,"Plant City, FL",31642
12101030700,"Colonial Hills, New Port Richey, FL",31642
13067031408,"Austell, GA",31642
13245010101,"Augusta, GA",31642
28001000500,"Natchez, MS",31642
48029161802,"Solana Ridge, San Antonio, TX",31641
37063002016,"Durham, NC",31640
9009165500,"Hamden, CT",31640
42101026100,"North Philadelphia, Philadelphia, PA",31639
32003001613,"Las Vegas, NV",31638
48029192200,"Southside, San Antonio, TX",31638
48189950400,"Plainview, TX",31638
26035000100,"Harrison, MI",31638
10005050406,"Seaford, DE",31638
12057012702,"Plant City, FL",31637
6073015801,"El Cajon, CA",31637
48487950500,"Vernon, TX",31636
39087050700,"Ironton, OH",31636
12099003902,"West Palm Beach, FL",31636
12033003307,"Santa Monica, Pensacola, FL",31636
6019003201,"McLane, Fresno, CA",31635
5125010600,"Benton, AR",31634
1115040300,"Ragland, AL",31634
41039004700,"College Hill, Eugene, OR",31633
6037402801,"Westmont, Pomona, CA",31632
45019004610,"Mount Pleasant, SC",31631
17201003605,"Rockford, IL",31630
6037270100,"Palms, Los Angeles, CA",31629
51710004900,"Downtown, Norfolk, VA",31629
48113015800,"Grand Prairie, TX",31629
51790000600,"Staunton, VA",31629
20133951900,"Chanute, KS",31628
48113016621,"DeSoto, TX",31628
13135050306,"Gwinnett Village, Doraville, GA",31626
4025000700,"Dewey-Humboldt, AZ",31626
48453002413,"Southeast Austin, Austin, TX",31626
35043010503,"Bernalillo, NM",31626
4019004423,"Tucson, AZ",31625
36053940101,"Oneida, NY",31624
48187210300,"Seguin, TX",31623
12017450602,"Crystal River, FL",31623
18067000500,"Kokomo, IN",31622
6037212502,"Central LA, Los Angeles, CA",31622
9001072800,"Reservoir - Whiskey Hill, Bridgeport, CT",31621
48439105513,"Fort Worth, TX",31621
48005000400,"Lufkin, TX",31619
26125162300,"Southfield, MI",31619
32003002996,"Las Vegas, NV",31618
26065002902,"Lansing, MI",31618
12095016407,"Winter Park, FL",31618
4013110701,"Encanto Village, Phoenix, AZ",31617
21165960100,"Frenchburg, KY",31617
6037228500,"South Figueroa Corridor, Los Angeles, CA",31617
45015020807,"Goose Creek, SC",31616
37199960400,"Burnsville, NC",31615
13121001400,"Virginia Highland, Atlanta, GA",31615
16005940000,"Pocatello, ID",31614
12127083007,"Florida Shores, Edgewater, FL",31614
48113019212,"Far North Dallas, Dallas, TX",31614
55079003500,"Capitol Heights, Milwaukee, WI",31613
12105012804,"Haines City, FL",31613
36047093400,"Kings County, NY",31613
6073003902,"Logan Heights, San Diego, CA",31613
6019008302,"Mendota, CA",31611
22087030105,"Saint Bernard, LA",31611
26147626000,"Port Huron, MI",31611
12103023000,"Saint Petersburg, FL",31611
17001000500,"Quincy, IL",31611
36081062000,"Queens County, NY",31610
36007012300,"Harpursville, NY",31610
48061011000,"Harlingen, TX",31608
4013420213,"Mesa, AZ",31607
45081960202,"Saluda, SC",31607
12021010802,"South Naples, Naples, FL",31605
42013010102,"Tyrone, PA",31604
2170000402,"Wasilla, AK",31604
4013422002,"Rotary Park, Mesa, AZ",31604
48099010502,"Fort Hood, TX",31603
12057010402,"Tampa, FL",31603
12101030101,"Hudson, FL",31602
17031825501,"Country Club Hills, IL",31602
2122000900,"Homer, AK",31602
37063002015,"Durham, NC",31602
21111011403,"Louisville, KY",31602
48479000800,"Eastern Division, Laredo, TX",31601
34013010100,"East Orange, NJ",31601
35013000103,"Las Cruces, NM",31601
20099950100,"Parsons, KS",31601
12035060207,"Bunnell, FL",31601
12081001404,"Bradenton, FL",31600
42013100700,"Altoona, PA",31599
39037555102,"Greenville, OH",31598
36005020502,"Bronx County, NY",31596
42121200300,"Franklin, PA",31596
16027021200,"Caldwell, ID",31596
39017012300,"Middletown, OH",31595
12091020700,"Crestview, FL",31594
29021002100,"Saint Joseph, MO",31594
26129950400,"Prescott, MI",31594
6107002800,"Lindsay, CA",31593
34031175301,"Passaic, NJ",31593
12099001908,"West Palm Beach, FL",31593
12041950203,"Trenton, FL",31592
41039003800,"Downtown, Eugene, OR",31592
12095017807,"Apopka, FL",31592
12071040309,"Eisenhower, Lehigh Acres, FL",31591
42101004102,"South Philadelphia, Philadelphia, PA",31591
6073002709,"Chollas Creek, San Diego, CA",31591
35001001102,"Southeast Heights, Albuquerque, NM",31590
18097342500,"Wayne, Indianapolis, IN",31589
12086003003,"Allapattah, Miami, FL",31589
6023000600,"Eureka, CA",31588
53053071703,"South End, Tacoma, WA",31588
17031330200,"Near South Side, Chicago, IL",31586
36047021500,"Kings County, NY",31585
4027010905,"Fortuna Heights, Yuma, AZ",31584
6037401901,"Claremont, CA",31584
18043070801,"New Albany, IN",31584
47131965500,"Union City, TN",31584
12127090804,"Orange City, FL",31583
48201453200,"Alief, Houston, TX",31583
6099002604,"Ceres, CA",31582
13127000404,"Brunswick, GA",31582
48241950200,"Jasper, TX",31582
8031000202,"Northwest, Denver, CO",31581
6001401300,"Pill Hill, Oakland, CA",31581
45051060403,"Conway, SC",31581
36047083600,"Kings County, NY",31580
26071000300,"Iron River, MI",31579
4013109300,"Maryvale Village, Phoenix, AZ",31579
22015010805,"Broadmoor, Anderson Island, Shreve Isle, Shreveport, LA",31579
36081036600,"Queens County, NY",31577
36055006800,"19th Ward, Rochester, NY",31576
12095013701,"Orlando, FL",31576
40109105400,"Central Oklahoma City, Oklahoma City, OK",31575
36005008700,"Bronx County, NY",31575
34015500400,"Paulsboro, NJ",31574
37151030301,"Asheboro, NC",31574
42007601200,"Beaver Falls, PA",31574
4019003400,"Tucson, AZ",31573
29095000300,"Columbus Park, Kansas City, MO",31573
36081036300,"Queens County, NY",31573
6071003000,"Downtown, Fontana, CA",31572
37141920401,"Saint Helena, NC",31571
29095001100,"Quality Hill, Kansas City, MO",31571
37077970400,"Oxford, NC",31570
11001002900,"Northwest Washington, Washington, DC",31570
21207960101,"Russell Springs, KY",31570
37047930500,"Whiteville, NC",31570
36005048400,"Bronx County, NY",31570
24033803612,"Lanham, MD",31569
19193001300,"Sioux City, IA",31568
24045010702,"Salisbury, MD",31568
36047086800,"Kings County, NY",31568
48439113514,"Euless, TX",31568
18097321001,"Guion Lakes, Indianapolis, IN",31567
37147001600,"Greenville, NC",31567
6037228220,"South Los Angeles, Los Angeles, CA",31565
1015002103,"Jacksonville, AL",31565
6001422000,"Southwest Berkeley, Berkeley, CA",31565
48231961000,"Greenville, TX",31564
42095011300,"Bethlehem, PA",31564
26039960400,"Roscommon, MI",31562
36081019800,"Queens County, NY",31562
26081000900,"Creston, Grand Rapids, MI",31561
45027960300,"Alcolu, SC",31561
6037228600,"South Los Angeles, Los Angeles, CA",31561
4025001703,"Sedona, AZ",31560
20175966000,"Liberal, KS",31559
20103070200,"Leavenworth, KS",31558
21193970600,"Hazard, KY",31557
29189212500,"Ferguson, MO",31557
4013110801,"Camelback East Village, Phoenix, AZ",31556
12105016100,"Mulberry, FL",31556
55079000102,"Land Bank, Milwaukee, WI",31556
17167001900,"Vinegar Hill, Springfield, IL",31556
48201330800,"Brunswick Lakes, Houston, TX",31555
6073010009,"San Ysidro, San Diego, CA",31554
12095017901,"Mount Dora, FL",31554
39033974800,"Crestline, OH",31553
51147930201,"Farmville, VA",31553
36061019702,"Harlem, New York, NY",31553
29141470300,"Versailles, MO",31552
12093910402,"Okeechobee, FL",31552
39155931400,"Brookfield Center, OH",31552
48113015600,"Grand Prairie, TX",31552
51137110104,"Locust Grove, VA",31551
22015011200,"Plain Dealing, LA",31551
12011110323,"Miramar, FL",31551
48083950600,"Coleman, TX",31551
13255160500,"Griffin, GA",31551
36047089800,"Kings County, NY",31550
36081035200,"Queens County, NY",31550
39113002400,"Wright View, Dayton, OH",31549
12095014301,"Orlando, FL",31549
47051960100,"Decherd, TN",31549
29077004302,"Springfield, MO",31548
1097006802,"Mobile, AL",31547
39035106800,"Old Brooklyn, Cleveland, OH",31547
45079010412,"Columbia, SC",31546
36059414400,"Freeport, NY",31546
12127082405,"Greenbriar Estates, South Daytona, FL",31546
8101000905,"Belmont, Pueblo, CO",31546
32003005439,"Pittmann, Henderson, NV",31545
18097330700,"Indianapolis, IN",31545
48061010100,"Rio Hondo, TX",31545
36055001000,"East Avenue, Rochester, NY",31545
48141001001,"Military Heights, El Paso, TX",31544
34011030200,"Bridgeton, NJ",31544
28071950100,"Oxford, MS",31544
12103022801,"Disston Heights, Saint Petersburg, FL",31542
6037542601,"Compton, CA",31541
51155210600,"Dublin, VA",31541
51810046221,"Virginia Beach, VA",31540
28095950502,"Aberdeen, MS",31539
26163552100,"Hamtramck, MI",31539
53053071706,"Parkland, WA",31539
48183010700,"Kilgore, TX",31538
34013011800,"East Orange, NJ",31538
46071941200,"Wanblee, SD",31537
36013035700,"Dunkirk, NY",31537
6115040600,"Olivehurst, CA",31536
5143010701,"Fayetteville, AR",31536
9003524700,"South West, Hartford, CT",31536
34031180300,"Paterson, NJ",31536
48061013401,"Brownsville, TX",31536
36005025700,"Bronx County, NY",31533
47065011445,"Shepherd, Chattanooga, TN",31533
36081019400,"Queens County, NY",31531
22079012600,"Alexandria, LA",31531
6053001300,"Salinas, CA",31531
48215020600,"McAllen, TX",31531
11001002101,"Brightwood Park, Washington, DC",31530
31055001900,"Leavenworth Business, Omaha, NE",31530
48201433001,"Chinatown, Houston, TX",31530
31055006303,"North Omaha, Omaha, NE",31529
47019070800,"Johnson City, TN",31528
48439121906,"East Arlington, Arlington, TX",31528
4013112601,"Maryvale Village, Phoenix, AZ",31528
6073003004,"Encanto, San Diego, CA",31527
6067004203,"Southwestern Sacramento, Sacramento, CA",31527
25025090600,"Dudley / Brunswick King, Boston, MA",31525
12037970100,"Carrabelle, FL",31525
32031001701,"Northeast Reno, Reno, NV",31525
22071001748,"New Orleans East Area, New Orleans, LA",31525
49035102701,"Poplar Grove, Salt Lake City, UT",31525
51590000800,"Danville, VA",31524
34025810800,"Freehold, NJ",31524
48439101401,"Meadowbrook, Fort Worth, TX",31522
12103024803,"West Lealman, Saint Petersburg, FL",31521
48029150700,"Southside, San Antonio, TX",31521
6089012101,"Cascade, Anderson, CA",31520
37091950300,"Aulander, NC",31519
24033801702,"Temple Hills, MD",31519
24045000200,"Salisbury, MD",31518
6001423901,"South Berkeley, Berkeley, CA",31517
21087930200,"Greensburg, KY",31517
39035106300,"Old Brooklyn, Cleveland, OH",31517
42107000200,"McAdoo, PA",31517
6007001800,"Paradise, CA",31516
36059413900,"Roosevelt, NY",31515
6013376000,"Iron Triangle, Richmond, CA",31512
21193970800,"Viper, KY",31511
12109021004,"St. Augustine, FL",31511
12081000807,"Bradenton, FL",31510
1073011210,"Center Point, AL",31508
48029151000,"Harlandale, San Antonio, TX",31508
36005015300,"Bronx County, NY",31508
12061050100,"Vero Beach, FL",31508
6073001800,"Mid-City, San Diego, CA",31508
25023510300,"Brockton, MA",31508
37155961302,"Lumberton, NC",31507
41047001701,"East Lancaster, Salem, OR",31507
48189950900,"Abernathy, TX",31507
29207470200,"Puxico, MO",31507
1045020300,"Ozark, AL",31506
12011061100,"Fort Lauderdale, FL",31506
6113010203,"West Sacramento, CA",31503
28113950200,"McComb, MS",31502
29155470500,"Steele, MO",31502
9001070600,"Downtown, Bridgeport, CT",31501
36081062600,"Queens County, NY",31499
45041001503,"Florence, SC",31499
12009064500,"Lakeview Shores, Melbourne, FL",31497
48215023102,"Mercedes, TX",31496
48201530100,"Northwest Houston, Houston, TX",31496
21151010902,"Richmond, KY",31494
36047119400,"Kings County, NY",31493
1019955701,"Cedar Bluff, AL",31493
34025809903,"Monmouth County, NJ",31493
4013116607,"Laveen Village, Phoenix, AZ",31493
34013017100,"Montclair, NJ",31493
50019951400,"Newport, VT",31493
23025966500,"Madison, ME",31492
51510201600,"Old Town West, Alexandria, VA",31492
1015001500,"Eastaboga, AL",31491
32003002207,"Las Vegas, NV",31491
32003000525,"Las Vegas, NV",31490
18117951500,"French Lick, IN",31490
13051004207,"Leeds Gate/Colonial Village, Savannah, GA",31489
48375015000,"Amarillo, TX",31489
12127091019,"Deltona, FL",31487
29019002200,"Columbia, MO",31487
48201330700,"Central Southwest, Houston, TX",31487
6037195901,"Silver Lake, Los Angeles, CA",31485
36047019300,"Kings County, NY",31485
48141003902,"South Loop, El Paso, TX",31485
48029190604,"Central Los Angeles Heights, San Antonio, TX",31483
1073012401,"Birmingham, AL",31483
48479001402,"Canta Ranas, Laredo, TX",31483
39061008201,"College Hill, Cincinnati, OH",31482
35049001102,"Santa Fe, NM",31482
42127960100,"Equinunk, PA",31482
13089023315,"Lithonia, GA",31481
48257050300,"Terrell, TX",31481
40141070300,"Frederick, OK",31481
12115002605,"Englewood, FL",31480
35057963700,"Estancia, NM",31478
31055005800,"North Omaha, Omaha, NE",31475
6023010902,"Carlotta, CA",31475
37083930400,"Roanoke Rapids, NC",31475
39143961500,"Fremont, OH",31474
48141000109,"Northeast El Paso, El Paso, TX",31473
29223690200,"Silva, MO",31473
12031012300,"Northwest, Jacksonville, FL",31472
36047085800,"Kings County, NY",31472
12057010813,"Tampa, FL",31472
1091973000,"Linden, AL",31470
24005404202,"Owings Mills, MD",31470
47061955300,"Tracy City, TN",31470
48455950200,"Trinity, TX",31469
6065043602,"San Jacinto, CA",31469
29055450200,"Steelville, MO",31469
6037603004,"Gardena, CA",31468
1053970500,"Atmore, AL",31468
37119003300,"Sedgefield, Charlotte, NC",31467
45091061602,"York, SC",31467
53063000200,"Whitman, Spokane, WA",31466
45013010500,"Hilton Head Island, SC",31466
20173008700,"La Placita Park, Wichita, KS",31464
18141010100,"Mishawaka, IN",31464
1071950600,"Scottsboro, AL",31464
6067004602,"Sacramento, CA",31463
40075963600,"Mountain View, OK",31463
48355002603,"Bay Area, Corpus Christi, TX",31462
12033003503,"Northeast Pensacola, Pensacola, FL",31462
40005587700,"Atoka, OK",31460
37157040502,"Eden, NC",31460
12071000800,"Fort Myers, FL",31460
12069031305,"Clermont, FL",31460
6019003702,"Fresno, CA",31458
12105012128,"Lakeland, FL",31458
12011110319,"Miramar, FL",31458
24033802502,"Capitol Heights, MD",31457
47155080700,"Pigeon Forge, TN",31457
37097061501,"Mooresville, NC",31456
12011070502,"Hollywood, FL",31456
37071031004,"Gastonia, NC",31456
45065920100,"McCormick, SC",31455
21043960400,"Olive Hill, KY",31455
8041003303,"Southeast Colorado Springs, Colorado Springs, CO",31455
10001042201,"Magnolia, DE",31453
39105964500,"Pomeroy, OH",31453
20209044500,"Quindaro Bluffs, Kansas City, KS",31453
17179020900,"Pekin, IL",31453
47019071000,"Johnson City, TN",31452
26163523300,"Mexicantown - Southwest Detroit, Detroit, MI",31452
5065960300,"Calico Rock, AR",31451
40147000100,"Bartlesville, OK",31450
12086002705,"Edgewater, Miami, FL",31450
13249960100,"Ellaville, GA",31450
4013116608,"Laveen Village, Phoenix, AZ",31449
6065042723,"Hemet, CA",31449
39139000900,"Mansfield, OH",31448
37155961301,"Lumberton, NC",31446
56013940100,"Fort Washakie, WY",31446
4013615300,"Lake Pleasant Mobile Home Estates, Sun City, AZ",31446
36107020702,"Waverly, NY",31445
49057200800,"Ogden, UT",31444
48479001201,"Las Cruces, Laredo, TX",31443
48453001307,"Galindo, Austin, TX",31442
42101025400,"East Mount Airy, Philadelphia, PA",31442
45079010102,"Blythewood, Blythewood, SC",31442
12103025603,"Largo, FL",31441
42019902300,"West End, Butler, PA",31441
47093000100,"Downtown, Knoxville, TN",31441
48279950100,"Olton, TX",31441
37099950700,"Cullowhee, NC",31441
51121020800,"Christiansburg, VA",31440
48029131507,"Northeast Side, San Antonio, TX",31440
47135930200,"Linden, TN",31440
5111490500,"Harrisburg, AR",31440
15001021010,"Pāhoa, HI",31439
39023002701,"Northwood, New Carlisle, OH",31439
26025001300,"Springfield, MI",31438
48215021100,"McAllen, TX",31437
28091950200,"Foxworth, MS",31437
12109020602,"St. Augustine, FL",31436
48061012608,"Brownsville, TX",31436
36081053000,"Queens County, NY",31435
6045010600,"Willits, CA",31435
6029001500,"Bakersfield, CA",31435
48331950402,"Cameron, TX",31435
37091950401,"Ahoskie, NC",31434
26125173500,"Ferndale, MI",31434
12069030405,"Fruitland Park, FL",31433
6083002702,"Lompoc, CA",31433
50009950500,"Lunenburg, VT",31433
37077970702,"Butner, NC",31432
51191010700,"Glade Spring, VA",31431
45063020601,"West Columbia, SC",31431
12105011605,"Polk City, FL",31431
18019050303,"Jeffersonville, IN",31430
12119910500,"Bushnell, FL",31429
12005002604,"North Lagoon Oaks, Panama City Beach, FL",31429
32031001902,"Sparks, NV",31427
17165956100,"Carrier Mills, IL",31427
45019003500,"North Charleston, SC",31427
45089970100,"Lake City, SC",31427
40037020102,"Tulsa, OK",31426
36047032700,"Kings County, NY",31424
6037224600,"South Figueroa Corridor, Los Angeles, CA",31424
15001021902,"Honokaa, HI",31424
12031014311,"Arlington, Jacksonville, FL",31423
53011041005,"Fruit Valley, Vancouver, WA",31422
21079970200,"Lancaster, KY",31420
6037600502,"Inglewood, CA",31419
21079970100,"Lancaster, KY",31418
51105950500,"Jonesville, VA",31418
45003020100,"Monetta, SC",31418
6065046900,"Riverside County, CA",31417
39009973700,"Athens, OH",31417
48355003305,"South Side, Corpus Christi, TX",31417
34039034600,"Linden, NJ",31416
6019004207,"West Fresno, Fresno, CA",31416
45059921002,"Cross Hill, SC",31416
5127950200,"Waldron, AR",31415
13207050102,"Juliette, GA",31415
12029970200,"Old Town, FL",31415
12099006202,"Boynton Beach, FL",31415
13205090200,"Pelham, GA",31414
13089021208,"Chamblee, GA",31414
6065044505,"Thousand Palms, CA",31414
49035102600,"Poplar Grove, Salt Lake City, UT",31414
48315950200,"Jefferson, TX",31414
26047970800,"Petoskey, MI",31413
12103023300,"Euclid Place / St Paul, Saint Petersburg, FL",31411
34031181800,"Paterson, NJ",31410
39061025500,"Cincinnati, OH",31410
39033974500,"Bucyrus, OH",31410
12101033009,"Zephyrhills, FL",31409
48141003502,"Rosedale Farms, El Paso, TX",31409
26065006500,"Eastside, Lansing, MI",31409
45055970602,"Cassatt, SC",31408
6037217100,"Central LA, Los Angeles, CA",31408
48479000700,"El Trece, Laredo, TX",31407
44007002102,"Mount Pleasant, Providence, RI",31406
24033803900,"Hyattsville, MD",31406
37119005906,"Dixie - Berryhill, Charlotte, NC",31404
48215024112,"Mission, TX",31404
1097003202,"Greenwich Hills, Mobile, AL",31403
12086003911,"North Beach, Miami Beach, FL",31403
6067006900,"North Sacramento, Sacramento, CA",31403
47093006502,"Mascot, TN",31401
48355001601,"Central City, Corpus Christi, TX",31401
29225470302,"Marshfield, MO",31401
36029005600,"Military, Buffalo, NY",31400
48441011700,"Sayles Blvd. Area, Abilene, TX",31400
48061013902,"Southmost, Brownsville, TX",31400
36005040501,"Bronx County, NY",31400
36005026900,"Bronx County, NY",31399
42049001600,"Erie, PA",31399
17161024500,"Rock Island, IL",31399
37025040701,"Kannapolis, NC",31398
12053040102,"Ridge Manor, FL",31398
13245010509,"Augusta, GA",31398
34029715302,"Lakewood, Lakewood Township, NJ",31397
36047115000,"Kings County, NY",31397
6115040302,"Marysville, CA",31396
22101040400,"Morgan City, LA",31395
17199021100,"Marion, IL",31395
36023970900,"Cortland, NY",31394
20045000400,"Lawrence, KS",31393
32031000101,"Reno, NV",31393
6073013205,"Chula Vista, CA",31392
9001073900,"East Side, Bridgeport, CT",31392
36005034800,"Bronx County, NY",31392
6087100400,"Santa Cruz, CA",31390
26047970200,"Alanson, MI",31388
24005401102,"Gwynn Oak, Woodlawn, MD",31388
48113006200,"Oak Cliff, Dallas, TX",31387
51590001301,"Danville, VA",31386
22073010604,"Monroe, LA",31386
18019050504,"Clarksville, IN",31385
36057070900,"Amsterdam, NY",31385
12011060128,"Tamarac, FL",31384
36101960800,"Hornell, NY",31384
36081040000,"Queens County, NY",31384
13217100501,"Covington, GA",31383
34013006400,"University Heights, Newark, NJ",31381
39155931900,"Youngstown, OH",31380
11001002002,"16th Street Heights, Washington, DC",31380
29095015300,"Westside South, Kansas City, MO",31380
37125950402,"Carthage, NC",31380
26097950400,"Saint Ignace, MI",31379
48201533600,"Charleston Gardens, Houston, TX",31379
48355002002,"Central City, Corpus Christi, TX",31379
48029141000,"East Side, San Antonio, TX",31378
26025001100,"Battle Creek, MI",31378
13121009402,"Buckhead, Atlanta, GA",31378
1013953300,"Greenville, AL",31378
48029190503,"Alta Vista, San Antonio, TX",31378
48113009610,"Northwest Dallas, Dallas, TX",31377
24033802501,"Suitland, Suitland-Silver Hill, MD",31377
34029731205,"Holiday City South, Toms River, NJ",31375
21151011200,"Berea, KY",31375
36047043500,"Kings County, NY",31375
17031222500,"Logan Square, Chicago, IL",31374
17115001900,"Decatur, IL",31374
6071004302,"Carvedale, San Bernardino, CA",31374
26165380600,"Cadillac, MI",31371
25025091300,"Dorchester, Boston, MA",31371
48439111202,"Everman, TX",31370
21107971100,"Dawson Springs, KY",31370
36047079601,"Kings County, NY",31370
6017030301,"South Lake Tahoe, CA",31370
34031175900,"Passaic, NJ",31369
53009000800,"Port Angeles, WA",31369
35001004712,"Westgate Heights, Albuquerque, NM",31369
36047035100,"Kings County, NY",31367
12083002604,"Dunnellon, FL",31367
51117930200,"South Hill, VA",31367
37001020100,"Burlington, NC",31366
29009960600,"Golden, MO",31366
48061013600,"Brownsville, TX",31365
40109107810,"Del City, OK",31364
17113001303,"Bloomington, IL",31363
5003960200,"Hamburg, AR",31363
18169102600,"Wabash, IN",31362
42011000800,"Reading, PA",31362
5005950600,"Mountain Home, AR",31361
10003000400,"Triangle Neighborhood, Wilmington, DE",31360
16053970400,"Jerome, ID",31359
48113015900,"Grand Prairie, TX",31358
48061012800,"Brownsville, TX",31358
13135050105,"Buford, GA",31357
48157670602,"Southwest Houston, Missouri City, TX",31357
6037125320,"North Hollywood, Los Angeles, CA",31356
37107010600,"Kinston, NC",31356
48027021602,"Belton, TX",31355
2170000501,"Big Lake, AK",31354
48061011902,"La Feria, TX",31353
37119003108,"Starmount Forest, Charlotte, NC",31353
36047088600,"Kings County, NY",31353
40135030202,"Vian, OK",31352
24041960400,"Easton, MD",31352
29035960200,"Van Buren, MO",31352
6037212501,"Central LA, Los Angeles, CA",31351
12103026819,"Clearwater, FL",31351
39017011123,"Butler County, OH",31351
21199930200,"Science Hill, KY",31351
12031000600,"Southside, Jacksonville, FL",31349
1005950800,"Eufaula, AL",31348
13013180502,"Bethlehem, GA",31348
6039000602,"Madera, CA",31347
48207950300,"Haskell, TX",31347
48113000800,"Old East Dallas, Dallas, TX",31347
36047081000,"Kings County, NY",31347
35013001801,"Mesquite, NM",31347
25011041300,"Greenfield, MA",31347
12011060124,"Inverrary, Lauderhill, FL",31345
22101041500,"Franklin, LA",31345
26033970500,"Sault Ste. Marie, MI",31344
4019003003,"Tucson, AZ",31344
13217100502,"Covington, GA",31344
13189950400,"Thomson, GA",31343
36061027900,"Fort George, New York, NY",31343
8071000100,"Trinidad, CO",31342
35005000202,"Roswell, NM",31342
12095016712,"Orlando, FL",31342
37189920702,"Watauga County, NC",31341
12127090303,"DeLand, FL",31340
12011050208,"North Fort Lauderdale, Fort Lauderdale, FL",31340
12101031013,"Regency Park, Port Richey, FL",31340
36081051600,"Queens County, NY",31339
4019004424,"Tucson, AZ",31339
39097040700,"London, OH",31339
12107950100,"Palatka, FL",31338
28049000400,"Fondren, Jackson, MS",31338
51117930700,"Clarksville, VA",31338
45063020804,"Gaston, SC",31338
12015010100,"Punta Gorda, FL",31336
48439106502,"Meadowbrook, Fort Worth, TX",31336
8031000903,"Barnum, Denver, CO",31336
36109001100,"Ithaca, NY",31335
47163041100,"Kingsport, TN",31335
48215020101,"Mission, TX",31335
8031000701,"West, Denver, CO",31335
26125171200,"Oak Park, MI",31334
13135050318,"Norcross, GA",31334
39077916000,"Bellevue, OH",31332
17031510200,"South Side, Chicago, IL",31332
48439121702,"East Arlington, Arlington, TX",31332
1093964700,"Winfield, AL",31329
11001009400,"Northeast Washington, Washington, DC",31329
36007000200,"Binghamton, NY",31329
18177010800,"Centerville, IN",31329
13115000900,"Rome, GA",31329
36047031900,"Kings County, NY",31329
6067004201,"Meadowview, Sacramento, CA",31329
13029920301,"Richmond Hill, GA",31328
31079000200,"Grand Island, NE",31328
12095015104,"Orlando, FL",31328
36047114400,"Kings County, NY",31328
12035060205,"Palm Coast, FL",31327
37085071102,"Lillington, NC",31327
12031016601,"Southpoint, Jacksonville, FL",31327
6071010014,"Hesperia, CA",31326
48479001817,"Laredo, TX",31325
54083966500,"Huttonsville, WV",31325
12053040602,"Brooksville, FL",31325
27123031600,"Payne - Phalen, Saint Paul, MN",31325
39153510500,"Barberton, OH",31324
6065044509,"Desert Hot Springs, CA",31324
21111011200,"Bashford Manor, Louisville, KY",31322
8009964700,"Springfield, CO",31322
42003551200,"McKeesport, PA",31321
36081052600,"Queens County, NY",31320
19163011200,"5 Points, Davenport, IA",31320
48029161302,"Southside, San Antonio, TX",31320
33005971300,"Keene, NH",31319
24005401507,"Windsor Mill, Baltimore, MD",31319
32003004401,"North Las Vegas, NV",31319
6071001600,"Ontario, CA",31318
12086009804,"North Miami Beach, FL",31318
48253020400,"Stamford, TX",31317
24033802804,"Capitol Heights, MD",31317
34035053300,"Somerset, Franklin Township, NJ",31317
5067480300,"Newport, AR",31317
51083930201,"Nathalie, VA",31316
12091021801,"Fort Walton Beach, FL",31316
34013009000,"Seventh Avenue, Newark, NJ",31316
25025101102,"Mattapan, Boston, MA",31316
39095004702,"East Toledo, Toledo, OH",31315
22051028200,"Bridge City, LA",31315
5143011300,"Fayetteville, AR",31315
12115002603,"Englewood, FL",31315
13151070108,"Ellenwood, GA",31313
35045000503,"Farmington, NM",31312
8123000100,"Greeley, CO",31312
48113017201,"Balch Springs, TX",31312
41071030801,"McMinnville, OR",31312
11001007807,"Northeast Washington, Washington, DC",31311
12011110342,"Miramar, FL",31311
12115002402,"Venice, FL",31310
42101003702,"South Philadelphia, Philadelphia, PA",31310
37179020602,"Monroe, NC",31310
25013800202,"East Springfield, Springfield, MA",31310
6071005300,"San Bernardino, CA",31308
48113010701,"Oak Cliff, Dallas, TX",31308
39153505800,"Kenmore, Akron, OH",31307
45045003301,"Piedmont, SC",31307
48201330400,"Southwest Houston, Houston, TX",31306
6039000502,"Madera, CA",31305
12099008101,"Belle Glade, FL",31303
4021000308,"Apache Junction, AZ",31301
1097005200,"Chickasaw, AL",31301
55073000100,"Wausau, WI",31301
37133000202,"Jacksonville, NC",31300
36005021800,"Bronx County, NY",31300
37119001918,"North Sharon Amity, Charlotte, NC",31299
26053950600,"Ironwood, MI",31296
6107004400,"Earlimart, CA",31296
51143010801,"Blairs, VA",31296
39091004400,"Bellefontaine, OH",31295
13111050500,"Morganton, GA",31294
54099020800,"Fort Gay, WV",31294
28161950200,"Water Valley, MS",31294
28059041400,"Moss Point, MS",31293
12127090101,"Pierson, FL",31293
6037218220,"Central LA, Los Angeles, CA",31293
39035185201,"South Euclid, OH",31292
54059957400,"Williamson, WV",31291
48061012304,"Port Isabel, TX",31291
41051003200,"Northeast Portland, Portland, OR",31291
48297950200,"George West, TX",31291
48113010801,"Oak Cliff, Dallas, TX",31289
6037221302,"Central LA, Los Angeles, CA",31288
37125951100,"Aberdeen, NC",31288
12103024514,"Clearwater, FL",31288
12101031207,"Hudson, FL",31288
42003040400,"North Oakland, Pittsburgh, PA",31287
42107002800,"Coaldale, PA",31287
47189030402,"Lebanon, TN",31285
6019003102,"Clovis, CA",31285
6031001402,"Corcoran, CA",31284
6037219300,"Jefferson, Los Angeles, CA",31284
4013093200,"Peoria, AZ",31284
26159010400,"South Haven, MI",31283
36081019200,"Queens County, NY",31283
17031825505,"Country Club Hills, IL",31283
12031014401,"Southside, Jacksonville, FL",31281
39093070902,"West End, Elyria, OH",31279
12031013721,"Westside, Jacksonville, FL",31279
21015070301,"Florence, KY",31278
36067000800,"Northside, Syracuse, NY",31278
17195001700,"Rock Falls, IL",31278
55079000101,"Northridge, Milwaukee, WI",31277
6067004202,"Southwestern Sacramento, Sacramento, CA",31276
32003006700,"Las Vegas, NV",31274
48215023700,"Edinburg, TX",31273
35001000604,"La Mesa, Albuquerque, NM",31272
48029181303,"Northwest Side, San Antonio, TX",31272
39081011900,"Mingo Junction, OH",31271
12099004011,"West Palm Beach, FL",31271
25025091600,"Dorchester, Boston, MA",31271
1033020600,"Tuscumbia, AL",31271
6007001000,"Chico, CA",31271
40075964200,"Roosevelt, OK",31270
48029121402,"Northeast Side, San Antonio, TX",31269
40109104500,"Central Oklahoma City, Oklahoma City, OK",31269
48113009202,"Pleasant Grove, Dallas, TX",31268
6037239202,"South Los Angeles, Los Angeles, CA",31266
36047080200,"Kings County, NY",31266
29093950200,"Arcadia, MO",31266
22029000300,"Ferriday, LA",31266
5111490600,"Weiner, AR",31266
39017014700,"Hamilton, OH",31265
13277960800,"Tifton, GA",31265
12103026701,"Sunset Lake Estates, Clearwater, FL",31264
6037460900,"North Central, Pasadena, CA",31264
48147950401,"Trenton, TX",31264
1121011600,"Sylacauga, AL",31264
4025000900,"Prescott, AZ",31263
39071954800,"Hillsboro, OH",31262
26119910500,"Lewiston, MI",31261
12031002101,"Northwest, Jacksonville, FL",31261
6073007502,"Ocean Beach, San Diego, CA",31260
21111011404,"Newburg, Louisville, KY",31260
48027022502,"Killeen, TX",31259
20209042200,"Kensington, Kansas City, KS",31259
37033930200,"Blanch, NC",31259
32003003631,"North Las Vegas, NV",31258
48141010407,"San Elizario, TX",31258
48029181005,"Northwest Side, San Antonio, TX",31257
32031002614,"North Valleys, Reno, NV",31256
30053000400,"Eureka, MT",31256
36047018100,"Kings County, NY",31255
21067000500,"Eastside, Lexington, KY",31254
45045003005,"Simpsonville, SC",31252
41035970100,"Gilchrist, OR",31252
5141460100,"Clinton, AR",31252
39017010500,"Hamilton, OH",31252
51025930300,"White Plains, VA",31252
1073010900,"Birmingham, AL",31251
39095001302,"Ottawa, Toledo, OH",31250
12063210400,"Cottondale, FL",31250
54003971700,"Martinsburg, WV",31249
48273020200,"Kingsville, TX",31248
48303010600,"Slaton, TX",31247
6065044931,"Cathedral City, CA",31247
51540000302,"Charlottesville, VA",31247
13089023316,"Lithonia, GA",31247
36005024000,"Bronx County, NY",31246
26125175300,"Hazel Park, MI",31245
40047000100,"Enid, OK",31244
12057002500,"Northwest Tampa, Tampa, FL",31244
13247060305,"Conyers, GA",31244
18017951200,"Logansport, IN",31244
6065042902,"Perris, CA",31243
4003000100,"Willcox, AZ",31243
33011001500,"Kalivas Union, Manchester, NH",31242
6037120103,"Los Angeles County, CA",31241
37019020305,"Southport, NC",31241
45019002502,"Hollywood, SC",31238
34013002202,"Upper Vailsburg, Newark, NJ",31236
51830370100,"Williamsburg, VA",31235
30089940300,"Hot Springs, MT",31234
12117020903,"Sanford, FL",31234
53063000300,"Whitman, Spokane, WA",31234
39093071201,"Eastern Heights, Elyria, OH",31233
36055008701,"United Neighbors Together, Rochester, NY",31233
12103028200,"Gulfport, FL",31232
37119001910,"Idlewild Farms, Charlotte, NC",31231
12105015000,"Bartow, FL",31231
36081039400,"Queens County, NY",31231
48029151500,"Southside, San Antonio, TX",31230
47047060702,"Rossville, TN",31230
39049007722,"North Linden, Columbus, OH",31229
10005050703,"Millsboro, DE",31227
37119006215,"Huntersville, NC",31227
39109315300,"Piqua, OH",31225
45071950300,"Whitmire, SC",31225
20177002100,"Central Topeka 1, Topeka, KS",31225
40125500302,"Shawnee, OK",31224
12057013806,"Riverview, FL",31224
8041002102,"Southeast Colorado Springs, Colorado Springs, CO",31224
9007541600,"Middletown, CT",31224
13125010100,"Gibson, GA",31223
28037950200,"Roxie, MS",31222
6071006500,"San Bernardino International Airport, San Bernardino, CA",31221
28149950100,"Vicksburg, MS",31220
1051031300,"Millbrook, AL",31220
48453001819,"North Austin, Austin, TX",31219
6037243000,"South Los Angeles, Los Angeles, CA",31219
36061022500,"Harlem, New York, NY",31218
39147962800,"Fostoria, OH",31218
47017962300,"Trezevant, TN",31217
47093003802,"Knoxville, TN",31217
17177001300,"Freeport, IL",31216
48257051000,"Kaufman, TX",31215
53063002100,"Northwest Spokane, Spokane, WA",31214
37149920304,"Tryon, NC",31214
1081041300,"Opelika, AL",31213
45051051302,"Murrells Inlet, SC",31213
6071005701,"Carousel, San Bernardino, CA",31213
6065042800,"Perris, CA",31212
48037011502,"New Boston, TX",31212
21111003800,"Wyandotte, Louisville, KY",31211
37051002700,"Cape Fear, Fayetteville, NC",31211
4013319300,"Escalante, Tempe, AZ",31210
48113001002,"Knox / Henderson, Dallas, TX",31209
51810045415,"Virginia Beach, VA",31209
13291000204,"Blairsville, GA",31209
27053008300,"Central, Minneapolis, MN",31208
39133600603,"Windham, OH",31207
40123088900,"Ada, OK",31206
47025970300,"Cumberland Gap, TN",31206
39071954900,"Hillsboro, OH",31206
39099803000,"Belle Vista, Youngstown, OH",31206
12103025004,"Pinellas Park, FL",31206
21171930200,"Gamaliel, KY",31205
45013002107,"Bluffton, SC",31205
28089030302,"Flora, MS",31205
37051002504,"Pine Forest, Fayetteville, NC",31204
40109105905,"Central Oklahoma City, Oklahoma City, OK",31204
13095000600,"Albany, GA",31203
9001071000,"West End - West Side, Bridgeport, CT",31202
36007000400,"Binghamton, NY",31202
48355001904,"Central City, Corpus Christi, TX",31202
12015021003,"Port Charlotte, FL",31202
12069031205,"Groveland, FL",31202
12103025408,"Largo, FL",31201
1053969800,"Brewton, AL",31198
36065020803,"Utica, NY",31198
6037219700,"Jefferson, Los Angeles, CA",31198
29189210400,"St. Louis, MO",31197
17031530100,"South Side, Chicago, IL",31197
12009071336,"Palm Bay, FL",31196
8069000503,"Fort Collins, CO",31196
17031243300,"West Town, Chicago, IL",31196
4013116500,"South Mountain Village, Phoenix, AZ",31195
21237930100,"Campton, KY",31195
12101031007,"Forest Lake Estates, Port Richey, FL",31194
37051002502,"Fayetteville, NC",31194
12115002508,"Venice, FL",31194
48029121508,"Northeast Side, San Antonio, TX",31194
26017286600,"Bay City, MI",31194
37027031403,"Granite Falls, NC",31193
37099950600,"Cullowhee, NC",31192
53027001200,"Aberdeen, WA",31192
29213480401,"Forsyth, MO",31192
12069030209,"Eustis, FL",31192
36059304204,"Westbury, NY",31192
36085031901,"Richmond County, NY",31191
48453002005,"South Lamar, Austin, TX",31191
18017951400,"Logansport, IN",31190
12119911400,"Wildwood, FL",31190
36047041500,"Kings County, NY",31190
46103010300,"Rapid City, SD",31189
13063040621,"Hampton, GA",31189
48061010402,"Harlingen, TX",31189
1111000100,"Wedowee, AL",31189
6089012500,"Shasta County, CA",31188
12101031301,"Paradise Pointe West, New Port Richey, FL",31188
36081027000,"Queens County, NY",31188
8031000702,"West, Denver, CO",31188
6037269904,"Palms, Los Angeles, CA",31187
12131950101,"DeFuniak Springs, FL",31187
47047060600,"Moscow, TN",31187
26163545800,"Warrendale, Detroit, MI",31187
36005040302,"Bronx County, NY",31186
6037402803,"Westmont, Pomona, CA",31186
28091950500,"Columbia, MS",31186
6073019502,"Vista, CA",31185
12099001907,"West Palm Beach, FL",31185
35001004603,"Adobe Acres, Albuquerque, NM",31184
25025060600,"D Street / West Broadway, Boston, MA",31184
23029955100,"Talmadge, ME",31184
51195931000,"Norton, VA",31183
37031970102,"Beaufort, NC",31183
40037021300,"Sapulpa, OK",31182
39047926300,"Washington Court House, OH",31182
22035000200,"Transylvania, LA",31181
51195931200,"Big Stone Gap, VA",31180
42045402100,"Lansdowne, PA",31180
21111011301,"Watterson Park, KY",31179
37119003109,"Starmount Forest, Charlotte, NC",31179
32031002212,"Reno, NV",31178
12009071338,"Palm Bay, FL",31177
6019004701,"Fresno, CA",31177
39035160700,"Lakewood, OH",31177
37183054008,"Northeast Raleigh, Raleigh, NC",31177
28139950300,"Ripley, MS",31176
4013116613,"South Mountain Village, Phoenix, AZ",31174
53053072907,"Joint Base Lewis-McChord, WA",31174
1123961900,"Daviston, AL",31174
22051025900,"Gretna, LA",31173
48113013623,"Far North Dallas, Dallas, TX",31173
5075470100,"Walnut Ridge, AR",31172
13171970200,"Barnesville, GA",31171
11001004201,"Northwest Washington, Washington, DC",31170
12127080300,"Ormond By The Sea, Ormond Beach, FL",31170
40097040700,"Strang, OK",31168
12086000109,"North Miami Beach, FL",31168
47177930600,"McMinnville, TN",31168
48141010335,"El Paso, TX",31168
23027042000,"Stockton Springs, ME",31168
29510101500,"Patch, St. Louis, MO",31167
22099020600,"Saint Martinville, LA",31167
31055002900,"Indian Hills South, Omaha, NE",31165
42003262000,"Spring Hill City View, Pittsburgh, PA",31164
51001090700,"Melfa, VA",31164
48439122002,"East Arlington, Arlington, TX",31164
11001002102,"Northwest Washington, Washington, DC",31162
37047930200,"Bolton, NC",31161
48141000111,"Northeast El Paso, El Paso, TX",31160
12001001517,"Gainesville, FL",31160
25013812001,"Holyoke, MA",31160
5085020700,"England, AR",31160
21195930300,"Pikeville, KY",31159
21019030500,"Ashland, KY",31159
37103920300,"Kinston, NC",31159
47105060201,"Lenoir City, TN",31159
18053010400,"Jonesboro, IN",31158
34031175500,"Passaic, NJ",31158
13059150700,"Athens, GA",31158
12009062108,"Port Saint John, FL",31157
6089010900,"Enterprise, Redding, CA",31157
24001000700,"Cumberland, MD",31157
12103026804,"Clearwater, FL",31157
42081000900,"Williamsport, PA",31156
40121485800,"Indianola, OK",31156
34039039700,"Plainfield, NJ",31156
21145030700,"Paducah, KY",31156
42101027200,"North Philadelphia, Philadelphia, PA",31155
48099010300,"Gatesville, TX",31155
47079969000,"Buchanan, TN",31154
4013522904,"Galveston Neighborhood, Chandler, AZ",31153
21127930500,"Louisa, KY",31153
11001002202,"Northwest Washington, Washington, DC",31152
4019004313,"Tucson, AZ",31152
13111050400,"Blue Ridge, GA",31152
48005000600,"Lufkin, TX",31152
8059011402,"Edgewood, Lakewood, CO",31150
36081053500,"Queens County, NY",31149
55079000400,"Timmerman West, Milwaukee, WI",31149
41041951800,"Toledo, OR",31149
39161020700,"Van Wert, OH",31149
34013012400,"Irvington, NJ",31149
39113080500,"Dayton, OH",31148
39049000310,"North Linden, Columbus, OH",31146
48215020501,"McAllen, TX",31146
6037218500,"Central LA, Los Angeles, CA",31144
42077002202,"Allentown, PA",31143
48423000800,"Tyler, TX",31141
35001004740,"Encanto Village Hoa, Albuquerque, NM",31141
37183052806,"Southeast Raleigh, Raleigh, NC",31141
36077591100,"Oneonta, NY",31140
40041976200,"Colcord, OK",31139
29109470601,"Aurora, MO",31139
48029161801,"Southside, San Antonio, TX",31139
4019004421,"Tucson, AZ",31139
54039010300,"Dunbar, WV",31138
45041000400,"Florence, SC",31138
26075000400,"Jackson, MI",31136
37115010100,"Marshall, NC",31136
41039002102,"Springfield, OR",31135
51700032113,"Central Newport News, Newport News, VA",31135
47157021752,"Memphis, TN",31135
25025091500,"Dorchester, Boston, MA",31134
4013060801,"Surprise Original Townsite, Surprise, AZ",31133
34007602503,"Pennsauken Township, NJ",31132
39063000600,"Findlay, OH",31132
48113016619,"DeSoto, TX",31131
4013093106,"Glendale, AZ",31131
13229960200,"Mershon, GA",31129
40021977600,"Tahlequah, OK",31128
36005024100,"Bronx County, NY",31128
48085031900,"Original Donation, Plano, TX",31128
39087050200,"Ironton, OH",31128
5119003208,"North Little Rock, AR",31128
32003006203,"Las Vegas, NV",31128
28071950302,"Oxford, MS",31127
48469000201,"Victoria, TX",31127
12057004700,"Northwest Tampa, Tampa, FL",31127
29213480501,"Ridgedale, MO",31127
6071004900,"San Bernardino, CA",31127
17115001700,"Decatur, IL",31126
5123960300,"Palestine, AR",31125
18091041400,"Michigan City, IN",31125
45043920700,"Georgetown, SC",31124
10003015802,"New Castle, DE",31124
13001950400,"Surrency, GA",31124
55079003700,"Grasslyn Manor, Milwaukee, WI",31124
35035000304,"Alamogordo, NM",31123
12059960300,"Bonifay, FL",31122
25023510800,"Brockton, MA",31122
25013801501,"Pine Point, Springfield, MA",31122
23019006200,"Orono, ME",31122
36005038500,"Bronx County, NY",31121
27053008400,"Powderhorn, Minneapolis, MN",31121
4019002506,"Midvale Park, Tucson, AZ",31121
5011950500,"Hermitage, AR",31120
37021000800,"Kenilworth, Asheville, NC",31119
25025100300,"West Codman Hill / West Lower Mills, Boston, MA",31118
12105015702,"Frostproof, FL",31118
12127090803,"Orange City, FL",31118
48113012207,"Buckner Terrace / Everglade Park, Dallas, TX",31118
27005940000,"Ogema, MN",31117
48453002403,"South Austin, Austin, TX",31117
6037540400,"South Los Angeles, Los Angeles, CA",31116
13285960502,"LaGrange, GA",31116
39023001700,"Springfield, OH",31116
12127081101,"Ortona Park, Daytona Beach, FL",31115
48463950100,"Sabinal, TX",31115
12031014202,"Beaches, Jacksonville Beach, FL",31115
32023960402,"Pahrump, NV",31114
25027757200,"Southbridge, MA",31114
1003010904,"Robertsdale, AL",31112
18105000501,"Bloomington, IN",31110
17031828503,"Sauk Village, IL",31109
13051004208,"Wilshire Estates, Savannah, GA",31108
48215022501,"Weslaco, TX",31108
48201334100,"Southwest Houston, Houston, TX",31107
13019970500,"Nashville, GA",31106
48507950302,"Crystal City, TX",31105
13089022004,"Stone Mountain, GA",31104
9001073800,"East Side, Bridgeport, CT",31104
13247060309,"Conyers, GA",31103
17031010600,"Rogers Park, Chicago, IL",31103
37085071201,"Linden, NC",31103
4013109102,"Alhambra, Phoenix, AZ",31103
4013092705,"Glendale, AZ",31101
12031015300,"Arlington, Jacksonville, FL",31101
1127021400,"Parrish, AL",31099
48201240100,"Greater Greenspoint, Houston, TX",31097
37049961302,"Havelock, NC",31097
4013092802,"Glendale, AZ",31096
48217960200,"Blum, TX",31096
48141010220,"Canutillo, TX",31095
4015951402,"Bullhead City, AZ",31094
48355003001,"Flour Bluff, Corpus Christi, TX",31093
13123080400,"Ellijay, GA",31093
42101026200,"North Philadelphia, Philadelphia, PA",31092
13025960100,"Brantley County, GA",31092
53071920500,"Walla Walla, WA",31092
26143970700,"Houghton Lake, MI",31092
51810045807,"Virginia Beach, VA",31092
6019002903,"Roosevelt, Fresno, CA",31092
1067030200,"Abbeville, AL",31091
12033002804,"Pensacola, FL",31091
36061026100,"Upper Manhattan, New York, NY",31090
6071004404,"Terrace, San Bernardino, CA",31090
47093005502,"Knoxville, TN",31090
29179380200,"Ellington, MO",31089
24033804802,"Mount Rainier, MD",31089
6065043001,"Lake Elsinore, CA",31089
47073050900,"Bulls Gap, TN",31089
54053955102,"Ashton, WV",31088
12057011003,"Lutz, FL",31088
51181860100,"Surry, VA",31086
6037128210,"Van Nuys, Los Angeles, CA",31085
40109107002,"Central Oklahoma City, Oklahoma City, OK",31084
21151010101,"Richmond, KY",31083
13197920200,"Buena Vista, GA",31083
36005023501,"Bronx County, NY",31083
45007011402,"Belton, SC",31083
51680000802,"Perrymont, Lynchburg, VA",31083
40125500400,"Shawnee, OK",31082
26143970600,"Roscommon, MI",31082
36005005902,"Bronx County, NY",31081
37073970300,"Eure, NC",31079
12105012001,"Lakeland, FL",31079
11001004300,"Northwest Washington, Washington, DC",31079
28033071120,"Hernando, MS",31078
35001002401,"West Mesa, Albuquerque, NM",31078
29161890700,"Rolla, MO",31078
13237960101,"Eatonton, GA",31078
34013008700,"Mount Pleasant/Lower Broadway, Newark, NJ",31077
48041001605,"Pecan Tree - McCullough, College Station, TX",31077
12073002702,"Tallahassee, FL",31076
25009251000,"Lawrence, MA",31075
45089970300,"Hemingway, SC",31075
21057950200,"Burkesville, KY",31075
37035011300,"Newton, NC",31074
37119005403,"Nevin Community, Charlotte, NC",31074
13163960100,"Wrens, GA",31074
37023020302,"Morganton, NC",31073
40109107704,"Midwest City, OK",31072
6083001206,"Santa Barbara, CA",31071
26163542800,"Grandmont #1, Detroit, MI",31071
12009060101,"Mims, FL",31071
29189215600,"Olivette, MO",31070
12057002800,"Northwest Tampa, Tampa, FL",31070
17029000500,"Charleston, IL",31070
32003004714,"Las Vegas, NV",31069
37119002100,"Cotswold, Charlotte, NC",31068
6065030400,"Eastside, Riverside, CA",31068
55079001400,"Menomonee River Hills, Milwaukee, WI",31068
6037541500,"South Los Angeles, Compton, CA",31067
29187950600,"Bismarck, MO",31067
6019006602,"Reedley, CA",31067
34013006800,"Ironbound District, Newark, NJ",31066
37023020801,"Morganton, NC",31066
25005641101,"Fall River, MA",31066
17031817900,"Broadview, IL",31064
48029190603,"Edison, San Antonio, TX",31063
26125171400,"Oak Park, MI",31063
51089010900,"Martinsville, VA",31063
26121002601,"Norton Shores, MI",31063
12101032904,"Zephyrhills Colony Company, Zephyrhills, FL",31063
12011031001,"Pompano Beach, FL",31062
6073002708,"Colina Del Sol, San Diego, CA",31062
45059920900,"Joanna, SC",31062
36061028500,"Fort George, New York, NY",31062
6047001003,"Loughborough, Merced, CA",31062
53033008200,"Downtown, Seattle, WA",31062
12109021101,"Hastings, FL",31061
21119960500,"Vicco, KY",31061
21037051101,"Dayton, KY",31061
37061090702,"Wallace, NC",31061
42111021700,"West Salisbury, PA",31060
35061971100,"Belen, NM",31059
24033805601,"Hyattsville, MD",31059
24005430101,"Lansdowne - Baltimore Highlands, Lansdowne, MD",31059
36089490100,"Massena, NY",31058
40109101900,"Central Oklahoma City, Oklahoma City, OK",31058
12127091028,"Deltona Lakes, Deltona, FL",31058
1133965600,"Double Springs, AL",31058
42125754400,"Washington, PA",31057
1125012700,"Tuscaloosa, AL",31057
1101005504,"Pike Road, AL",31056
39071954400,"Greenfield, OH",31055
12099004602,"Lake Worth, FL",31055
36081050800,"Queens County, NY",31054
25009206000,"Lynn, MA",31054
2240000100,"Tok, AK",31054
39141956800,"Chillicothe, OH",31053
39079957200,"Wellston, OH",31053
36047080600,"Kings County, NY",31053
18091042300,"La Porte, IN",31053
13179010501,"Midway, GA",31052
45079011608,"Columbia, SC",31051
5039970300,"Fordyce, AR",31051
26163521100,"Hubbard - Richard, Detroit, MI",31051
29181870400,"Oxly, MO",31050
36047080000,"Kings County, NY",31050
32031001901,"Sparks, NV",31049
13089022010,"Clarkston, GA",31048
27123031400,"North End, Saint Paul, MN",31048
13001950300,"Baxley, GA",31048
45091061301,"Rock Hill, SC",31047
12021010419,"Naples, FL",31046
39061023800,"Cincinnati, OH",31046
37081012704,"O Henry Oaks, Greensboro, NC",31045
6037575901,"Downtown, Long Beach, CA",31045
6065043507,"Hemet, CA",31044
13295020100,"Rossville, GA",31043
1019956100,"Centre, AL",31042
36009961700,"Olean, NY",31041
31055003200,"Highland Park, Omaha, NE",31041
45087030500,"Union, SC",31040
48029160400,"Edgewood, San Antonio, TX",31040
48061011901,"La Feria, TX",31039
6037206032,"Central LA, Los Angeles, CA",31037
32003001901,"Las Vegas, NV",31036
12011040702,"Central Fort Lauderdale, Fort Lauderdale, FL",31033
41033361100,"Grants Pass, OR",31032
22019001201,"Lake Charles, LA",31032
48453002212,"Manor, TX",31031
34013018700,"City of Orange, NJ",31030
37161961200,"Rutherfordton, NC",31030
18097360900,"Indianapolis, IN",31029
8069000202,"Martinez Park, Fort Collins, CO",31029
48187210505,"San Marcos, TX",31029
13051010802,"Pooler, GA",31028
4021941400,"Maricopa, AZ",31026
51195930900,"Wise, VA",31026
18097330500,"Devington, Indianapolis, IN",31025
36005039901,"Bronx County, NY",31025
48283950300,"Cotulla, TX",31025
20209042700,"Argentine, Kansas City, KS",31023
48481740700,"El Campo, TX",31022
1039962700,"Opp, AL",31021
30063000300,"Heart of Missoula, Missoula, MT",31020
22061960200,"Simsboro, LA",31020
37133002100,"Jacksonville, NC",31020
6037231300,"South Los Angeles, Los Angeles, CA",31018
37057061803,"Lexington, NC",31018
48141010342,"El Paso, TX",31015
12023110201,"Lake City, FL",31015
45015020808,"Goose Creek, SC",31015
17031081700,"River North, Chicago, IL",31015
6037276100,"Los Angeles, CA",31014
24510140100,"Bolton Hill, Baltimore, MD",31013
39061027400,"Lockland, OH",31013
13097080303,"Douglasville, GA",31012
4019003902,"Sunnyside, Tucson, AZ",31012
36061026900,"Fort George, New York, NY",31012
21125970900,"London, KY",31011
6067005509,"Sacramento, CA",31011
36109000100,"Ithaca, NY",31010
12051000402,"LaBelle, FL",31010
45089970900,"Andrews, SC",31010
6065042505,"Moreno Valley, CA",31009
39009973400,"Millfield, OH",31009
47025970500,"Speedwell, TN",31009
39057240200,"Xenia, OH",31009
25017388300,"The Acre, Lowell, MA",31008
19163010900,"Downtown Davenport, Davenport, IA",31007
13043950200,"Metter, GA",31007
12047960100,"Jasper, FL",31006
26163579700,"Ecorse, MI",31006
1127021900,"Empire, AL",31006
12099004005,"West Palm Beach, FL",31006
28033070310,"Southaven, MS",31006
53027940000,"Taholah, WA",31006
12086011007,"Homestead, FL",31004
34013002100,"Upper Vailsburg, Newark, NJ",31004
12009065235,"Barefoot Bay, Sebastian, FL",31004
39113021800,"Dayton, OH",31003
1121010201,"Lincoln, AL",31003
36119009300,"White Plains, NY",31003
21001970300,"Columbia, KY",31003
26163544000,"Castle Rouge, Detroit, MI",31002
41035971200,"Klamath Falls, OR",31001
32003002201,"Richfield, Las Vegas, NV",31000
48029140900,"East Side, San Antonio, TX",31000
21163970200,"Fort Knox, KY",31000
48061013306,"Southmost, Brownsville, TX",31000
35001004744,"Tierra Oeste, Albuquerque, NM",31000
1049960900,"Fort Payne, AL",30999
6067007424,"Freeway Gardens, North Highlands, CA",30998
12086003602,"Little Havana, Miami, FL",30998
21067003803,"Lexington, KY",30998
21093000202,"Fort Knox, KY",30998
4025001601,"Camp Verde, AZ",30997
13055010600,"Lyerly, GA",30996
12033001202,"Carmel Woods, Pensacola, FL",30996
8123000502,"Greeley, CO",30996
12005001200,"Cedar Grove, Panama City, FL",30996
45051070601,"Conway, SC",30995
25025092000,"Dorchester, Boston, MA",30993
12011091500,"Miramar, FL",30993
5131000700,"Fort Smith, AR",30992
36005012500,"Bronx County, NY",30992
13321950400,"Sumner, GA",30992
36047030500,"Kings County, NY",30991
21079970400,"Paint Lick, KY",30991
44007000300,"Elmwood, Providence, RI",30991
12097042702,"Buena Ventura Lakes, FL",30990
17121952600,"Centralia, IL",30990
29121960500,"Macon, MO",30989
36061029100,"Inwood, New York, NY",30988
47037012100,"East Nashville, Nashville, TN",30988
12103025207,"Largo, FL",30987
36081094201,"Queens County, NY",30987
13067031115,"Smyrna, GA",30987
29175490500,"Moberly, MO",30987
25013810901,"Chicopee, MA",30987
39151701300,"Canton, OH",30986
1069041700,"Columbia, AL",30986
18097370202,"Decatur, Indianapolis, IN",30984
51187020500,"Front Royal, VA",30984
17031010202,"Rogers Park, Chicago, IL",30983
48355005602,"Robstown, TX",30983
41051003603,"Northeast Portland, Portland, OR",30983
12053040502,"Brooksville, FL",30982
47027955000,"Celina, TN",30982
5033020401,"Van Buren, AR",30981
12069030806,"Tavares, FL",30981
12099006910,"Delray Beach, FL",30981
12083000601,"Silver Springs, FL",30980
39089751900,"Newark, OH",30979
40041375802,"Afton, OK",30979
48141002500,"Austin Terrace, El Paso, TX",30977
54055002100,"Bluefield, WV",30977
48061011200,"Harlingen, TX",30975
22051021000,"Kenner, LA",30975
31173940200,"Winnebago, NE",30973
12053040702,"Avis Oaks, Brooksville, FL",30973
39043041300,"Sandusky, OH",30973
17031825504,"Country Club Hills, IL",30973
1027959200,"Goodwater, AL",30973
6101050102,"Yuba City, CA",30973
55035000600,"Eau Claire, WI",30972
55079016800,"Historic Mitchell Street, Milwaukee, WI",30971
37045951400,"Lattimore, NC",30971
4019000400,"West University, Tucson, AZ",30970
51800075101,"Suffolk, VA",30970
48309003300,"Technology Village, Waco, TX",30970
4003001300,"Huachuca City, AZ",30969
47123925300,"Madisonville, TN",30969
6107000501,"Dinuba, CA",30969
34009020500,"Woodbine, NJ",30968
51155210300,"Pulaski, VA",30968
4019004415,"Menlo Park, Tucson, AZ",30967
6037239602,"South Los Angeles, Los Angeles, CA",30967
12127090400,"Rogers Deland, DeLand, FL",30965
37005950200,"Sparta, NC",30965
1073011804,"Center Point, AL",30964
12101031903,"Land O Lakes, Land O' Lakes, FL",30964
51087200410,"Henrico, VA",30963
22039950500,"Ville Platte, LA",30963
41029002300,"Talent, OR",30962
37119001802,"Oakhurst, Charlotte, NC",30962
6037222001,"Jefferson, Los Angeles, CA",30962
39141956300,"Chillicothe, OH",30962
47153060101,"Dunlap, TN",30961
13179010300,"Hinesville, GA",30960
12015010301,"Punta Gorda, FL",30960
11001009301,"Northeast Washington, Washington, DC",30959
37097061301,"Statesville, NC",30959
32031002703,"Sun Valley, NV",30958
47149041800,"Murfreesboro, TN",30957
42101034600,"Northeast Philadelphia, Philadelphia, PA",30957
29149480200,"Thayer, MO",30956
37085071301,"Sanford, NC",30955
37067002806,"Winston-Salem, NC",30955
6077002300,"Seaport, Stockton, CA",30955
35035000401,"Alamogordo, NM",30954
6037218300,"Central LA, Los Angeles, CA",30954
13073030506,"Grovetown, GA",30953
36081019000,"Queens County, NY",30952
18181958200,"Monon, IN",30951
47155080602,"Sevierville, TN",30950
25025091400,"Dorchester, Boston, MA",30950
47155080901,"Sevierville, TN",30949
6103000700,"Red Bluff, CA",30948
45055970904,"Elgin, SC",30947
18105000901,"Bloomington, IN",30947
6037228210,"South Los Angeles, Los Angeles, CA",30947
18119955500,"Gosport, IN",30946
41019200000,"Riddle, OR",30946
54085962400,"Harrisville, WV",30946
6089010400,"Breslauer, Redding, CA",30945
47093003400,"Knoxville, TN",30945
36081018600,"Queens County, NY",30944
6067003800,"Southwestern Sacramento, Sacramento, CA",30943
12011020404,"North Lauderdale, FL",30943
39163953200,"Wilkesville, OH",30943
34013013000,"Irvington, NJ",30942
32003004716,"Las Vegas, NV",30941
21025920300,"Jackson, KY",30940
6037541604,"Compton, CA",30940
21129950100,"Beattyville, KY",30939
5019953900,"Gurdon, AR",30939
12111381101,"Fort Pierce, FL",30939
29095013210,"South Kansas City, Kansas City, MO",30938
37023021301,"Morganton, NC",30938
37125950501,"Cameron, NC",30938
48029140400,"East Side, San Antonio, TX",30937
6077001700,"August, Stockton, CA",30936
22055001200,"Lafayette, LA",30935
13063040616,"Jonesboro, GA",30935
48061010601,"Harlingen, TX",30934
37087921000,"Waynesville, NC",30934
36101960700,"Hornell, NY",30934
47065011600,"Chattanooga, TN",30934
51173030100,"Marion, VA",30932
6077002202,"Stockton, CA",30932
48029121203,"Sun Gate, San Antonio, TX",30932
5019953700,"Amity, AR",30931
47037015613,"Antioch, Nashville, TN",30929
6077002100,"Park, Stockton, CA",30928
36059406801,"Hempstead, NY",30927
51740213104,"Portsmouth, VA",30926
36005039100,"Bronx County, NY",30926
23003950200,"Van Buren, ME",30926
28059042900,"Pascagoula, MS",30926
12069030204,"Eustis, FL",30925
48141003100,"Buena Vista, El Paso, TX",30924
47055920700,"Prospect, TN",30924
42003562000,"North Oakland, Pittsburgh, PA",30924
13165960200,"Millen, GA",30924
48043950400,"Alpine, TX",30923
12101033101,"Forest Lake Estates Mobile Home Park Co-op, Zephyrhills, FL",30923
48201423000,"Braeburn, Houston, TX",30921
19013001702,"Waterloo, IA",30920
13313001100,"Dalton, GA",30920
37141920403,"Burgaw, NC",30919
41039004300,"Bethel-Danebo, Eugene, OR",30919
5003960700,"Crossett, AR",30919
6107002008,"Visalia, CA",30919
12091022700,"Fort Walton Beach, FL",30917
48307950500,"Brady, TX",30917
36029003000,"Schiller Park, Buffalo, NY",30917
6037231900,"South Figueroa Corridor, Los Angeles, CA",30917
28035010200,"Hattiesburg, MS",30916
47151975100,"Oneida, TN",30916
42101038100,"Northeast Philadelphia, Philadelphia, PA",30916
22009030400,"Marksville, LA",30916
13089023204,"Stone Mountain, GA",30916
12105013901,"Winter Haven, FL",30915
21227010500,"Bowling Green, KY",30915
28111950200,"Brooklyn, MS",30914
12127082506,"Brandy Hills, Port Orange, FL",30914
17163502602,"Cahokia, IL",30914
6037572500,"West Side, Long Beach, CA",30914
41033360900,"Grants Pass, OR",30913
48265960800,"Comfort, TX",30913
36005022000,"Bronx County, NY",30912
29187951000,"Park Hills, MO",30911
26123970100,"Newaygo County, MI",30911
48141002400,"Pershing - Government Hill, El Paso, TX",30908
51041100205,"Richmond, VA",30908
13159010500,"Monticello, GA",30906
44007010800,"Central Falls, RI",30906
47125101201,"Clarksville, TN",30904
40143004900,"Tulsa, OK",30903
48265960500,"Kerrville, TX",30903
13077170801,"Grantville, GA",30902
35045943201,"Bloomfield, NM",30901
37021002401,"Candler, NC",30901
32031000700,"Reno, NV",30900
48441010500,"Sears Park Area, Abilene, TX",30900
2090000500,"Fairbanks, AK",30900
8041001700,"East Colorado Springs, Colorado Springs, CO",30900
6065043401,"Hemet, CA",30900
17031291600,"Douglas Park, Chicago, IL",30899
48141001203,"El Paso, TX",30899
35001004736,"Tierra West Estates, Albuquerque, NM",30899
35001000208,"Bel-Air, Albuquerque, NM",30899
37017950100,"Harrells, NC",30899
48061010401,"Harlingen, TX",30898
32003004200,"North Las Vegas, NV",30898
48113004800,"Oak Cliff, Dallas, TX",30898
4015952600,"Lake Havasu City, AZ",30898
12057010401,"Tampa, FL",30897
51019030604,"Vinton, VA",30897
6107004101,"Porterville, CA",30897
51710006200,"River Oaks, Norfolk, VA",30896
42003508000,"Wilmerding, PA",30896
5135470400,"Cave City, AR",30895
28033070325,"Horn Lake, MS",30895
48441012802,"Park Central Area, Abilene, TX",30895
35001001800,"Central Campus, Albuquerque, NM",30894
45051070101,"Conway, SC",30894
35001002900,"Near North Valley, Albuquerque, NM",30893
13017960200,"Fitzgerald, GA",30892
36061024700,"Upper Manhattan, New York, NY",30892
42129802800,"Jeannette, PA",30891
12009071500,"Crestview, Cocoa, FL",30889
21001970100,"Knifley, KY",30888
21193971000,"Krypton, KY",30887
39043040700,"Sandusky, OH",30887
6037104701,"Pacoima, Los Angeles, CA",30887
36007013600,"Endicott, NY",30886
21051950200,"Manchester, KY",30886
40109107401,"Central Oklahoma City, Oklahoma City, OK",30886
39153505900,"Kenmore, Akron, OH",30886
6095250900,"Vallejo, CA",30885
47179061901,"Limestone, TN",30885
48453001822,"North Austin, Austin, TX",30884
39131952600,"Waverly, OH",30883
45037970400,"Trenton, SC",30883
48027020500,"Temple, TX",30883
34001010104,"Brigantine, NJ",30881
8031001102,"Highland, Denver, CO",30881
36007013900,"Johnson City, NY",30881
49057200400,"Ogden, UT",30880
48439121904,"East Arlington, Arlington, TX",30880
48201432801,"Sharpstown, Houston, TX",30880
36119003000,"South Side, Mount Vernon, NY",30879
36085007700,"Richmond County, NY",30878
22033004203,"Baker, LA",30878
4013071600,"Youngtown, AZ",30878
36047112200,"Kings County, NY",30877
8031001800,"Central, Denver, CO",30877
47157010820,"Memphis, TN",30877
26125161000,"Southfield, MI",30876
6025011400,"El Centro, CA",30875
26159010500,"South Haven, MI",30875
18089020700,"Hammond, IN",30873
25025101001,"Southern Mattapan, Boston, MA",30873
6013381000,"Richmond, CA",30872
37027031000,"Lenoir, NC",30872
26163585500,"Romulus, MI",30871
12103025305,"Largo, FL",30871
29069360500,"Kennett, MO",30870
29095011000,"Independence, MO",30870
16027020401,"Nampa, ID",30870
12057012104,"Seffner Community Alliance, Tampa, FL",30870
1013953400,"Georgiana, AL",30868
5035030703,"Marion, AR",30868
48061012102,"San Benito, TX",30867
42003101100,"Lawrenceville, Pittsburgh, PA",30867
45051070701,"Conway, SC",30867
6037601211,"Inglewood, CA",30866
47149040103,"La Vergne, TN",30865
51770002200,"Roanoke, VA",30865
21239050103,"Versailles, KY",30865
32003003427,"Las Vegas, NV",30865
11001008302,"Northeast Washington, Washington, DC",30865
1073010603,"Fairfield, AL",30865
47019070100,"Elizabethton, TN",30864
39093060200,"Oberlin, OH",30864
17031829402,"Park Forest, IL",30863
37067003108,"Kernersville, NC",30861
51005070100,"Clifton Forge, VA",30861
6019004404,"Pinedale, Fresno, CA",30860
26125173600,"Ferndale, MI",30858
6077003110,"Stockton, CA",30858
26163585700,"Romulus, MI",30857
13067031111,"Smyrna, GA",30857
4013082017,"Maryvale Village, Phoenix, AZ",30856
6037231500,"Leimert Park, Los Angeles, CA",30855
6019008501,"Parlier, CA",30854
36081051200,"Queens County, NY",30853
6037600501,"Inglewood, CA",30853
26129950300,"Lupton, MI",30852
48241950600,"Kirbyville, TX",30851
39049000410,"Clintonville, Columbus, OH",30851
32003002504,"Las Vegas, NV",30850
12105011721,"Auburndale, FL",30850
8041000302,"Northeast Colorado Springs, Colorado Springs, CO",30850
12027010406,"Arcadia, FL",30850
13313000400,"Dalton, GA",30849
51087201001,"Richmond, VA",30849
48099010802,"Copperas Cove, TX",30848
12109021103,"St. Augustine, FL",30848
24033801808,"Hillcrest Heights, MD",30847
12083001102,"Belleview, FL",30847
35013001000,"Las Cruces, NM",30846
31055006301,"North Omaha, Omaha, NE",30845
5113950300,"Hatfield, AR",30845
32003002405,"Las Vegas, NV",30845
17161024400,"Rock Island, IL",30844
6037231220,"South Figueroa Corridor, Los Angeles, CA",30843
9001073700,"Boston Ave - Mill Hill, Bridgeport, CT",30843
36119000103,"Ludlow, Yonkers, NY",30843
47151975400,"Robbins, TN",30842
12057004800,"Northwest Tampa, Tampa, FL",30841
55013970600,"Hertel, WI",30840
4013082209,"Cashion Park, Avondale, AZ",30839
36015001000,"Elmira, NY",30838
47019071700,"Roan Mountain, TN",30838
13121007900,"Green Forest Acres, Atlanta, GA",30838
13147960500,"Hartwell, GA",30838
29229490400,"Mountain Grove, MO",30837
12127091017,"Deltona Lakes, Deltona, FL",30837
6065042519,"Moreno Valley, CA",30836
28077960100,"Silver Creek, MS",30835
51089010601,"Ridgeway, VA",30835
4013110702,"Camelback East Village, Phoenix, AZ",30835
6029002500,"Casa Loma, Bakersfield, CA",30835
39091004100,"Lakeview, OH",30835
36047078800,"Kings County, NY",30834
12083001402,"Ocala, FL",30834
6037221500,"South Los Angeles, Los Angeles, CA",30834
39099812601,"Youngstown, OH",30833
24005401200,"Woodlawn, MD",30833
51081880101,"Emporia, VA",30832
21093000300,"Radcliff, KY",30832
22071012700,"Central Carrollton Association, New Orleans, LA",30831
20177001500,"Central Topeka 2, Topeka, KS",30831
4025001403,"Yarnell, AZ",30831
48141010333,"El Paso, TX",30830
39061010003,"Westwood, Cincinnati, OH",30829
45019001901,"James Island, Charleston, SC",30828
6065030501,"Eastside, Riverside, CA",30828
33019975902,"Claremont, NH",30828
6073003501,"Mountain View, San Diego, CA",30827
22051027812,"Harvey, LA",30827
34005702809,"Willingboro, NJ",30827
29023950300,"Poplar Bluff, MO",30826
12017450302,"Citrus Springs, FL",30826
36047094600,"Kings County, NY",30825
5113950200,"Mena, AR",30824
37133000302,"Jacksonville, NC",30824
1017954200,"Lanett, AL",30824
24031701702,"Takoma Park, MD",30824
12051000600,"Clewiston, FL",30824
29095004300,"Longfellow, Kansas City, MO",30823
22007050500,"Labadieville, LA",30823
47093003100,"Knoxville, TN",30823
40109105300,"Central Oklahoma City, Oklahoma City, OK",30823
13185011403,"Valdosta, GA",30822
4013116732,"South Mountain Village, Phoenix, AZ",30822
21151010500,"Richmond, KY",30822
10003010702,"Wilmington, DE",30821
42101001800,"Bella Vista, Philadelphia, PA",30821
36047043300,"Kings County, NY",30820
48479000601,"Western Division, Laredo, TX",30820
36093020700,"Schenectady, NY",30819
6037123203,"North Hollywood, Los Angeles, CA",30819
12086001605,"Hialeah, FL",30819
48141002201,"Golden Hill, El Paso, TX",30819
36047088000,"Kings County, NY",30818
36081041400,"Queens County, NY",30816
13109970200,"Claxton, GA",30816
36075021101,"Fulton, NY",30815
45051070702,"Conway, SC",30815
26073940400,"Mount Pleasant, MI",30814
26163526100,"Detroit, MI",30814
13169030200,"Gray, GA",30814
29153470100,"Gainesville, MO",30813
22083970100,"Delhi, LA",30813
36005039600,"Bronx County, NY",30812
20209043905,"Coronado, Kansas City, KS",30808
36081068200,"Queens County, NY",30807
4013040517,"Chaparral Rancheros, Wittmann, AZ",30806
6073004700,"Sherman Heights, San Diego, CA",30805
36081036700,"Queens County, NY",30805
45083020601,"Wadsworth Hills, Spartanburg, SC",30805
6037701802,"Pico, Santa Monica, CA",30804
21117061200,"Covington, KY",30804
29510116100,"Tower Grove South, St. Louis, MO",30804
42003515100,"Pittsburgh, PA",30803
47113000300,"Jackson, TN",30803
13211010300,"Madison, GA",30802
6037229420,"South Los Angeles, Los Angeles, CA",30802
6103000300,"Red Bluff, CA",30802
12057000401,"Tampa, FL",30800
20177003100,"East Topeka, Topeka, KS",30800
4013110001,"Maryvale Village, Phoenix, AZ",30799
48293970500,"Mexia, TX",30799
12105014600,"Eagle Lake, FL",30799
45003022001,"Aiken, SC",30797
36047032100,"Kings County, NY",30796
12009071400,"Bayview Estates, Titusville, FL",30796
1133965900,"Lynn, AL",30795
36005004800,"Bronx County, NY",30794
13133950500,"Greensboro, GA",30793
37051003103,"South View, Hope Mills, NC",30792
48201533400,"Heather Glen, Houston, TX",30792
20045000100,"North Lawrence, Lawrence, KS",30792
29093950300,"Ironton, MO",30791
32003002966,"Las Vegas, NV",30791
42133000800,"York, PA",30791
51087200905,"Richmond, VA",30790
12105015801,"Frostproof, FL",30789
21197970200,"Clay City, KY",30789
48439111536,"Grand Prairie, TX",30789
32003005010,"Las Vegas, NV",30788
5077470100,"Marianna, AR",30787
4019004035,"Lakeside Park, Tucson, AZ",30787
4017960200,"Holbrook, AZ",30786
17031440300,"South Side, Chicago, IL",30785
18141003100,"UNITE, South Bend, IN",30785
25005651500,"New Bedford, MA",30785
48121020700,"Denton, TX",30784
4013109702,"Maryvale Village, Phoenix, AZ",30783
6065044516,"Desert Hot Springs, CA",30783
48201231100,"Northeast Houston, Houston, TX",30783
12001000806,"University Heights, Gainesville, FL",30782
21165960200,"Frenchburg, KY",30782
24005450504,"Essex, MD",30782
20001952700,"Iola, KS",30782
48209010304,"San Marcos, TX",30780
12095016601,"Orlando, FL",30779
1065040200,"Greensboro, AL",30779
12127082606,"Loggerhead Dunes, Ponce Inlet, FL",30778
6037208902,"Central LA, Los Angeles, CA",30778
12021010410,"Naples, FL",30778
12101033010,"Zephyrhills, FL",30777
29081950100,"Ridgeway, MO",30777
40023967000,"Hugo, OK",30776
55079001700,"Vogel Park, Milwaukee, WI",30776
6037209810,"Central LA, Los Angeles, CA",30776
4021001707,"Maricopa, AZ",30775
5099090200,"Prescott, AR",30773
12083002502,"Ocala, FL",30773
35001001700,"University Heights, Albuquerque, NM",30773
26143971000,"Houghton Lake, MI",30773
32003002810,"Las Vegas, NV",30771
6065044926,"Cathedral City, CA",30771
28095950200,"Nettleton, MS",30770
45051051501,"Myrtle Beach, SC",30769
48029160502,"Brady Gardens, San Antonio, TX",30769
37111970300,"Marion, NC",30768
18023950500,"Frankfort, IN",30767
42101028901,"Juniata Park/ Feltonville, Philadelphia, PA",30766
1033020100,"Sheffield, AL",30766
6065045502,"Indio, CA",30766
12017450400,"Crystal River, FL",30762
4015951601,"Bullhead City, AZ",30762
1013953000,"Greenville, AL",30761
47027955100,"Red Boiling Springs, TN",30761
18009975300,"Hartford City, IN",30761
48265960301,"Kerrville, TX",30761
42003300100,"Knoxville, Pittsburgh, PA",30759
47093004800,"Knoxville, TN",30759
12057013913,"Wimauma, FL",30758
53011041312,"Vancouver, WA",30758
51810044001,"Northeast Virginia Beach, Virginia Beach, VA",30757
9009142603,"Fair Haven Heights, New Haven, CT",30757
45021970402,"Blacksburg, SC",30756
45015020504,"Moncks Corner, SC",30756
18039002200,"Elkhart, IN",30756
6065045302,"Indio, CA",30756
48201510100,"Washington Ave./ Memorial Park, Houston, TX",30755
51173030302,"Marion, VA",30754
20161001002,"Custer Hill, Fort Riley, KS",30753
29213480402,"Kissee Mills, MO",30753
54069002600,"Wheeling, WV",30752
12011020501,"Margate, FL",30752
17109010400,"Macomb, IL",30752
48215021600,"Pharr, TX",30752
36081027400,"Queens County, NY",30752
22051025800,"Gretna, LA",30749
21199930800,"Somerset, KY",30748
13169030104,"Macon, GA",30748
48029191005,"Norhmoor, San Antonio, TX",30748
4019004512,"Edgebrooke Village, Tucson, AZ",30748
23019000400,"Little City, Bangor, ME",30748
4019410502,"Tucson, AZ",30747
51775010300,"Salem, VA",30747
51089010400,"Axton, VA",30747
53031950702,"Jefferson County, WA",30747
48041000202,"Bryan, TX",30746
36047051601,"Kings County, NY",30746
25025100200,"Franklin Field South, Boston, MA",30745
45033970500,"Lake View, SC",30745
5055480100,"Marmaduke, AR",30743
35049001301,"Santa Fe, NM",30743
21065920300,"Irvine, KY",30743
28093950100,"Red Banks, MS",30742
16005000800,"Pocatello, ID",30742
39017013400,"Middletown, OH",30742
24047951000,"Berlin, MD",30740
12071040311,"Alabama, Lehigh Acres, FL",30740
28049011002,"Woodville Heights, Jackson, MS",30739
26081002100,"Heritage Hill, Grand Rapids, MI",30739
40143006000,"McKinley, Tulsa, OK",30738
12103024601,"Saint Petersburg, FL",30737
29161890200,"Saint James, MO",30737
28115950400,"Pontotoc, MS",30736
37155960900,"Lumberton, NC",30736
12031014800,"Arlington, Jacksonville, FL",30736
18079960302,"North Vernon, IN",30735
36067014000,"Mattydale, NY",30734
55101001302,"Racine, WI",30733
40109102200,"Central Oklahoma City, Oklahoma City, OK",30733
12086009807,"Miami, FL",30733
1073014301,"Bessemer, AL",30731
45019002300,"Edisto Island, SC",30731
24510010200,"Patterson Park, Baltimore, MD",30730
47135930100,"Lobelville, TN",30729
55031020300,"North End, Superior, WI",30728
26101000300,"Onekama, MI",30727
21017030600,"Paris, KY",30725
39087051100,"South Point, OH",30725
6019005204,"McLane, Fresno, CA",30724
37067003903,"Winston-Salem, NC",30723
37063002027,"Durham, NC",30723
4027000700,"Mesa Heights, Yuma, AZ",30723
36005040100,"Bronx County, NY",30723
6001409600,"Webster, Oakland, CA",30722
2020001400,"North Star, Anchorage, AK",30721
39095004900,"East Toledo, Toledo, OH",30720
6037222500,"South Los Angeles, Los Angeles, CA",30720
27053100800,"Folwell, Minneapolis, MN",30719
37089931400,"East Flat Rock, NC",30719
26155030800,"Owosso, MI",30718
36005009000,"Bronx County, NY",30718
17031032100,"Uptown, Chicago, IL",30717
5115951400,"Russellville, AR",30717
36103123202,"Amityville, NY",30716
27053110900,"Nokomis, Minneapolis, MN",30716
5083950600,"Booneville, AR",30716
36005004300,"Bronx County, NY",30712
48029151400,"Harlandale, San Antonio, TX",30712
42101008601,"Garden Court, Philadelphia, PA",30711
4013113000,"Central City, Phoenix, AZ",30710
18097341903,"Wayne, Indianapolis, IN",30708
42003563000,"Windgap, Pittsburgh, PA",30708
51173030200,"Saltville, VA",30707
45007011800,"Starr, SC",30706
48163950200,"Pearsall, TX",30705
21199930900,"Somerset, KY",30705
2170000604,"Wasilla, AK",30704
6037237101,"South Figueroa Corridor, Los Angeles, CA",30704
45079010304,"Columbia, SC",30703
6047001502,"Merced, CA",30702
17031816900,"Bellwood, IL",30700
6037229300,"South Figueroa Corridor, Los Angeles, CA",30700
26069000700,"Whittemore, MI",30700
9009171000,"Meriden, CT",30700
47013951100,"Jacksboro, TN",30699
47013950900,"LaFollette, TN",30698
12103025416,"Village Green, Largo, FL",30698
35029000200,"Deming, NM",30698
36081003900,"Queens County, NY",30697
42085030900,"Farrell, PA",30697
6071005400,"SBHS, San Bernardino, CA",30697
13063040513,"Riverdale, GA",30696
47093005402,"Knoxville, TN",30696
6007001100,"Chico, CA",30695
22051027703,"Marrero, LA",30694
51003010901,"Charlottesville, VA",30694
6037532800,"South Los Angeles, Los Angeles, CA",30694
26107960100,"Barryton, MI",30694
12097043202,"Saint Cloud, FL",30692
36009962200,"Hinsdale, NY",30692
1085780800,"Hope Hull, AL",30692
5119003900,"Scott, AR",30690
1093964000,"Haleyville, AL",30689
17031241600,"Pulaski Park, Chicago, IL",30689
48279950500,"Littlefield, TX",30688
12023110700,"Lake City, FL",30687
47151975200,"Huntsville, TN",30687
39089752200,"Newark, OH",30686
40015161800,"Carnegie, OK",30686
25009251300,"Lawrence, MA",30685
6099001800,"Downtown Modesto, Modesto, CA",30685
48449950500,"Mount Pleasant, TX",30685
51710006604,"Norfolk, VA",30685
26031960400,"Cheboygan, MI",30684
34025803400,"Red Bank, NJ",30684
48029151301,"Harlandale, San Antonio, TX",30684
1055010800,"Gadsden, AL",30683
24510080101,"Belair - Edison, Baltimore, MD",30683
12086010205,"Miami, FL",30683
48141000110,"Northeast El Paso, El Paso, TX",30682
39033975300,"Galion, OH",30682
26085960100,"Irons, MI",30682
12071040205,"Harris, Lehigh Acres, FL",30681
12103024905,"Pinellas Park, FL",30681
37031970805,"Carteret County, NC",30680
12017450201,"Beverly Hills, FL",30679
24019970200,"Hurlock, MD",30679
48439113002,"Grand Prairie, TX",30678
41011001000,"Bandon, OR",30678
34027045602,"Dover, NJ",30677
53015000501,"St. Helens, Longview, WA",30676
51810045406,"Virginia Beach, VA",30676
12065250200,"Monticello, FL",30676
37181961000,"Kittrell, NC",30676
48451001400,"San Angelo, TX",30675
12105014201,"Lake Wales, FL",30675
23005013000,"Casco, ME",30675
18097342200,"Wayne, Indianapolis, IN",30675
6037543305,"Los Angeles County, CA",30674
17161020600,"East Moline, IL",30674
51810045000,"Oceana Naval Air Station, Virginia Beach, VA",30673
17031242000,"Noble Square, Chicago, IL",30673
42101018800,"Harrowgate, Philadelphia, PA",30672
1055010200,"Attalla, AL",30672
6059075003,"Willard, Santa Ana, CA",30672
12009071322,"Palm Bay, FL",30672
12073000905,"Tallahassee, FL",30671
26155030700,"Owosso, MI",30671
48061013802,"Brownsville, TX",30671
37139960503,"Elizabeth City, NC",30671
31109000400,"Clinton, Lincoln, NE",30671
13131950600,"Cairo, GA",30670
36061024500,"Upper Manhattan, New York, NY",30670
48479001300,"Los Amores, Laredo, TX",30670
45035010700,"Summerville, SC",30670
39049008311,"Holly Hill, Columbus, OH",30667
37049960102,"New Bern, NC",30667
51650011200,"Buckroe Beach, Hampton, VA",30667
42003512800,"Braddock, PA",30667
18065976300,"New Castle, IN",30666
40063484800,"Holdenville, OK",30665
35039000500,"Los Ojos, NM",30665
6065044702,"Cathedral City, CA",30664
48141003200,"San Juan, El Paso, TX",30664
17031283100,"University Village / Little Italy, Chicago, IL",30664
13175950100,"Dublin, GA",30663
48029191006,"North Central, San Antonio, TX",30662
36067002101,"Westside, Syracuse, NY",30661
37027031201,"Lenoir, NC",30660
48029170600,"Inner West Side, San Antonio, TX",30660
21075960100,"Fulton, KY",30660
2122000500,"Soldotna, AK",30659
37119005523,"University City North, Charlotte, NC",30658
42003562500,"Sheraden, Pittsburgh, PA",30658
37061090701,"Wallace, NC",30657
18071967901,"Seymour, IN",30657
47107970300,"Athens, TN",30656
21065920200,"Irvine, KY",30655
21095971300,"Cawood, KY",30655
4013112504,"Maryvale Village, Phoenix, AZ",30654
20099950200,"Parsons, KS",30653
13163960200,"Avera, GA",30650
4013107400,"Alhambra, Phoenix, AZ",30649
24033802803,"Capitol Heights, MD",30649
12083000701,"Ocklawaha, FL",30649
29095015900,"East Village, Kansas City, MO",30648
13047030500,"Rossville, GA",30648
28075010600,"Meridian, MS",30648
6037461901,"Pasadena, CA",30647
47037017200,"Corinne Place, Nashville, TN",30647
53063000400,"Nevada / Lidgerwood, Spokane, WA",30647
36047023100,"Kings County, NY",30646
5081030200,"Foreman, AR",30644
12121970100,"Live Oak, FL",30644
12053040501,"Brooksville, FL",30644
40109107218,"Central Oklahoma City, Oklahoma City, OK",30643
39035161800,"Lakewood, OH",30643
8031004506,"West, Denver, CO",30642
25005651100,"New Bedford, MA",30642
54081000300,"Beckley, WV",30641
36081028400,"Queens County, NY",30641
35049940400,"Santa Fe, NM",30641
47019071100,"Watauga, TN",30639
8041005300,"Southeast Colorado Springs, Colorado Springs, CO",30639
28099010500,"Philadelphia, MS",30639
6077001900,"Park, Stockton, CA",30639
5067480500,"Bradford, AR",30639
12057010213,"Greater Thonotosassa, Thonotosassa, FL",30638
8041000700,"East Colorado Springs, Colorado Springs, CO",30638
35049000200,"Santa Fe, NM",30638
21137920300,"Waynesburg, KY",30638
5119002406,"Westwood, Little Rock, AR",30636
39049008821,"South Columbus, Columbus, OH",30636
35031945700,"Vanderwagen, NM",30635
11001003800,"Northwest Washington, Washington, DC",30635
13185010101,"Valdosta, GA",30634
35049001106,"Santa Fe, NM",30634
9009350800,"Waterbury, CT",30634
39113021000,"Kettering, OH",30634
48507950200,"La Pryor, TX",30634
39035171103,"Maple Heights, OH",30633
34013012800,"Irvington, NJ",30633
48029171501,"Edgewood, San Antonio, TX",30633
47125100300,"Clarksville, TN",30632
47179060600,"Johnson City, TN",30632
50025967300,"Londonderry, VT",30631
12127091024,"Deltona Lakes, Deltona, FL",30630
6037601001,"Inglewood, CA",30630
19013000200,"Waterloo, IA",30629
48355001602,"Central City, Corpus Christi, TX",30629
26031960300,"Cheboygan, MI",30628
39035195700,"Bedford, OH",30627
39049001300,"University, Columbus, OH",30626
28123020100,"Forest, MS",30626
4027011111,"Foothills, Yuma, AZ",30626
36063021300,"Niagara Falls, NY",30626
24005452300,"Baltimore, MD",30625
42101038900,"Northwest Philadelphia, Philadelphia, PA",30625
48027023202,"Fort Hood, TX",30625
36055008301,"Northland-Lyceum, Rochester, NY",30624
12119910100,"Oxford, FL",30624
21205950300,"Clearfield, KY",30624
35001000707,"South Los Altos, Albuquerque, NM",30623
18041954100,"Connersville, IN",30623
35053978302,"Socorro, NM",30623
12121970301,"Live Oak, FL",30623
35049010900,"Santa Fe, NM",30623
42091209000,"Pottstown, PA",30622
4019003707,"Tucson, AZ",30621
9003415300,"New Britain, CT",30621
39167021000,"Marietta, OH",30621
12011090504,"Hollywood, FL",30621
13079070202,"Fort Valley, GA",30621
4013319201,"Alegre Community, Tempe, AZ",30621
23027043000,"Belfast, ME",30621
48113007201,"Northwest Dallas, Dallas, TX",30620
51660000204,"Harrisonburg, VA",30620
26065003301,"Lansing, MI",30619
51103030200,"Weems, VA",30618
23003952600,"New Limerick, ME",30618
12103025018,"Saint Petersburg, FL",30618
47163041800,"Kingsport, TN",30616
12011110320,"Miramar, FL",30616
15001021502,"Holualoa, HI",30615
12095016302,"Winter Park, FL",30614
48029150501,"Harlandale, San Antonio, TX",30614
21045950400,"Yosemite, KY",30614
21199930501,"Somerset, KY",30613
13313001300,"Dalton, GA",30613
48029150400,"Palm Heights, San Antonio, TX",30613
36005026701,"Bronx County, NY",30613
48113007202,"Northwest Dallas, Dallas, TX",30613
48141003501,"Stiles Garden, El Paso, TX",30612
40075963700,"Hobart, OK",30612
5091020702,"North Heights, Texarkana, AR",30611
47089070300,"Jefferson City, TN",30610
12057007002,"South Tampa, Tampa, FL",30610
18097322200,"Oliver Johnson's Woods, Indianapolis, IN",30609
48309002498,"Brookview, Waco, TX",30608
48373210400,"Corrigan, TX",30608
37035011101,"Hickory, NC",30607
21071920200,"Prestonsburg, KY",30606
6065045304,"Indio, CA",30604
29105960600,"Lebanon, MO",30604
48029161504,"South San Antonio, San Antonio, TX",30603
24510260102,"Frankford, Baltimore, MD",30602
12109020901,"St Johns County, FL",30601
47047060502,"Somerville, TN",30600
20125950400,"Independence, KS",30600
41011000200,"Coos Bay, OR",30600
12031015200,"Arlington, Jacksonville, FL",30600
13091960100,"Chester, GA",30600
13067030904,"Marietta, GA",30600
4013318800,"Sunset, Tempe, AZ",30599
17031030701,"Edgewater, Chicago, IL",30599
37127010900,"Nashville, NC",30599
45021970503,"Gaffney, SC",30598
40109106912,"Central Oklahoma City, Oklahoma City, OK",30598
44005041200,"Newport, RI",30597
6037232600,"South Los Angeles, Los Angeles, CA",30597
35017964100,"Silver City, NM",30597
40135030301,"Sallisaw, OK",30596
48061013307,"Southmost, Brownsville, TX",30596
13089021907,"Stone Mountain, GA",30596
29169470101,"Dixon, MO",30596
20045000902,"Lawrence, KS",30595
12101031809,"Shady Acres Homeowners, Spring Hill, FL",30594
12095016724,"Orlando, FL",30594
48113014103,"Las Colinas, Irving, TX",30594
41059940000,"Pendleton, OR",30593
32003002964,"Las Vegas, NV",30592
6115040400,"Olivehurst, CA",30591
6001409300,"North Stonehurst, Oakland, CA",30590
6001407400,"Fremont, Oakland, CA",30589
36085002700,"Richmond County, NY",30588
28007060500,"Kosciusko, MS",30588
40143008200,"Layman/Van Acre, Tulsa, OK",30587
4019002702,"Richland Heights East, Tucson, AZ",30587
9011696800,"Norwich, CT",30587
9001071200,"West End - West Side, Bridgeport, CT",30587
53073001000,"Bellingham, WA",30585
13233010700,"Rockmart, GA",30585
26065005201,"Lansing, MI",30584
24005402304,"Gwynn Oak, Baltimore, MD",30583
48453002318,"East Riverside - Oltorf, Austin, TX",30583
21135930100,"Garrison, KY",30583
41051003702,"Humboldt, Portland, OR",30583
13267950202,"Reidsville, GA",30583
5149952402,"Dardanelle, AR",30581
21117065000,"Covington, KY",30580
5023480501,"Heber Springs, AR",30579
8101002802,"Sunnyheights, Pueblo, CO",30579
26163524500,"Oakwood Heights, Detroit, MI",30578
48027023203,"Fort Hood, TX",30578
6037543100,"Compton, CA",30578
6037236400,"Baldwin Hills, Los Angeles, CA",30577
53077001300,"Union Gap, WA",30577
37039930602,"Murphy, NC",30576
16027021500,"Caldwell, ID",30576
20045000501,"Pinckney, Lawrence, KS",30576
55079016500,"Historic Mitchell Street, Milwaukee, WI",30576
40109107103,"Central Oklahoma City, Oklahoma City, OK",30575
40031000900,"Lawton, OK",30575
47093005603,"Knoxville, TN",30575
26163577000,"Lincoln Park, MI",30575
4013104501,"North Mountain Village, Phoenix, AZ",30573
12086004303,"Flamingo / Lummus, Miami Beach, FL",30572
55079016700,"Historic Mitchell Street, Milwaukee, WI",30572
13067030902,"Marietta, GA",30571
6019005305,"Fresno, CA",30571
18043070902,"New Albany, IN",30570
48457950300,"Woodville, TX",30570
12105012411,"Davenport, FL",30570
30013000400,"Great Falls, MT",30566
36007014000,"Johnson City, NY",30566
47035970701,"Crossville, TN",30565
39049009332,"Berwick, Columbus, OH",30565
22103040900,"Slidell, LA",30565
6037228720,"South Los Angeles, Los Angeles, CA",30565
29021000400,"Saint Joseph, MO",30564
28047003501,"Saucier, MS",30564
41029001800,"Ashland, OR",30564
55085970800,"Woodruff, WI",30563
6037576501,"Eastside, Long Beach, CA",30562
6037575902,"Downtown, Long Beach, CA",30561
2020001100,"Downtown, Anchorage, AK",30560
6063000400,"Greenville, CA",30560
35049010315,"Santa Fe, NM",30560
13281960200,"Hiawassee, GA",30557
13251970400,"Sylvania, GA",30556
12055960103,"Sebring, FL",30556
12001001203,"Ridgeview, Gainesville, FL",30556
47089070800,"Dandridge, TN",30555
6039000800,"Madera, CA",30555
6037603704,"Hawthorne, CA",30555
6019001303,"Roosevelt, Fresno, CA",30555
37009970700,"Fleetwood, NC",30554
48099010601,"Copperas Cove, TX",30554
12011070101,"Davie, FL",30554
28091950300,"Columbia, MS",30553
22071010700,"Uptown/Carrollton, New Orleans, LA",30552
22095070200,"LaPlace, LA",30552
6065030503,"Eastside, Riverside, CA",30552
45051051202,"Myrtle Beach, SC",30552
4025002002,"Cottonwood, AZ",30551
4013112302,"Maryvale Village, Phoenix, AZ",30549
11001011100,"Northeast Washington, Washington, DC",30548
48141000800,"Morningside Heights, El Paso, TX",30548
48201330500,"Southwest Houston, Houston, TX",30548
24033802002,"District Heights, MD",30548
51740212801,"Portsmouth, VA",30548
18097380502,"Indianapolis, IN",30547
36081038100,"Queens County, NY",30546
28065950201,"Bassfield, MS",30545
1133965503,"Arley, AL",30545
29095011800,"Independence, MO",30544
20173001500,"Delano, Wichita, KS",30544
26125160400,"Southfield, MI",30542
9003415600,"New Britain, CT",30542
48201550301,"Houston, TX",30541
39113080300,"Dayton, OH",30541
29203470200,"Birch Tree, MO",30538
54019020700,"Mount Carbon, WV",30537
18141003300,"Erskine Park, South Bend, IN",30537
32003002506,"Las Vegas, NV",30537
17031660600,"Chicago Lawn, Chicago, IL",30536
6065042209,"University, Riverside, CA",30536
55079017600,"Lincoln Village, Milwaukee, WI",30535
28107950600,"Batesville, MS",30533
4027001001,"Desert Grove Mobile, Yuma, AZ",30533
4013110902,"Camelback East Village, Phoenix, AZ",30533
48451000700,"San Angelo, TX",30531
19013000300,"Waterloo, IA",30531
1017954600,"Valley, AL",30531
4013108901,"Encanto Village, Phoenix, AZ",30530
45083023101,"Duncan, SC",30530
23005001200,"West End, Portland, ME",30529
47177930300,"McMinnville, TN",30529
12055961302,"Sebring, FL",30528
48185180101,"Navasota, TX",30528
9003504200,"West End, Hartford, CT",30528
32003002995,"Las Vegas, NV",30527
6099001002,"Modesto, CA",30527
12115002719,"Venice, FL",30525
21051950300,"Manchester, KY",30525
5115951600,"Russellville, AR",30525
18097310305,"Indianapolis, IN",30525
19153005200,"Capitol East, Des Moines, IA",30524
47091956300,"Mountain City, TN",30524
50007000500,"Old North End, Burlington, VT",30524
47175925000,"Spencer, TN",30523
23011010400,"Ganneston Park, Chelsea, ME",30521
37021002506,"Candler, NC",30521
36005038000,"Bronx County, NY",30521
48029191304,"Uptown, San Antonio, TX",30521
6077002701,"Stockton, CA",30521
42115032902,"Forest City, PA",30520
36061029300,"Upper Manhattan, New York, NY",30520
6107001004,"Visalia, CA",30519
53063001300,"Northtown, Spokane, WA",30517
32003005005,"Las Vegas, NV",30517
13063040622,"Jonesboro, GA",30516
12011010800,"Pompano Beach, FL",30515
24033802404,"District Heights, MD",30514
17031241400,"West Town, Chicago, IL",30514
47175925200,"Spencer, TN",30514
37139960701,"Elizabeth City, NC",30513
12011100201,"Hallandale Beach, FL",30513
47163043202,"Bristol, TN",30512
45065920300,"Modoc, SC",30512
40109100700,"Central Oklahoma City, Oklahoma City, OK",30512
48027023107,"Killeen, TX",30510
6023001101,"Arcata, CA",30510
30111000200,"North Park, Billings, MT",30509
41045970500,"Nyssa, OR",30509
12107951100,"San Mateo, FL",30508
8071000400,"Trinidad, CO",30508
37051000600,"Terry Sanford, Fayetteville, NC",30508
12071040304,"Alabama, Lehigh Acres, FL",30507
53077940004,"Wapato, WA",30506
40101000600,"Muskogee, OK",30506
48355001300,"Central City, Corpus Christi, TX",30506
12103028402,"Gulfport, FL",30506
24510010500,"Upper Fells Point, Baltimore, MD",30506
29125880300,"Dixon, MO",30505
48201530600,"Independence Heights, Houston, TX",30504
37135011101,"Efland, NC",30504
51029930102,"New Canton, VA",30503
22117950102,"Angie, LA",30503
34013004801,"Weequahic, Newark, NJ",30503
12113010817,"Navarre, FL",30503
24039930600,"Crisfield, MD",30502
41047000400,"Highland, Salem, OR",30502
28043950200,"Grenada, MS",30502
36061002000,"Lower Manhattan, New York, NY",30502
28047000100,"Biloxi, MS",30501
24033801807,"Hillcrest Heights, MD",30500
6037229200,"South Los Angeles, Los Angeles, CA",30500
12103024902,"Pinellas Park, FL",30500
12011110502,"Miramar, FL",30498
13121001300,"Midtown, Atlanta, GA",30496
35049001302,"Santa Fe, NM",30496
6019002300,"Tower District, Fresno, CA",30495
20209044004,"Muncie - Stony Pt., Kansas City, KS",30494
26077001801,"Milwood, Kalamazoo, MI",30494
29021002500,"Saint Joseph, MO",30492
44007016100,"Pawtucket, RI",30491
36005005002,"Bronx County, NY",30491
47059091400,"Greeneville, TN",30491
35055952100,"El Prado, NM",30491
6093000800,"Etna, CA",30490
26125171300,"Oak Park, MI",30489
36047050803,"Kings County, NY",30489
6019008502,"Parlier, CA",30489
13067031507,"Powder Springs, GA",30488
12127091018,"Deltona Lakes, Deltona, FL",30488
6037541400,"South Los Angeles, Compton, CA",30488
36047050804,"Kings County, NY",30488
51047930300,"Culpeper, VA",30488
36047114202,"Kings County, NY",30487
45019005100,"Anson Borough Homes, Charleston, SC",30486
1083021200,"Madison, AL",30486
42101011500,"Overbrook, Philadelphia, PA",30485
26025002100,"Battle Creek, MI",30485
47183968500,"Gleason, TN",30484
48061012700,"Brownsville, TX",30484
36005039700,"Bronx County, NY",30483
1073013400,"Fairfield, AL",30481
36047088200,"Kings County, NY",30480
40031000600,"Lawton, OK",30480
27123033700,"Summit - University, Saint Paul, MN",30479
35013001802,"Anthony, NM",30478
39035152201,"Euclid, OH",30478
8031004505,"West, Denver, CO",30476
36081026200,"Queens County, NY",30475
36047050801,"Kings County, NY",30474
19153002600,"Drake Park, Des Moines, IA",30474
12101031806,"Leisure Hills, Spring Hill, FL",30474
29510115200,"Bevo, St. Louis, MO",30473
12071000402,"Fort Myers, FL",30473
13089021410,"Atlanta, GA",30473
24033802104,"District Heights, MD",30472
34001011403,"Mays Landing, Hamilton Township, NJ",30472
45039960200,"Winnsboro, SC",30472
4013104702,"North Mountain Village, Phoenix, AZ",30472
5075470501,"Hoxie, AR",30471
13145120200,"Hamilton, GA",30469
13143010100,"Buchanan, GA",30469
12071040303,"Alabama, Lehigh Acres, FL",30469
51700032123,"North Newport News, Newport News, VA",30468
20173005800,"Oakview, Wichita, KS",30468
45085000201,"Sumter, SC",30466
12095015106,"Orlando, FL",30466
47099960600,"Iron City, TN",30465
48113001400,"Dallas, TX",30465
10001040501,"Dover, DE",30464
48029150300,"Englewood, San Antonio, TX",30464
6073003502,"Mountain View, San Diego, CA",30464
47047060501,"Somerville, TN",30463
53009000200,"Clallam Bay, WA",30462
36061002400,"Lower Manhattan, New York, NY",30462
18097360202,"Indianapolis, IN",30462
29223690100,"Lowndes, MO",30461
13275960100,"Meigs, GA",30461
48061013402,"Brownsville, TX",30461
6037239501,"South Los Angeles, Los Angeles, CA",30461
24510270802,"Ramblewood, Baltimore, MD",30460
48029161000,"South San Antonio, San Antonio, TX",30459
13299950500,"Waycross, GA",30457
6067001800,"Southeastern Sacramento, Sacramento, CA",30457
28049003700,"Jackson, MS",30457
41029000300,"Medford, OR",30456
36077590300,"Richfield Springs, NY",30456
12063210900,"Sneads, FL",30455
6037237401,"South Los Angeles, Los Angeles, CA",30454
47037019600,"Nashville, TN",30453
39161020600,"Van Wert, OH",30452
12105011604,"Auburndale, FL",30452
48041000700,"Bryan, TX",30452
18157000200,"St. Lawrence - McAllister, Lafayette, IN",30451
48141004107,"Loma Terrace, El Paso, TX",30451
4013103304,"Paradise Valley Village, Phoenix, AZ",30451
47037011002,"Maplewood Heights, Nashville, TN",30451
4013116702,"South Mountain Village, Phoenix, AZ",30450
8041002101,"Southeast Colorado Springs, Colorado Springs, CO",30450
26125162500,"Southfield, MI",30450
35023970200,"Lordsburg, NM",30449
4001970200,"Concho, AZ",30449
36047040900,"Kings County, NY",30448
6037602508,"Hawthorne, CA",30448
54107000400,"Parkersburg, WV",30447
47157021746,"Autumn Ridge, Memphis, TN",30447
21047201501,"Fort Campbell North, Fort Campbell, KY",30447
55059000700,"Kenosha, WI",30446
42049002000,"Little Italy, Erie, PA",30446
20005081900,"Atchison, KS",30446
6037542000,"Compton, CA",30446
47057500401,"Bean Station, TN",30446
36063023500,"Lockport, NY",30446
12011030203,"Pompano Beach, FL",30445
26049003300,"Flint, MI",30445
17031063400,"Lake View East, Chicago, IL",30444
48113016520,"Dallas, TX",30444
35047957600,"San Miguel County, NM",30444
6037602801,"South Los Angeles, Los Angeles, CA",30443
18163003600,"Evansville, IN",30442
12019031500,"Green Cove Springs, FL",30441
26025001200,"Level Park-Oak Park, Battle Creek, MI",30441
45019003107,"North Charleston, SC",30441
6001408700,"Havenscourt, Oakland, CA",30440
6033000701,"Clearlake, CA",30440
48141000301,"Las Sierras, El Paso, TX",30438
32003004302,"North Las Vegas, NV",30438
12127082605,"Mcelroys Belleview, Daytona Beach Shores, FL",30437
42051262300,"Uniontown, PA",30437
1073005000,"Glen Iris, Birmingham, AL",30436
48439122300,"Central Arlington, Arlington, TX",30436
20209042300,"Riverview, Kansas City, KS",30436
48061011802,"Harlingen, TX",30436
1057020300,"Fayette, AL",30435
4021000312,"Apache Junction, AZ",30435
51041100820,"Chesterfield, VA",30435
12099004009,"West Palm Beach, FL",30434
12027010200,"Arcadia, FL",30434
24043000800,"Hagerstown, MD",30434
27137002000,"Observation Hill, Duluth, MN",30433
8107000800,"Oak Creek, CO",30433
6007003700,"Oroville, CA",30432
54057010700,"Keyser, WV",30431
39087051300,"Proctorville, OH",30429
51111930100,"Victoria, VA",30429
36047088400,"Kings County, NY",30428
28147950100,"Tylertown, MS",30428
45063020905,"Lexington, SC",30428
47019071500,"Hampton, TN",30427
12095013201,"Azalea Park, FL",30427
27007940002,"Cass Lake, MN",30426
36061024100,"Upper Manhattan, New York, NY",30426
21069920300,"Ewing, KY",30426
24033802001,"Suitland, Suitland-Silver Hill, MD",30425
8089968100,"Rocky Ford, CO",30425
17095001000,"Galesburg, IL",30424
45047970702,"Ninety Six, SC",30424
13263960100,"Shiloh, GA",30424
48113009000,"Riverway Estates/Bruton Terrace, Dallas, TX",30424
8041002300,"Downtown, Colorado Springs, CO",30424
42007602800,"Midland, PA",30423
1121010302,"Talladega, AL",30423
48113016623,"Glenn Heights, TX",30423
22071012400,"Marlyville - Fontainebleau, New Orleans, LA",30422
39003012200,"Lima, OH",30421
24033804801,"Mount Rainier, MD",30421
34029715600,"Lakewood, Lakewood Township, NJ",30420
22031950300,"Mansfield, LA",30420
42089300102,"East Stroudsburg, PA",30419
37063001711,"Durham, NC",30418
48375015400,"Amarillo, TX",30418
26133970400,"Evart, MI",30417
21195930900,"Ashcamp, KY",30417
5057480100,"Hope, AR",30417
6071003505,"Rialto, CA",30414
24039930102,"Princess Anne, MD",30414
47185935100,"Sparta, TN",30412
39049009321,"Beechwood, Columbus, OH",30412
26075005000,"Jackson, MI",30411
21057950100,"Burkesville, KY",30411
37023021100,"Hickory, NC",30409
48167724400,"Galveston, TX",30408
12011091100,"441 Corridor, Hollywood, FL",30407
55079018800,"Forest Home Hills, Milwaukee, WI",30407
51195931100,"Appalachia, VA",30406
36047078200,"Kings County, NY",30406
17097860500,"Zion, IL",30406
39005970400,"Ashland, OH",30405
48201420500,"Southwest Houston, Houston, TX",30404
48437950200,"Tulia, TX",30404
6107003801,"Porterville, CA",30403
21193970400,"Bulan, KY",30403
51840000100,"Winchester, VA",30403
22033004201,"Scotlandville, Brownfields, LA",30403
25025081800,"Roxbury, Boston, MA",30401
45075012000,"North, SC",30400
29095015800,"Crossroads, Kansas City, MO",30399
17031490300,"South Side, Chicago, IL",30399
48113007811,"Lake Highlands, Dallas, TX",30397
37027030400,"Lenoir, NC",30397
47073050200,"Rogersville, TN",30397
41039003302,"Springfield, OR",30397
6071003404,"Fontana, CA",30397
21107970600,"Madisonville, KY",30396
26163524000,"Springwells Village, Detroit, MI",30394
53011042300,"Hough, Vancouver, WA",30394
12095011000,"Northeast Orlando, Orlando, FL",30394
36005040502,"Bronx County, NY",30394
21195931800,"Mouthcard, KY",30394
37189920900,"Banner Elk, NC",30393
8031001000,"Valverde, Denver, CO",30393
8083969400,"Cortez, CO",30392
36005018301,"Bronx County, NY",30392
28117950200,"Booneville, MS",30391
12099001802,"West Palm Beach, FL",30391
13051010102,"Thunderbolt, GA",30389
21093000902,"Radcliff, KY",30388
36047038300,"Kings County, NY",30388
48145000300,"Marlin, TX",30388
12095018800,"Park Lake/ Highland, Orlando, FL",30387
5049550200,"Viola, AR",30387
13089023306,"Lithonia, GA",30386
11001009501,"Northeast Washington, Washington, DC",30386
36047057200,"Kings County, NY",30385
37057062002,"Denton, NC",30384
13049010100,"Folkston, GA",30383
36005007500,"Bronx County, NY",30383
8041006302,"Colorado Springs, CO",30383
21113060503,"Nicholasville, KY",30383
47087960200,"Granville, TN",30381
37097060603,"Statesville, NC",30381
51740210900,"Olde Towne, Portsmouth, VA",30381
5051011300,"Hot Springs, AR",30381
28017950300,"Houston, MS",30380
32007951700,"Jarbidge, NV",30378
6037212304,"Central LA, Los Angeles, CA",30378
8041004401,"Fort Carson, CO",30377
48129950200,"Clarendon, TX",30377
39145003100,"6th Ward, Portsmouth, OH",30375
4019004312,"Tucson, AZ",30374
12031015501,"Arlington, Jacksonville, FL",30374
32003002822,"Las Vegas, NV",30374
39113090302,"Dayton, OH",30374
48029171302,"Inner West Side, San Antonio, TX",30373
17031240800,"West Town, Chicago, IL",30373
31109001900,"Downtown, Lincoln, NE",30373
51540000201,"Barracks Rugby, Charlottesville, VA",30371
26023951600,"Coldwater, MI",30369
55079013300,"Milwaukee, WI",30369
37135010705,"Carrboro, NC",30369
47005963100,"Camden, TN",30368
18095011300,"Chesterfield, IN",30368
47063100900,"Morristown, TN",30368
36061022900,"Harlem, New York, NY",30368
8031000904,"Villa Park, Denver, CO",30367
22115950703,"Fort Polk, Fort Polk North, LA",30367
17031826000,"Calumet City, IL",30367
31157953700,"Scottsbluff, NE",30366
12086001703,"Miami, FL",30366
21195930600,"Pikeville, KY",30366
21021930400,"Danville, KY",30365
12071060101,"Fort Myers Beach, FL",30365
51083930202,"Vernon Hill, VA",30364
51540000402,"Belmont, Charlottesville, VA",30364
18003003600,"Fort Wayne, IN",30364
48373210301,"Onalaska, TX",30363
36005028300,"Bronx County, NY",30362
39035171204,"Maple Heights, OH",30362
44007017600,"Woonsocket, RI",30362
45051020300,"Loris, SC",30361
40109108005,"Spencer, OK",30361
2110000400,"Juneau, AK",30360
51740211600,"Midtown, Portsmouth, VA",30359
13235950100,"Hawkinsville, GA",30359
25025092300,"Dorchester, Boston, MA",30358
4013112502,"Maryvale Village, Phoenix, AZ",30358
13215000400,"Columbus, GA",30357
39113060100,"Dayton, OH",30357
40143007304,"Tulsa, OK",30357
6037212204,"Central LA, Los Angeles, CA",30356
12095013606,"Southeast Orlando, Orlando, FL",30356
36047052500,"Kings County, NY",30356
55051180100,"Hurley, WI",30355
18097355500,"Christian Park, Indianapolis, IN",30353
4019001801,"Palo Verde, Tucson, AZ",30353
9003416600,"New Britain, CT",30353
6065043006,"Lake Elsinore, CA",30353
47071920200,"Adamsville, TN",30353
6019002200,"Tower District, Fresno, CA",30352
54075960200,"Marlinton, WV",30351
34033020300,"Penns Grove, NJ",30351
6073001300,"North Park, San Diego, CA",30350
6001400900,"Gaskill, Oakland, CA",30350
6037232110,"South Figueroa Corridor, Los Angeles, CA",30349
47051960500,"Winchester, TN",30348
22127960400,"Winnfield, LA",30347
47155080500,"Sevierville, TN",30347
12111381402,"Fort Pierce, FL",30347
28005950300,"Liberty, MS",30347
37179021009,"Waxhaw, NC",30346
29187950300,"Bonne Terre, MO",30346
37021003103,"Black Mountain, NC",30345
6037575300,"Poly High, Long Beach, CA",30344
36081018200,"Queens County, NY",30344
36047089000,"Kings County, NY",30343
24510240300,"Riverside, Baltimore, MD",30343
13069010300,"Nicholls, GA",30343
37009970200,"Lansing, NC",30341
42021000500,"Johnstown, PA",30339
41039000705,"Florence, OR",30338
40121486100,"McAlester, OK",30337
6037208720,"Central LA, Los Angeles, CA",30337
20155001000,"Hutchinson, KS",30337
48167725000,"Galveston, TX",30336
40121486200,"McAlester, OK",30335
6037570404,"Freeway Circle, Long Beach, CA",30335
21199931101,"Bronston, KY",30334
53077002001,"Sunnyside, WA",30333
51810045604,"North Central, Virginia Beach, VA",30332
54055001300,"Princeton, WV",30332
6071007408,"San Gorgonio, San Bernardino, CA",30331
24510020200,"Upper Fells Point, Baltimore, MD",30331
40041376100,"Kansas, OK",30330
28151000800,"Greenville, MS",30330
12101030405,"New Port Richey, FL",30329
36081050600,"Queens County, NY",30328
13175951400,"Rentz, GA",30327
45059920600,"Clinton, SC",30326
48201222700,"Houston, TX",30326
45043920201,"Andrews, SC",30326
12086002706,"Edgewater, Miami, FL",30325
6059062648,"Laguna Woods, CA",30323
40013796300,"Durant, OK",30322
51175200200,"Capron, VA",30322
35001004733,"Westgate Heights, Albuquerque, NM",30322
47141000100,"Monterey, TN",30321
36047042300,"Kings County, NY",30320
48029140800,"Southside, San Antonio, TX",30320
36085031902,"Richmond County, NY",30319
49057201302,"Ogden, UT",30318
45001950500,"Abbeville, SC",30316
25013801503,"Boston Road, Springfield, MA",30315
48453001305,"Bouldin, Austin, TX",30315
48451000900,"San Angelo, TX",30315
21111011901,"Louisville, KY",30314
54055002400,"Princeton, WV",30314
6033000502,"Nice, CA",30312
22041950600,"Wisner, LA",30311
41003001101,"Corvallis, OR",30310
18035001100,"Cowing Park, Muncie, IN",30309
48073950500,"Jacksonville, TX",30309
40115574200,"Commerce, OK",30308
45041001506,"Effingham, SC",30308
36047092000,"Kings County, NY",30307
12086000710,"Hialeah, FL",30307
20061000500,"Junction City, KS",30307
32003001100,"Gateway District, Las Vegas, NV",30307
36005005200,"Bronx County, NY",30306
29223690400,"Wayne County, MO",30306
48141010505,"Fabens, TX",30306
12011100502,"Hallandale Beach, FL",30305
4019004038,"Carson Corner, Tucson, AZ",30305
37021001500,"Woodfin, NC",30303
12035060302,"Flagler Beach, FL",30303
54109002800,"Ravencliff, WV",30302
12017450601,"Homosassa, FL",30302
12095014400,"Lake Holden Shores, Orlando, FL",30302
48439121703,"Central Arlington, Arlington, TX",30301
22117951000,"Bogalusa, LA",30301
6089010200,"Garden Subdivision, Redding, CA",30301
47065010901,"Chattanooga, TN",30300
36005006400,"Bronx County, NY",30300
37119006005,"Moores Chapel, Charlotte, NC",30300
4013092500,"Glendale, AZ",30300
37077970500,"Oxford, NC",30299
39061005702,"Pleasant Ridge, Cincinnati, OH",30299
36047082200,"Kings County, NY",30297
21111012702,"Louisville, KY",30296
20173003900,"Wichita, KS",30296
6019006502,"Orange Cove, CA",30294
48029171601,"Inner West Side, San Antonio, TX",30294
4019002503,"Santa Cruz Southwest, Tucson, AZ",30293
12057012103,"Tampa, FL",30292
21125971002,"Corbin, KY",30291
32003005421,"Valley View, Henderson, NV",30291
36067000700,"Northside, Syracuse, NY",30290
34021000400,"Chambersburg, Trenton, NJ",30290
40047000700,"Enid, OK",30289
12031012704,"Westside, Jacksonville, FL",30289
34013018200,"City of Orange, NJ",30289
26081012606,"East Beltline, Grand Rapids, MI",30288
12101031503,"La Villa Gardens, New Port Richey, FL",30284
51760030500,"Downtown, Richmond, VA",30283
13201950200,"Colquitt, GA",30283
12031016200,"Southside, Jacksonville, FL",30283
55079016000,"Silver City, Milwaukee, WI",30282
42013100400,"Altoona, PA",30282
47155080601,"Sevierville, TN",30280
6065045703,"Coachella, CA",30280
47133950200,"Allons, TN",30278
44007015200,"Pawtucket, RI",30278
53009000700,"Port Angeles, WA",30277
17031480400,"Calumet Heights, Chicago, IL",30277
24043000900,"Hagerstown, MD",30276
35037958601,"Tucumcari, NM",30276
53063001800,"Bemiss, Spokane, WA",30275
37071030801,"Bessemer City, NC",30275
6037461600,"North Central, Pasadena, CA",30274
55079001300,"Silver Spring, Milwaukee, WI",30272
47037018101,"Whitebridge, Nashville, TN",30272
45027960701,"Manning, SC",30271
13089023209,"Stone Mountain, GA",30270
37183053420,"Sunset Hills, Apex, NC",30269
36047089600,"Kings County, NY",30269
12061050805,"Sebastian, FL",30268
45015020101,"Cross, SC",30268
36005012300,"Bronx County, NY",30266
45015020901,"Hanahan, SC",30265
21199930600,"Ferguson, KY",30265
36055003300,"Highland Park, Rochester, NY",30264
36047032600,"Kings County, NY",30264
13077170502,"Senoia, GA",30262
36047003900,"Kings County, NY",30262
22101040300,"Morgan City, LA",30262
9003504500,"Behind the Rocks, Hartford, CT",30260
45019003110,"North Charleston, SC",30260
13267950300,"Glennville, GA",30260
25009206800,"Lynn, MA",30259
51145500300,"Powhatan, VA",30258
39113080200,"Dayton, OH",30258
41015950301,"Brookings, OR",30257
48201421401,"Gulfton, Houston, TX",30255
17031240600,"West Town, Chicago, IL",30255
41001950300,"Baker City, OR",30254
6071007108,"Cooley Ranch, Colton, CA",30254
6031000900,"Hanford, CA",30254
42049002500,"Erie, PA",30253
48113006800,"Oak Cliff, Dallas, TX",30252
1095030201,"Grant, AL",30252
5083950300,"Paris, AR",30251
32003000514,"Las Vegas, NV",30248
41035971800,"Klamath Falls, OR",30247
17031031700,"Uptown, Chicago, IL",30246
48363000800,"Mineral Wells, TX",30246
47153060102,"Dunlap, TN",30245
21231920100,"Monticello, KY",30245
48141000302,"Mountain View North, El Paso, TX",30245
6019003001,"Roosevelt, Fresno, CA",30244
13121010514,"Fairburn, GA",30244
36093020300,"Schenectady, NY",30243
36107020701,"Spencer, NY",30243
39057200700,"Fairborn, OH",30242
37023021302,"Bostic, NC",30242
13297110800,"Social Circle, GA",30241
12105014400,"Lake Wales, FL",30241
37145920300,"Roxboro, NC",30241
17031823603,"Robbins, IL",30241
41041951300,"Toledo, OR",30240
39035102401,"West Boulevard, Cleveland, OH",30239
9003471200,"Bloomfield, CT",30239
6073018400,"Townsite, Oceanside, CA",30239
22039950600,"Ville Platte, LA",30238
51810040801,"Northwest, Virginia Beach, VA",30238
39155921000,"Warren, OH",30236
12103022901,"North Kenwood, Saint Petersburg, FL",30236
47059091000,"Greeneville, TN",30236
44007001800,"Hartford, Providence, RI",30235
12099003300,"Poiciana Park II, West Palm Beach, FL",30235
32003002954,"Las Vegas, NV",30235
12115000503,"Bellevue Terrace, Sarasota, FL",30233
4013111401,"Camelback East Village, Phoenix, AZ",30232
29095016700,"Hanover Place, Kansas City, MO",30231
47045964300,"Dyersburg, TN",30230
6037239310,"South Los Angeles, Los Angeles, CA",30229
12101030409,"Aloha Gardens, Holiday, FL",30228
26163523800,"Mexicantown - Southwest Detroit, Detroit, MI",30228
4019002000,"Julia Keen, Tucson, AZ",30228
51143010100,"Gretna, VA",30227
17031660800,"South Side, Chicago, IL",30225
48029140300,"Riverside, San Antonio, TX",30225
48029181003,"Northwest Side, San Antonio, TX",30224
20209044303,"Bethel Welborn, Kansas City, KS",30224
48113010601,"West Dallas, Dallas, TX",30222
1123962300,"Alexander City, AL",30222
4019004511,"Limberlost, Tucson, AZ",30222
6001408200,"Millsmont, Oakland, CA",30221
36085020700,"Richmond County, NY",30221
39049009322,"Leawood, Columbus, OH",30220
40109100800,"Central Oklahoma City, Oklahoma City, OK",30219
12105015701,"Frostproof, FL",30218
48067950200,"Marietta, TX",30217
45079011101,"Columbia, SC",30216
48029160701,"Edgewood, San Antonio, TX",30215
48113012211,"Dallas, TX",30215
42003271500,"Marshall-Shadeland, Pittsburgh, PA",30214
26049003500,"Flint, MI",30214
51590000100,"Danville, VA",30213
45087030100,"Union, SC",30212
5049550100,"Mammoth Spring, AR",30211
13159010100,"Shady Dale, GA",30211
17031691000,"South Side, Chicago, IL",30209
47019070300,"Elizabethton, TN",30209
12035060106,"Palm Coast, FL",30208
6007001200,"Chico, CA",30208
1055011002,"Boaz, AL",30204
39059977300,"Cambridge, OH",30204
4019004033,"Stella Vann, Tucson, AZ",30203
48061012609,"Brownsville, TX",30203
37097060701,"Statesville, NC",30203
37001021000,"Graham, NC",30203
36047086400,"Kings County, NY",30203
37193960100,"Elkin, NC",30202
26163526000,"Detroit, MI",30202
36047123700,"Kings County, NY",30202
22071001725,"Little Woods, New Orleans, LA",30201
6037541002,"Carson, CA",30201
6089010806,"Crestview Subdivision, Redding, CA",30200
1117030405,"Montevallo, AL",30200
19045000100,"Clinton, IA",30198
6019007100,"Selma, CA",30198
12001000808,"Kirkwood, Gainesville, FL",30198
4013422628,"Apache Paradise, Mesa, AZ",30198
39023002100,"Springfield, OH",30198
51193010200,"Montross, VA",30197
35049001202,"Santa Fe, NM",30197
37191000302,"Goldsboro, NC",30197
29155470300,"Caruthersville, MO",30196
37051003408,"Fort Bragg, NC",30196
42049012002,"Union City, PA",30195
42011000900,"Reading, PA",30194
4003001502,"Sierra Vista, AZ",30193
21045950300,"Liberty, KY",30193
11001007707,"Benning Ridge, Washington, DC",30193
36047040500,"Kings County, NY",30192
29127960500,"Hannibal, MO",30191
40031001100,"Lawton, OK",30191
36047107800,"Kings County, NY",30190
39131952200,"Waverly, OH",30190
51143010300,"Pittsville, VA",30189
37111970400,"Marion, NC",30189
35013001204,"Las Cruces, NM",30189
48453000307,"Cherrywood, Austin, TX",30188
18017951300,"Logansport, IN",30188
47167040700,"Covington, TN",30188
21021930300,"Danville, KY",30187
8123000200,"Greeley, CO",30187
48471790103,"Huntsville, TX",30186
13063040412,"Morrow, GA",30186
54089000600,"Talcott, WV",30186
29019001101,"Columbia, MO",30184
53011042700,"Harney Heights, Vancouver, WA",30184
28001000600,"Natchez, MS",30184
40143001600,"Maplewood, Tulsa, OK",30183
6037231600,"South Los Angeles, Los Angeles, CA",30183
47065003000,"Chattanooga, TN",30182
40109101200,"Central Oklahoma City, Oklahoma City, OK",30181
1097003408,"Colonial Heights, Mobile, AL",30181
5039970100,"Fordyce, AR",30181
39155921300,"Warren, OH",30180
48439122801,"Arlington, TX",30179
48453001503,"Skyview, Austin, TX",30177
37067002903,"Winston-Salem, NC",30176
36005025100,"Bronx County, NY",30176
4019004505,"Flowing Wells, Tucson, AZ",30175
12105014802,"Mulberry, FL",30175
47141000700,"Cookeville, TN",30175
48061014200,"Port Isabel, TX",30174
48453002312,"Montopolis, Austin, TX",30173
37071031001,"Gastonia, NC",30173
36047052900,"Kings County, NY",30172
48375014500,"Amarillo, TX",30172
2290000200,"Minto, AK",30168
6073004800,"Grant Hill, San Diego, CA",30168
51089010300,"Martinsville, VA",30166
12057014108,"Ruskin, FL",30166
13201950100,"Colquitt, GA",30165
4013116703,"South Mountain Village, Phoenix, AZ",30164
8001007900,"Aurora, CO",30163
46103010200,"Rapid City, SD",30162
1039963000,"Florala, AL",30162
6019004901,"Fresno, CA",30160
6001409800,"Oak Knoll Golf Links, Oakland, CA",30160
9003504900,"Behind the Rocks, Hartford, CT",30159
51135000100,"Blackstone, VA",30158
12021011302,"Corkscrew, Immokalee, FL",30157
37067002901,"Winston-Salem, NC",30157
28049011300,"Utica, MS",30157
22033002801,"Highlands/Perkins, Baton Rouge, LA",30157
26163538400,"University District, Detroit, MI",30156
32003004500,"North Las Vegas, NV",30156
12099004102,"West Palm Beach, FL",30156
35035000305,"Alamogordo, NM",30156
48209010302,"Blanco Gardens, San Marcos, TX",30155
47025970200,"Harrogate, TN",30154
36005038200,"Bronx County, NY",30154
12009069300,"Fowlers, Merritt Island, FL",30154
48201240600,"Greenspoint, Houston, TX",30154
12083000602,"Ocklawaha, FL",30154
39061005900,"Pleasant Ridge, Cincinnati, OH",30152
37147001800,"Farmville, NC",30151
39013011600,"Bellaire, OH",30151
4025000609,"Prescott Valley Units, Prescott Valley, AZ",30150
48183001000,"Longview, TX",30150
48215021304,"Hidalgo, TX",30150
9001043700,"Norwalk, CT",30149
12001001908,"Gainesville, FL",30149
27053104900,"University of Minnesota - Twin Cities, Minneapolis, MN",30149
39131952500,"Waverly, OH",30147
42089300305,"Tobyhanna, PA",30146
17119401500,"Alton, IL",30145
21053970100,"Albany, KY",30144
12083002002,"Ocala, FL",30143
41047001801,"Salem, OR",30143
29169470389,"Fort Leonard Wood, MO",30142
47087960100,"Gainesboro, TN",30142
1125011402,"The Strip, Tuscaloosa, AL",30141
34031175802,"Passaic, NJ",30141
37187950100,"Roper, NC",30139
17197883606,"University Park, IL",30139
11001002301,"Northwest Washington, Washington, DC",30138
6065044507,"Desert Hot Springs, CA",30137
12101030407,"Holiday, FL",30137
13111050200,"Blue Ridge, GA",30136
24510280401,"Baltimore, MD",30136
6073001600,"Corridor, San Diego, CA",30135
12105012506,"Davenport, FL",30135
51810042802,"Virginia Beach, VA",30134
12086004203,"West Avenue, Miami Beach, FL",30134
6073003305,"Lincoln Park, San Diego, CA",30131
42071000200,"Lancaster, PA",30131
18095010200,"Elwood, IN",30130
48113009104,"Piedmont Addition, Dallas, TX",30130
41011000503,"Coos Bay, OR",30130
32003003641,"North Las Vegas, NV",30129
36047042500,"Kings County, NY",30128
47001020500,"Oak Ridge, TN",30127
6037600902,"Inglewood, CA",30125
36047052300,"Kings County, NY",30125
39101000400,"Marion, OH",30125
48203020302,"Marshall, TX",30124
6065041600,"Corona, CA",30124
12101030412,"Holiday Lake Estates, Holiday, FL",30124
47157009700,"Colonial Acres, Memphis, TN",30123
26163523400,"Mexicantown - Southwest Detroit, Detroit, MI",30122
36047039100,"Kings County, NY",30122
6111005002,"Nyeland Acres, Oxnard, CA",30120
10003002600,"Hedgeville, Wilmington, DE",30120
17031351000,"Bronzeville, Chicago, IL",30120
18093951000,"Bedford, IN",30115
47037019005,"Barcelona Condos, Nashville, TN",30115
12105015301,"Bartow, FL",30115
48029161600,"Southside, San Antonio, TX",30114
6065040203,"Rubidoux, Riverside, CA",30112
21073070600,"Frankfort, KY",30112
31055000400,"Sherman, Omaha, NE",30112
54081000400,"Beckley, WV",30112
12121970600,"O'Brien, FL",30110
2020000703,"Northeast Anchorage, Anchorage, AK",30109
32031001801,"Northeast Reno, Reno, NV",30107
12103025417,"Paradise Island, Largo, FL",30106
53053940007,"Eastside, Tacoma, WA",30105
32003003415,"Smoke Ranch, Las Vegas, NV",30105
48141002202,"El Paso High, El Paso, TX",30105
44007015100,"Pawtucket, RI",30105
36005023301,"Bronx County, NY",30104
47073050700,"Church Hill, TN",30103
39167020102,"Belpre, OH",30103
26143971100,"Roscommon County, MI",30103
47185935200,"Sparta, TN",30102
36027200002,"Millbrook, NY",30101
6045011800,"Hopland, CA",30101
6037226001,"South Los Angeles, Los Angeles, CA",30101
12005000600,"Mexico Beach Business Center, Mexico Beach, FL",30101
29189210806,"Florissant, MO",30100
48083950300,"Coleman, TX",30100
1111000600,"Wadley, AL",30100
6019002904,"Roosevelt, Fresno, CA",30099
39061002000,"Walnut Hills, Cincinnati, OH",30098
5065960200,"Melbourne, AR",30098
45045003704,"Greenville, SC",30097
48113014309,"Las Colinas, Irving, TX",30097
48061013700,"Brownsville, TX",30096
24510260401,"Armistead Gardens, Baltimore, MD",30096
1001020600,"Prattville, AL",30095
42107001900,"Guinea Hill, Pottsville, PA",30094
12001001802,"Alachua, FL",30094
47035970301,"Crossville, TN",30094
29169470286,"Saint Robert, MO",30093
37127010300,"Rocky Mount, NC",30093
47145030800,"Harriman, TN",30092
42073000300,"New Castle, PA",30092
29029950600,"Linn Creek, MO",30091
17031390700,"East Hyde Park, Chicago, IL",30090
36047021300,"Kings County, NY",30088
12011090301,"Royal Poinciana, Hollywood, FL",30088
4019001802,"Palo Verde, Tucson, AZ",30087
6029000600,"Homaker Park, Bakersfield, CA",30085
20103070500,"Leavenworth, KS",30085
22069000600,"Natchitoches, LA",30084
1003011202,"Fairhope, AL",30083
18097310306,"Gateway West, Indianapolis, IN",30083
48029160702,"Edgewood, San Antonio, TX",30083
34031180800,"Paterson, NJ",30082
48217961000,"Hillsboro, TX",30082
12083002001,"Ocala, FL",30082
36047024500,"Kings County, NY",30082
6039000604,"Madera, CA",30082
42091203804,"Norristown, PA",30081
48113009301,"Piedmont Addition, Dallas, TX",30080
11001009902,"Southeast Washington, Washington, DC",30080
11001002501,"16th Street Heights, Washington, DC",30078
51089011300,"Bassett, VA",30078
13095011000,"Albany, GA",30077
36061022302,"Harlem, New York, NY",30077
37023020301,"Morganton, NC",30075
40039950800,"Clinton, OK",30073
6073003001,"Emerald Hills, San Diego, CA",30073
5051011700,"Hot Springs, AR",30073
6047001700,"Merced, CA",30073
13253200200,"Donalsonville, GA",30072
21083020100,"Mayfield, KY",30071
51760071100,"Cedarhurst, Richmond, VA",30071
11001003700,"Northwest Washington, Washington, DC",30071
13313001200,"Dalton, GA",30071
29141470500,"Gravois Mills, MO",30070
37049960402,"Trent Woods, NC",30070
44007000200,"Elmwood, Providence, RI",30069
6073020214,"Central Escondido, Escondido, CA",30069
16031950400,"Burley, ID",30069
48479001806,"Laredo, TX",30068
36047051001,"Kings County, NY",30068
36055003600,"Swillburg, Rochester, NY",30067
48441013300,"Buck Creek Area, Abilene, TX",30066
4019003504,"Corbett, Tucson, AZ",30066
39061009600,"East Price Hill, Cincinnati, OH",30066
13285960100,"Hogansville, GA",30065
12105012700,"Haines City, FL",30064
48353950400,"Sweetwater, TX",30064
6077000600,"Park, Stockton, CA",30063
26145011600,"Bridgeport, Saginaw, MI",30063
36059414002,"Roosevelt, NY",30063
22015010601,"Bossier City, LA",30062
48029180504,"Inner West Side, San Antonio, TX",30062
6037576302,"Downtown, Long Beach, CA",30061
6037237102,"South Figueroa Corridor, Los Angeles, CA",30059
45055970500,"Camden, SC",30058
6039000900,"Madera, CA",30058
35049010700,"Santa Fe, NM",30057
22071010100,"Milan, New Orleans, LA",30057
12005000806,"East Bay Park, Panama City, FL",30057
45029970700,"Cottageville, SC",30057
6105000200,"Big Bar, CA",30057
29091090700,"West Plains, MO",30056
32003001718,"Las Vegas, NV",30055
51185020800,"Tazewell County, VA",30053
41047000900,"Southeast Salem, Salem, OR",30052
32003000403,"Downtown, Las Vegas, NV",30051
5069000303,"Pine Bluff, AR",30051
42007605700,"Aliquippa, PA",30050
39049002000,"Victorian Village, Columbus, OH",30049
28097950100,"Winona, MS",30048
20173006500,"Planeview United, Wichita, KS",30048
17031830600,"Rogers Park, Chicago, IL",30048
12083000401,"Fort McCoy, FL",30047
18009975200,"Hartford City, IN",30047
25013812300,"West Springfield, MA",30047
35013001804,"Chaparral, NM",30046
13019970600,"Ray City, GA",30046
6019003807,"West Fresno, Fresno, CA",30045
12123950300,"Perry, FL",30044
21195930700,"Virgie, KY",30044
20103070400,"Leavenworth, KS",30044
48141000207,"Northeast El Paso, El Paso, TX",30043
24033803508,"Glenarden, MD",30043
6019000100,"Downtown, Fresno, CA",30043
12011110404,"Miramar, FL",30042
12031012900,"Cedar Hills, Jacksonville, FL",30042
12017451101,"Inverness, FL",30042
12105013002,"Auburndale, FL",30042
6071004700,"Roosevelt, San Bernardino, CA",30041
20209043903,"Coronado, Kansas City, KS",30040
12097041100,"Kissimmee, FL",30040
17197881900,"River Bluffs, Joliet, IL",30040
41039003301,"Springfield, OR",30040
6067005002,"Sacramento, CA",30040
40031001500,"Lawton, OK",30039
44007002200,"Valley, Providence, RI",30039
18095002000,"Anderson, IN",30038
12099004704,"Greenacres, FL",30038
48245002500,"Beaumont, TX",30038
36071015003,"Monroe, NY",30038
37161960600,"Spindale, NC",30037
28113950400,"McComb, MS",30037
37047931000,"Whiteville, NC",30037
12127091020,"Deltona Lakes, Deltona, FL",30036
48215024108,"Mission, TX",30035
6037124104,"North Hollywood, Los Angeles, CA",30035
34013010500,"East Orange, NJ",30034
26161415200,"Allen, Ypsilanti, MI",30033
51730811000,"Petersburg, VA",30033
48485010700,"Wichita Falls, TX",30032
17127970400,"Metropolis, IL",30032
36063021700,"Niagara Falls, NY",30032
6019003202,"McLane, Fresno, CA",30032
48453000801,"East Austin, Austin, TX",30031
37085071202,"Spring Lake, NC",30030
12086002403,"Allapattah, Miami, FL",30029
21083020200,"Mayfield, KY",30029
42101025900,"North Philadelphia, Philadelphia, PA",30028
51520020200,"Bristol, VA",30028
48309004300,"Kendrick, Waco, TX",30027
34013018300,"City of Orange, NJ",30027
41019170000,"Winston, OR",30027
37161960500,"Rutherfordton, NC",30027
55079005900,"St. Joseph's, Milwaukee, WI",30026
25013801502,"Pine Point, Springfield, MA",30025
13065970100,"Homerville, GA",30024
20173001900,"Uptown, Wichita, KS",30023
13161960300,"Denton, GA",30023
6071001503,"Ontario, CA",30023
13067031406,"Austell, GA",30023
27053106900,"Powderhorn, Minneapolis, MN",30023
8033000100,"Cahone, CO",30022
4013111700,"Coronado, Phoenix, AZ",30021
48167724900,"Galveston, TX",30020
40109105904,"Central Oklahoma City, Oklahoma City, OK",30019
1097007300,"Bayou La Batre, AL",30019
12027010301,"Arcadia, FL",30019
20173006800,"Wichita, KS",30019
26163501500,"Cornerstone Village, Detroit, MI",30018
35001000708,"East Central Business Park, Albuquerque, NM",30017
40125500500,"Shawnee, OK",30016
36081017800,"Queens County, NY",30016
47179061800,"Jonesborough, TN",30016
6073004000,"Stockton, San Diego, CA",30015
39061024901,"Newtown, OH",30015
4019004431,"Gladden Farms, Marana, AZ",30014
47059091300,"Mosheim, TN",30014
26075000900,"Jackson, MI",30013
6037221304,"Central LA, Los Angeles, CA",30013
4021002001,"Eloy, AZ",30013
38005956600,"Maddock, ND",30012
47049965300,"Clarkrange, TN",30012
48349970900,"Corsicana, TX",30012
12101031203,"The Estates Of Beacon Woods Golf And Country Club, Hudson, FL",30012
37147000601,"Medical District, Greenville, NC",30012
36061029900,"Inwood, New York, NY",30012
17091011400,"Kankakee, IL",30011
45077010502,"Pickens, SC",30011
19137960300,"Red Oak, IA",30008
13063040413,"Rex, GA",30008
48453002412,"Franklin Park, Austin, TX",30007
26125162000,"Southfield, MI",30007
29077000400,"West Central, Springfield, MO",30004
36047112400,"Kings County, NY",30004
17029000400,"Mattoon, IL",30004
1019955900,"Piedmont, AL",30003
48029171402,"Edgewood, San Antonio, TX",30003
39017011004,"Hamilton, OH",30002
6067008911,"Rancho Cordova, CA",30002
12101031805,"Highlands, Spring Hill, FL",30002
48027021601,"Belton, TX",30001
13179010400,"Midway, GA",30000
12105012502,"Davenport, FL",29999
41011000700,"Coos Bay, OR",29999
48041001601,"College Station, TX",29998
5039970200,"Sparkman, AR",29998
6037602700,"Hawthorne, CA",29998
39009972900,"The Plains, OH",29997
12117021902,"Altamonte Springs, FL",29997
47157021724,"Memphis, TN",29994
47157007400,"East Memphis, Memphis, TN",29994
47149040104,"La Vergne, TN",29993
48113011701,"Pleasant Grove, Dallas, TX",29992
42075000401,"Lebanon, PA",29992
26113960200,"Lake City, MI",29992
36001002600,"Second Avenue, Albany, NY",29992
28079040500,"Lena, MS",29991
48049950800,"Brownwood, TX",29991
45003021700,"Wagener, SC",29991
11001006802,"Barney Circle, Washington, DC",29989
47155080400,"Sevierville, TN",29988
54039012900,"South Charleston, WV",29987
26031960800,"Wolverine, MI",29987
37179020601,"Monroe, NC",29987
39035140302,"Cleveland Heights, OH",29986
37045951200,"Shelby, NC",29986
36047032500,"Kings County, NY",29985
12061050603,"Vero Beach, FL",29985
17055040900,"West Frankfort, IL",29985
41053005100,"West Salem, Salem, OR",29983
5009790502,"Harrison, AR",29983
44007018000,"Woonsocket, RI",29982
26099263600,"Fitzgerald, Warren, MI",29982
1073014105,"Bessemer, AL",29981
47079969100,"Puryear, TN",29980
29051010500,"Jefferson City, MO",29979
37163970800,"Clinton, NC",29978
4013071801,"Sun City, AZ",29978
39007000801,"Geneva, OH",29978
17031810200,"Evanston, IL",29978
48113019213,"Far North Dallas, Dallas, TX",29978
4023966302,"Nogales, AZ",29977
28047003208,"Gulfport, MS",29977
48141010319,"El Paso, TX",29977
32003005615,"Mesquite, NV",29976
6037237800,"South Los Angeles, Los Angeles, CA",29974
6065049500,"Indio, CA",29973
41041950800,"Newport, OR",29972
48485013200,"Wichita Falls, TX",29972
1073012500,"Sherman Heights, Mulga, AL",29972
6071010423,"Landers, CA",29971
34007604100,"Oaklyn, NJ",29971
1025957700,"Coffeeville, AL",29970
45041000500,"Florence, SC",29969
39095003900,"Southside, Toledo, OH",29969
12085001200,"Stuart, FL",29969
37067003805,"Winston-Salem, NC",29969
12011050401,"Oakland Park, FL",29969
51670820600,"Hopewell, VA",29968
12086000308,"Miami, FL",29968
36081059200,"Queens County, NY",29967
6019004704,"Fresno, CA",29967
6067004402,"Sacramento, CA",29966
51191010502,"Abingdon, VA",29966
26163515400,"Detroit, MI",29965
4013061402,"Avondale, AZ",29964
6031001300,"Corcoran, CA",29964
20209040500,"Bethel Welborn, Kansas City, KS",29963
48423001601,"Tyler, TX",29963
12073002103,"Tallahassee, FL",29962
48167722200,"Texas City, TX",29962
48029160902,"Quintana Community, San Antonio, TX",29962
8101000400,"Northside, Pueblo, CO",29961
48343950300,"Daingerfield, TX",29960
51087200501,"Richmond, VA",29959
29015460400,"Lincoln, MO",29959
6037703100,"View Park, View Park-Windsor Hills, CA",29955
35053978100,"La Joya, NM",29954
4013112700,"Estrella Village, Phoenix, AZ",29954
4019004504,"Flowing Wells, Tucson, AZ",29953
4013112505,"Estrella Village, Phoenix, AZ",29952
6065031300,"Casa Blanca, Riverside, CA",29952
13121010515,"Fairburn, GA",29950
55105001900,"Beloit, WI",29950
47157001200,"The Heights, Memphis, TN",29950
21067003300,"Eastland Parkway, Lexington, KY",29949
4013112100,"Maryvale Village, Phoenix, AZ",29949
4019004117,"Tucson, AZ",29948
12086010703,"Princeton, FL",29948
25025140106,"Roslindale, Boston, MA",29948
21079970300,"Lancaster, KY",29948
17031282700,"Lawndale, Chicago, IL",29947
39113003300,"Walnut Hills, Dayton, OH",29946
12083002601,"Ocala, FL",29946
28067950402,"Laurel, MS",29943
13089021906,"Stone Mountain, GA",29943
17031030603,"Edgewater, Chicago, IL",29941
6037542700,"Compton, CA",29941
48177000500,"Nixon, TX",29939
8031008306,"Northeast, Denver, CO",29935
12099003201,"West Palm Beach, FL",29934
26019000500,"Benzonia, MI",29934
40119010500,"Stillwater, OK",29934
6045011102,"Point Arena, CA",29932
45079011412,"Columbia, SC",29932
6037570303,"North Long Beach, Long Beach, CA",29932
48053960500,"Granite Shoals, TX",29932
4013104502,"Ironwood Place, Phoenix, AZ",29930
12086000901,"Miami, FL",29929
12091023307,"Destin, FL",29928
54107011000,"Parkersburg, WV",29928
6073010013,"San Ysidro, San Diego, CA",29926
31055002100,"Southeast Omaha, Omaha, NE",29926
37011930100,"Banner Elk, NC",29926
35031945400,"Gallup, NM",29924
30003940400,"Lame Deer, MT",29924
28073020302,"Hattiesburg, MS",29923
50003970900,"Bennington County, VT",29923
53077001201,"Yakima, WA",29923
12011080103,"Dania Beach, FL",29923
12086011202,"Homestead, FL",29922
13213010100,"Crandall, GA",29922
20173003100,"Stanley/Aley, Wichita, KS",29921
4013112202,"Maryvale Village, Phoenix, AZ",29921
51550020808,"Indian River, Chesapeake, VA",29919
42083420200,"Bradford, PA",29918
45007012200,"Starr, SC",29917
6111002400,"Ventura, CA",29917
39145002800,"Franklin Furnace, OH",29917
29189210704,"St. Louis, MO",29917
6037239201,"South Los Angeles, Los Angeles, CA",29916
48029141402,"East Side, San Antonio, TX",29916
26145010800,"Saginaw, MI",29916
42069100900,"Scranton, PA",29915
40089098500,"Broken Bow, OK",29914
51710001300,"Wards Corner, Norfolk, VA",29914
42101023700,"Mount Airy, Philadelphia, PA",29913
4019002803,"Doolen-Fruitvale, Tucson, AZ",29913
47059090800,"Greeneville, TN",29912
35001002200,"Raynolds Addition, Albuquerque, NM",29912
51083930800,"South Boston, VA",29911
21099970200,"Bonnieville, KY",29911
9009351100,"Waterbury, CT",29910
1069041100,"Dothan, AL",29909
39049001000,"Old North Columbus, Columbus, OH",29909
55079015800,"Clarke Square, Milwaukee, WI",29908
12033003700,"Cantonment, FL",29908
6077000801,"Seaport, Stockton, CA",29907
12127080803,"Ormond Beach, FL",29906
2170000603,"Wasilla, AK",29905
26077005501,"Burke Acres, Kalamazoo, MI",29904
39093023700,"Lorain, OH",29903
25027731203,"Main South, Worcester, MA",29903
39035185101,"South Euclid, OH",29903
37119001607,"Eastland - Wilora Lake, Charlotte, NC",29902
37157040102,"Reidsville, NC",29902
39081011200,"Toronto, OH",29901
8031008305,"Montbello, Denver, CO",29901
45041001504,"Effingham, SC",29900
4013111601,"Encanto Village, Phoenix, AZ",29900
39031961500,"Coshocton, OH",29899
12031012200,"Hillcrest, Jacksonville, FL",29897
39035102102,"West Boulevard, Cleveland, OH",29896
15007040900,"Kekaha, HI",29896
17031222600,"Logan Square, Chicago, IL",29896
39049009900,"Busch, Columbus, OH",29895
6037228800,"Central Alameda, Los Angeles, CA",29894
5031000200,"Jonesboro, AR",29893
40143007641,"Tulsa, OK",29893
51580060100,"Covington, VA",29892
26049003600,"Flint, MI",29892
40051001000,"Chickasha, OK",29892
39035187103,"University Heights, OH",29890
36005037300,"Bronx County, NY",29890
20209041700,"Riverview, Kansas City, KS",29890
36081052200,"Queens County, NY",29890
34039039900,"Elizabeth, NJ",29889
34003015300,"Englewood, NJ",29889
24510270903,"Hillen, Baltimore, MD",29888
47029920100,"Bybee, TN",29888
36081078800,"Queens County, NY",29887
6037542900,"Compton, CA",29887
47167041000,"Mason, TN",29887
48049950700,"Brownwood, TX",29886
17031630100,"Gage Park, Chicago, IL",29884
17031833900,"South Side, Chicago, IL",29884
51089011200,"Bassett, VA",29883
24033804001,"Bladensburg, MD",29883
21013960400,"Miracle, KY",29881
48055960400,"Lockhart, TX",29879
12095012304,"Orlando, FL",29878
48419950400,"Center, TX",29878
21095970600,"Wallins Creek, KY",29878
6037542105,"Compton, CA",29877
48453001308,"South Congress, Austin, TX",29876
6099001603,"Modesto, CA",29876
28061950100,"Louin, MS",29876
8071000500,"Trinidad, CO",29875
53063003200,"Cliff/Cannon, Spokane, WA",29875
6047000701,"Atwater, CA",29875
6065043821,"Beaumont, CA",29874
36005016700,"Bronx County, NY",29874
6019005607,"Clovis, CA",29874
34005702802,"Willingboro, NJ",29874
12097042000,"Kissimmee, FL",29873
51037930300,"Saxe, VA",29872
29097011600,"Carthage, MO",29872
48441010300,"Sears Park Area, Abilene, TX",29872
24005491401,"Parkville, MD",29872
45015020711,"Summerville, SC",29871
12127082415,"Daytona Beach, FL",29870
6065047202,"Desert Hot Springs, CA",29870
48029190504,"Midtown, San Antonio, TX",29869
53063002600,"Chief Garry Park, Spokane, WA",29868
12127080600,"Village Of Melrose, Ormond Beach, FL",29868
54069000400,"Wheeling, WV",29866
1067030100,"Abbeville, AL",29864
47037010105,"Marrowbone, Nashville, TN",29864
12009065201,"Palm Bay, FL",29861
5133080300,"De Queen, AR",29860
39049009312,"Pine Hills, Columbus, OH",29860
4013113601,"Camelback East Village, Phoenix, AZ",29859
48029150100,"Downtown, San Antonio, TX",29859
17031825700,"Chicago, IL",29859
34025807500,"Neptune City, NJ",29859
34031180600,"Paterson, NJ",29859
42045402300,"Lansdowne, PA",29859
26025003500,"Albion, MI",29859
51087201501,"Richmond, VA",29859
30099000300,"Choteau, MT",29859
37101040302,"Selma, NC",29856
6037277400,"Los Angeles, CA",29856
4013109900,"Maryvale Village, Phoenix, AZ",29852
22051021500,"Metairie, LA",29851
1083021000,"Athens, AL",29850
6065045609,"Thermal, CA",29849
36069051100,"Canandaigua, NY",29848
39035141602,"Cleveland Heights, OH",29848
41039003201,"Springfield, OR",29846
10005050105,"Lincoln, DE",29845
26049010115,"Clio, MI",29845
45023020500,"Chester, SC",29845
26119910400,"Atlanta, MI",29844
12015020700,"Port Charlotte, FL",29844
1065040100,"Akron, AL",29843
40135030101,"Sallisaw, OK",29842
5119003607,"Jacksonville, AR",29842
8001008100,"Fitzsimons, Aurora, CO",29842
6001409700,"Castlemont, Oakland, CA",29842
55129950100,"Minong, WI",29841
19193001200,"Sioux City, IA",29840
36047042900,"Kings County, NY",29840
45051051405,"Myrtle Beach, SC",29838
51087201202,"Highland Springs, VA",29837
37027031202,"Hudson, NC",29837
48113010703,"Dallas, TX",29835
23003952500,"Houlton, ME",29835
12021010701,"East Naples, Naples, FL",29834
39151715000,"Massillon, OH",29834
36031961400,"Minerva, NY",29833
22093040400,"Convent, LA",29833
23029955900,"Dennysville, ME",29830
48479000300,"Western Division, Laredo, TX",29830
47005963300,"Camden, TN",29829
48215024403,"Elsa, TX",29829
22115950702,"Fort Polk, Fort Polk South, LA",29829
45019003113,"North Charleston, SC",29829
48029150800,"Harlandale, San Antonio, TX",29828
48113018506,"Lake Highlands, Dallas, TX",29828
12083000802,"Summerfield, FL",29828
6037237600,"South Figueroa Corridor, Los Angeles, CA",29827
37119005613,"Charlotte, NC",29827
22099020501,"Breaux Bridge, LA",29826
13097080602,"Douglasville, GA",29826
48029180201,"Los Angeles Heights - Keystone, San Antonio, TX",29824
29021000300,"Saint Joseph, MO",29824
12105012125,"Lakeland, FL",29824
5041950200,"Dumas, AR",29824
51109950400,"Louisa, VA",29822
35013000500,"Las Cruces, NM",29822
2220000100,"Sitka, AK",29822
47105060202,"Lenoir City, TN",29822
4003000600,"Douglas, AZ",29821
39095005200,"East Toledo, Toledo, OH",29821
29189212300,"St. Louis, MO",29820
22003950300,"Oakdale, LA",29820
26029001300,"Boyne City, MI",29819
39167020800,"Marietta, OH",29819
17091011700,"Kankakee, IL",29819
5011950300,"Warren, AR",29818
6037222002,"South Los Angeles, Los Angeles, CA",29818
8041006400,"Colorado Springs, CO",29817
6035040100,"Bieber, CA",29816
48167723700,"Hitchcock, TX",29816
37115010200,"Hot Springs, NC",29815
47005963000,"Big Sandy, TN",29814
12009071600,"Merritt Ridge Sheet, Merritt Island, FL",29814
45025950101,"Pageland, SC",29814
21151011301,"Berea, KY",29814
36119000500,"Getty Square, Yonkers, NY",29811
48507950100,"Batesville, TX",29809
13237960201,"Eatonton, GA",29809
47157011800,"Memphis, TN",29809
12095016508,"Orlando, FL",29809
6037240200,"South Los Angeles, Los Angeles, CA",29807
5093011100,"Osceola, AR",29806
24510260800,"Baltimore Highlands, Baltimore, MD",29806
37195001300,"Elm City, NC",29805
13139001003,"Gainesville, GA",29805
13035150200,"Jackson, GA",29804
53075000600,"Pullman, WA",29804
39035171102,"Maple Heights, OH",29803
47025970700,"New Tazewell, TN",29803
48355001903,"Central City, Corpus Christi, TX",29801
34013002300,"Lower Vailsburg, Newark, NJ",29801
39095001303,"Ottawa, Toledo, OH",29800
32031002707,"Sun Valley, NV",29800
37081010800,"Downtown, Greensboro, NC",29798
12059960200,"Westville, FL",29797
48201231800,"East Little York/ Homestead, Houston, TX",29795
48113004700,"Oak Cliff, Dallas, TX",29794
26049011301,"Burton, MI",29793
45083023102,"Wellford, SC",29792
39091004200,"Russells Point, OH",29789
48201313200,"Southeast Houston, Houston, TX",29789
48489950300,"Raymondville, TX",29788
26047970100,"Carp Lake, MI",29788
48029140200,"Southside, San Antonio, TX",29788
6037602802,"South Los Angeles, Los Angeles, CA",29787
51770001900,"Roanoke, VA",29786
51033030100,"Woodford, VA",29785
6037460302,"Altadena, CA",29784
20035494100,"Arkansas City, KS",29783
36047004700,"Kings County, NY",29782
48405950100,"San Augustine, TX",29782
27137001700,"East Hillside, Duluth, MN",29782
35005000700,"Roswell, NM",29782
48215022105,"Donna, TX",29782
12101031404,"Holiday Gardens Estates, New Port Richey, FL",29781
12031013502,"McGirts Creek, Jacksonville, FL",29780
17031826304,"Dolton, IL",29779
1097001902,"Mobile, AL",29778
12099000304,"Palm Beach Gardens, FL",29778
19163011500,"Davenport, IA",29777
5109953300,"Glenwood, AR",29777
17097862502,"Waukegan, IL",29776
40091780200,"Eufaula, OK",29774
6067006300,"North Sacramento, Sacramento, CA",29774
45079010200,"Blythewood, SC",29774
17199020400,"Herrin, IL",29773
39035133103,"Bedford Heights, OH",29773
5103950500,"Camden, AR",29773
48113009105,"Piedmont Addition, Dallas, TX",29773
51105950100,"Keokee, VA",29771
42101009801,"Overbrook, Philadelphia, PA",29771
12105011731,"Lakeland, FL",29770
24033802700,"Capitol Heights, MD",29767
37081012609,"Greensboro, NC",29767
12099002005,"Palm Beach Lakes, West Palm Beach, FL",29767
2020000702,"Northeast Anchorage, Anchorage, AK",29766
29510119101,"Central West End, St. Louis, MO",29766
29095000900,"Northeast Kansas City, Kansas City, MO",29766
48309001600,"Waco, TX",29765
51083930600,"South Boston, VA",29764
36007013100,"Endicott, NY",29764
20177000700,"North Topeka West, Topeka, KS",29763
23009966500,"Sedgwick, ME",29763
12053041401,"Spring Hill, FL",29762
10001041000,"Dover, DE",29762
6001423300,"Southwest Berkeley, Berkeley, CA",29762
26049011401,"Burton, MI",29762
6037542200,"Compton, CA",29759
23019022500,"Greenbush, ME",29759
5131000502,"Fort Smith, AR",29758
6073001700,"Mid-City, San Diego, CA",29758
42129800200,"Arnold, PA",29757
36067006000,"Valley, Syracuse, NY",29757
51760041600,"Carillon, Richmond, VA",29756
18097342300,"Mars Hill, Indianapolis, IN",29754
37087920700,"Maggie Valley, NC",29754
36063020700,"Niagara Falls, NY",29754
48029131200,"Comanche, San Antonio, TX",29753
40013795700,"Bokchito, OK",29752
28047003700,"Biloxi, MS",29752
36047028900,"Kings County, NY",29752
26163501800,"East English Village, Detroit, MI",29751
25027731800,"Bell Hill, Worcester, MA",29751
23009966000,"Mount Desert, ME",29747
6025010200,"Imperial, CA",29747
36047033900,"Kings County, NY",29745
12017450304,"Beverly Hills, FL",29745
22077951900,"New Roads, LA",29745
51049930100,"Cumberland, VA",29745
25025082000,"Roxbury, Boston, MA",29744
48141010340,"El Paso, TX",29744
26163577100,"Lincoln Park, MI",29744
36035971100,"Gloversville, NY",29744
47029920400,"Del Rio, TN",29744
42003562400,"Beltzhoover, Pittsburgh, PA",29744
4019004510,"Limberlost, Tucson, AZ",29743
40109108008,"Oklahoma City, OK",29743
6037535102,"South Los Angeles, Los Angeles, CA",29743
4019001000,"Barrio Santa Rosa, Tucson, AZ",29743
55025003200,"Eagle Heights Assembly, Madison, WI",29742
42013101700,"Altoona, PA",29740
48061014001,"Brownsville, TX",29740
48029160901,"South San Antonio, San Antonio, TX",29739
36087012105,"Monsey, NY",29739
12101031407,"Cypress Knolls, New Port Richey, FL",29738
35017964300,"Silver City, NM",29737
54059957600,"Matewan, WV",29736
29155470600,"Steele, MO",29736
12115002722,"North Port, FL",29736
41051002303,"Eliot, Portland, OR",29736
37157041300,"Reidsville, NC",29736
47017962201,"McKenzie, TN",29735
26081001900,"SWAN, Grand Rapids, MI",29735
40127097700,"Antlers, OK",29734
13267950100,"Collins, GA",29734
48251130900,"Cleburne, TX",29734
48167726200,"Texas City, TX",29734
12031013300,"Westside, Jacksonville, FL",29734
19057000400,"Burlington, IA",29733
31109002002,"Everett, Lincoln, NE",29733
37097061103,"Statesville, NC",29731
12095015202,"Orlando, FL",29730
39095007303,"Reynolds Corners, Toledo, OH",29730
34013009100,"Seventh Avenue, Newark, NJ",29730
28149950800,"Vicksburg, MS",29729
18097361200,"Irvington, Indianapolis, IN",29728
12099005204,"Lake Worth, FL",29728
18163002500,"Jacobsville, Evansville, IN",29728
9011690400,"New London, CT",29728
29077005800,"Westside Community Betterment, Springfield, MO",29726
45083022004,"Spartanburg, SC",29725
36029940000,"Irving, NY",29724
6019003400,"McLane, Fresno, CA",29724
28087000500,"Columbus, MS",29723
6071004103,"Muscoy, CA",29723
36119000401,"Getty Square, Yonkers, NY",29723
4013109602,"Maryvale Village, Phoenix, AZ",29720
51025930201,"Lawrenceville, VA",29720
18089041100,"Gary, IN",29719
28117950300,"Booneville, MS",29719
6065044515,"Desert Hot Springs, CA",29718
6001424002,"Southwest Berkeley, Berkeley, CA",29717
39099813200,"Sebring, OH",29717
37129011500,"Castle Hayne, NC",29717
47003950600,"Shelbyville, TN",29717
18027954700,"Washington, IN",29716
8031008312,"Montbello, Denver, CO",29716
6099002200,"Modesto, CA",29716
37133002300,"Jacksonville, NC",29715
36083040700,"Troy, NY",29715
4012940200,"Parker, AZ",29714
47073050100,"Mooresburg, TN",29714
55079016300,"Muskego Way, Milwaukee, WI",29713
6037232700,"South Figueroa Corridor, Los Angeles, CA",29712
37191000402,"Goldsboro, NC",29711
26143970100,"Saint Helen, Richfield Township, MI",29711
37031970703,"Newport, NC",29710
21093000100,"West Point, KY",29710
4019004720,"Sunrise Territory Village Townhomes, Tucson, AZ",29710
36005006100,"Bronx County, NY",29708
12011091600,"Hillcrest, Hollywood, FL",29708
40147000300,"Bartlesville, OK",29707
37069060402,"Franklinton, NC",29707
12101031206,"Oakwood Acres, Hudson, FL",29707
51019030501,"Bedford, VA",29706
12011110501,"Miramar, FL",29705
34013001100,"University Heights, Newark, NJ",29705
1025958002,"Jackson, AL",29704
40143003000,"West O'Main, Tulsa, OK",29703
17119402200,"Alton, IL",29702
48027023103,"Killeen, TX",29701
6047002201,"Los Banos, CA",29701
37039930100,"Andrews, NC",29700
45019002103,"Johns Island, SC",29700
47139950300,"Old Fort, TN",29699
36047034900,"Kings County, NY",29698
30003940500,"Saint Xavier, MT",29697
47097050504,"Ripley, TN",29694
4019003705,"Elvira, Tucson, AZ",29693
21115960200,"Volga, KY",29692
12011060209,"Sunrise, FL",29691
13159010200,"Mansfield, GA",29691
35013001805,"Anthony, NM",29690
8041006501,"Colorado Springs, CO",29690
21111004000,"Wyandotte, Louisville, KY",29690
6073003602,"Southcrest, San Diego, CA",29690
17201001900,"Rockford, IL",29690
12103028401,"Gulfport, FL",29689
29215480200,"Eunice, MO",29689
48189950500,"Plainview, TX",29687
25025082100,"Roxbury, Boston, MA",29687
4013114100,"Central City, Phoenix, AZ",29686
54107000802,"Parkersburg, WV",29685
12057014122,"Ruskin, FL",29685
36047050600,"Kings County, NY",29685
21113060502,"Nicholasville, KY",29685
47019071400,"Hampton, TN",29681
48085031720,"Far North Dallas, Dallas, TX",29679
36119001101,"Nodine Hill, Yonkers, NY",29679
13139001201,"Gainesville, GA",29678
5111490700,"Marked Tree, AR",29678
12053040911,"Brooksville, FL",29676
6037218600,"Central LA, Los Angeles, CA",29675
39133600901,"Ravenna, OH",29673
12086011005,"Homestead, FL",29673
36055001900,"Maplewood, Rochester, NY",29672
37171930101,"Mount Airy, NC",29671
32021970700,"Hawthorne, NV",29671
35003976400,"Aragon, NM",29670
6103001100,"Corning, CA",29666
36005022902,"Bronx County, NY",29666
6073005200,"Downtown, San Diego, CA",29665
12097041600,"Kissimmee, FL",29665
37169070300,"Westfield, NC",29665
45041002000,"Scranton, SC",29664
12073001601,"Starmount, Tallahassee, FL",29663
36005025500,"Bronx County, NY",29662
18089020500,"Hammond, IN",29662
47129110200,"Lancing, TN",29661
34009021500,"Wildwood, NJ",29659
22117950101,"Angie, LA",29657
9001073300,"Boston Ave - Mill Hill, Bridgeport, CT",29657
37063001801,"Northeast Durham, Durham, NC",29657
6071025100,"Needles, CA",29656
51700032223,"North Newport News, Newport News, VA",29656
37051003104,"South View, Hope Mills, NC",29655
48113010803,"Oak Cliff, Dallas, TX",29654
45007000500,"Anderson, SC",29653
6071002804,"Fontana, CA",29652
12101031012,"Port Richey, FL",29652
12095016904,"Orlando, FL",29652
48141010102,"Fort Bliss, TX",29651
35001004715,"Albuquerque, NM",29651
48061011500,"San Benito, TX",29651
12011020405,"North Lauderdale, FL",29650
28007060300,"Sallis, MS",29650
39149971800,"Sidney, OH",29650
36005036800,"Bronx County, NY",29650
11001009203,"Northeast Washington, Washington, DC",29650
48061012301,"Port Isabel, TX",29649
47037017401,"South Nashville, Nashville, TN",29649
6067003700,"Southeastern Sacramento, Sacramento, CA",29649
37037020402,"Siler City, NC",29648
26049002400,"Flint, MI",29647
12005002702,"Panama City Beach, FL",29646
47149041600,"Murfreesboro, TN",29645
1067030400,"Newville, AL",29645
5129970300,"Leslie, AR",29644
18141001500,"River Park, South Bend, IN",29644
48441011300,"Westwood Richland, Abilene, TX",29643
37151030400,"Asheboro, NC",29643
39099801300,"Buckeye Plat, Youngstown, OH",29642
12099006908,"Delray Beach, FL",29641
42101027402,"North Philadelphia, Philadelphia, PA",29640
51041100806,"Richmond, VA",29640
12071040120,"Fort Myers, FL",29639
36093021700,"Central State, Schenectady, NY",29638
12113010802,"Navarre, FL",29637
26081002200,"Midtown, Grand Rapids, MI",29637
47049965200,"Jamestown, TN",29636
12101031205,"Five-a Ranches, Hudson, FL",29636
29031881000,"Cape Girardeau, MO",29635
34033020200,"Penns Grove, NJ",29635
34015501402,"Glassboro, NJ",29634
24033801805,"Temple Hills, MD",29632
39029951800,"Wellsville, OH",29632
47183968000,"Martin, TN",29632
6073003901,"Logan Heights, San Diego, CA",29632
47173040201,"Maynardville, TN",29631
5135470200,"Cherokee Village, AR",29630
36005012701,"Bronx County, NY",29630
45051040200,"North Myrtle Beach, SC",29629
51830370300,"Williamsburg, VA",29628
21133950401,"Whitesburg, KY",29627
19113001900,"Mound View, Cedar Rapids, IA",29627
1005950500,"Eufaula, AL",29626
24005450503,"Essex, MD",29626
12071040122,"Westminister, Lehigh Acres, FL",29625
45079011902,"Hopkins, SC",29624
13121010400,"Palmetto, GA",29624
12101030406,"New Port Richey, FL",29623
12017451102,"Inverness, FL",29621
6007002400,"Berry Creek, CA",29620
1003011401,"Foley, AL",29619
1077010400,"North Florence, Florence, AL",29619
28003950300,"Corinth, MS",29618
19163011000,"Davenport, IA",29618
28049010202,"Jackson, MS",29618
9003504000,"Hartford, CT",29615
12031013904,"Arlington, Jacksonville, FL",29614
13267950201,"Reidsville, GA",29614
21145030900,"Paducah, KY",29613
24033802408,"Capitol Heights, MD",29612
48063950200,"Pittsburg, TX",29612
37133002500,"Hubert, NC",29610
37183054205,"Wake Forest, NC",29609
24033801908,"Suitland, Suitland-Silver Hill, MD",29609
13201950300,"Colquitt, GA",29609
12095013511,"Orlando, FL",29609
12073002701,"Tallahassee, FL",29607
48347950600,"Nacogdoches, TX",29607
4027011405,"Bienestar Estates, San Luis, AZ",29607
51083930301,"South Boston, VA",29604
6071009116,"Adelanto, CA",29604
42101028902,"Juniata Park/ Feltonville, Philadelphia, PA",29603
11001007803,"Lower Central NE, Washington, DC",29603
6071009114,"Adelanto, CA",29603
29510115700,"Dutchtown, St. Louis, MO",29603
35061971300,"Los Lunas, NM",29602
51035080602,"Cana, VA",29602
35013000300,"Las Cruces, NM",29601
48355001701,"Central City, Corpus Christi, TX",29601
48061013207,"Brownsville, TX",29600
23029956500,"Steuben, ME",29599
39017000500,"Hamilton, OH",29599
51077060202,"Independence, VA",29599
12095013505,"Southeast Orlando, Orlando, FL",29599
6037541001,"Gardena, CA",29598
48439113111,"North Arlington, Arlington, TX",29598
12057001700,"Old Seminole Heights, Tampa, FL",29598
13089021409,"Atlanta, GA",29597
48201330900,"Southwest Houston, Houston, TX",29597
21211040302,"Shelbyville, KY",29596
47095960200,"Ridgely, TN",29595
25009251200,"Lawrence, MA",29594
48113009201,"Pleasant Grove, Dallas, TX",29593
5123960200,"Forrest City, AR",29593
45085001902,"Sumter, SC",29593
37133000900,"Jacksonville, NC",29590
17031838800,"South Deering, Chicago, IL",29590
55105001600,"Beloit, WI",29590
32003003419,"Las Vegas, NV",29590
6023000100,"Eureka, CA",29588
25009250900,"Lawrence, MA",29587
21001970200,"Columbia, KY",29587
17197883803,"Steger, IL",29586
35001004300,"La Font, Albuquerque, NM",29586
6067007301,"North Highlands, CA",29584
39045031700,"Lancaster, OH",29584
26163541300,"The Eye, Detroit, MI",29584
39061010800,"Madisonville, Cincinnati, OH",29583
37051002600,"Cape Fear, Wade, NC",29583
6037535400,"South Los Angeles, Los Angeles, CA",29583
32003006201,"Las Vegas, NV",29581
45051051601,"Myrtle Beach, SC",29580
21195930500,"Pikeville, KY",29580
4013111204,"Camelback East Village, Phoenix, AZ",29580
1111000500,"Roanoke, AL",29579
6073003403,"Mount Hope, San Diego, CA",29578
5055480500,"Paragould, AR",29578
37131920100,"Conway, NC",29577
48423001801,"Tyler, TX",29577
45025950700,"Patrick, SC",29573
18005010700,"Columbus, IN",29573
24510040100,"Downtown, Baltimore, MD",29572
18163002300,"Evansville, IN",29571
37051003312,"Seventy-First, Fayetteville, NC",29571
45083022006,"Moore, SC",29571
26101000100,"Thompsonville, MI",29570
47179060501,"Johnson City, TN",29569
8041005400,"Southeast Colorado Springs, Colorado Springs, CO",29567
24510270801,"Idlewood, Baltimore, MD",29566
6071005600,"Feldheym, San Bernardino, CA",29566
36071000502,"Newburgh, NY",29565
6023011600,"Myers Flat, CA",29564
12101032500,"Dade City, FL",29563
25013801402,"Pine Point, Springfield, MA",29563
12095017400,"Winter Garden, FL",29563
40119010700,"Stillwater, OK",29562
32003003644,"North Las Vegas, NV",29562
13215010802,"Columbus, GA",29562
17031230900,"Humboldt Park, Chicago, IL",29561
18003980002,"Fort Wayne, IN",29560
5065960100,"Horseshoe Bend, AR",29560
32019960202,"Silver Springs, NV",29559
20173006000,"South City, Wichita, KS",29559
29023950900,"Poplar Bluff, MO",29559
20169000300,"Salina, KS",29559
4019004506,"Tucson, AZ",29558
28159950400,"Louisville, MS",29557
6037541606,"Compton, CA",29557
12005001302,"St. Andrews Bay, Lynn Haven, FL",29555
53053061700,"Central Tacoma, Tacoma, WA",29555
47077975400,"Lexington, TN",29554
37053110401,"Poplar Branch, NC",29553
10003014501,"Newark, DE",29552
48029171802,"Inner West Side, San Antonio, TX",29551
48027022501,"Killeen, TX",29551
48113016804,"Lancaster, TX",29550
48029131300,"East Side, San Antonio, TX",29550
24510090200,"Ednor Gardens - Lakeside, Baltimore, MD",29550
4019003903,"Elvira, Tucson, AZ",29548
48375014900,"Amarillo, TX",29547
13289060100,"Jeffersonville, GA",29547
12095013402,"Orlando, FL",29546
1121011300,"Childersburg, AL",29546
29217950100,"Walker, MO",29546
45083022600,"Landrum, SC",29546
37111970901,"Nebo, NC",29545
48085030900,"McKinney, TX",29544
9003503900,"Hartford, CT",29543
13089023114,"Stone Mountain, GA",29542
32003004709,"Las Vegas, NV",29542
48027022000,"Killeen, TX",29540
51089010200,"Collinsville, VA",29539
37047930600,"Fair Bluff, NC",29538
12087971200,"Marathon, FL",29537
17119402600,"Alton, IL",29537
47079969700,"Springville, TN",29535
12083001600,"Ocala, FL",29534
6037601100,"Inglewood, CA",29534
6001408800,"Coliseum, Oakland, CA",29534
34013011900,"Irvington, NJ",29534
12031012800,"Westside, Jacksonville, FL",29533
28059042200,"Pascagoula, MS",29533
48201332500,"Southeast Houston, Houston, TX",29533
6019002602,"Roosevelt, Fresno, CA",29533
26131970300,"Ontonagon, MI",29532
17115002903,"Decatur, IL",29532
48113018403,"Garland, TX",29532
8031008386,"Montbello, Denver, CO",29530
32003002203,"Las Vegas, NV",29530
1097002800,"Dauphin Acres, Mobile, AL",29529
18095001400,"Anderson, IN",29529
48453002411,"Franklin Park, Austin, TX",29528
48355000800,"Central City, Corpus Christi, TX",29527
21137920400,"Crab Orchard, KY",29522
36047082400,"Kings County, NY",29522
17031410700,"Hyde Park, Chicago, IL",29522
1073005908,"Spring Lake, Birmingham, AL",29521
36061012900,"Hell's Kitchen, New York, NY",29521
34005702808,"Willingboro, NJ",29520
54089000800,"Nimitz, WV",29519
13129970600,"Calhoun, GA",29519
12009071339,"Palm Bay, FL",29518
21235920600,"Williamsburg, KY",29517
35039940700,"Española, NM",29517
12017451501,"Lecanto, FL",29516
26163520800,"West Side Industrial, Detroit, MI",29513
13027960600,"Quitman, GA",29512
36005023703,"Bronx County, NY",29510
39061026200,"Cleves, OH",29510
48029121506,"Northeast Side, San Antonio, TX",29510
12057010812,"Tampa, FL",29509
6065045705,"Coachella, CA",29509
51089011100,"Bassett, VA",29509
6071007601,"Lankershim, Highland, CA",29508
48029180800,"Inner West Side, Balcones Heights, TX",29506
40107080900,"Okemah, OK",29505
13107970400,"Swainsboro, GA",29505
34029720102,"Crestwood Village, Manchester Township, NJ",29504
48349970800,"Corsicana, TX",29504
42029305400,"Coatesville, PA",29504
45045003304,"Piedmont, SC",29504
4013110502,"Encanto Village, Phoenix, AZ",29503
12097041900,"Kissimmee, FL",29502
39023001300,"Kenwood Heights, Springfield, OH",29502
37171930400,"Mount Airy, NC",29501
12081000101,"Bradenton, FL",29501
5099090300,"Rosston, AR",29501
26147625000,"Port Huron, MI",29501
22107000200,"Saint Joseph, LA",29500
51710005902,"Elmhurst, Norfolk, VA",29500
39149972000,"Sidney, OH",29500
47037017300,"South Nashville, Nashville, TN",29499
36005046000,"Bronx County, NY",29498
36081026400,"Queens County, NY",29497
13051003900,"Brookview/Skidaway Terrace/Parkview, Savannah, GA",29497
39049008163,"Cherry Creek, Columbus, OH",29496
30047940500,"Ronan, MT",29495
45019002101,"Johns Island, SC",29495
51710007002,"Poplar Hall, Norfolk, VA",29494
17031815900,"Forest Park, IL",29494
37067003600,"Winston-Salem, NC",29493
48061010700,"Harlingen, TX",29492
29023950800,"Poplar Bluff, MO",29492
30031000600,"Bozeman, MT",29491
4003000902,"Douglas, AZ",29491
39035102101,"West Boulevard, Cleveland, OH",29491
24047951500,"Pocomoke City, MD",29490
36047086000,"Kings County, NY",29490
25013801102,"South End, Springfield, MA",29490
48147950600,"Bonham, TX",29489
13089023111,"Decatur, GA",29488
48141003000,"Della Park, El Paso, TX",29488
17031440700,"South Side, Chicago, IL",29487
5059020400,"Malvern, AR",29487
26035001300,"Harrison, MI",29487
50019951500,"Newport, VT",29485
45083021802,"Spartanburg, SC",29485
45013011000,"Hilton Head Island, SC",29485
24001001000,"Cumberland, MD",29485
37071030700,"Cherryville, NC",29483
42101003600,"Grays Ferry, Philadelphia, PA",29482
29077003600,"Springfield, MO",29482
39141956900,"Bainbridge, OH",29481
36005003500,"Bronx County, NY",29479
28047003204,"Gulfport, MS",29479
35055940000,"Peñasco, NM",29478
8123000701,"Greeley, CO",29477
22013970200,"Gibsland, LA",29475
48445950300,"Brownfield, TX",29475
17201001800,"Rockford, IL",29475
8083969100,"Mancos, CO",29474
35049001002,"Santa Fe, NM",29474
12031013200,"Westside, Jacksonville, FL",29473
19061000100,"Downtown, Dubuque, IA",29472
12031013521,"Duclay, Jacksonville, FL",29472
29007950700,"Mexico, MO",29471
36005004600,"Bronx County, NY",29470
37163970400,"Roseboro, NC",29468
9009170200,"Meriden, CT",29466
28049011001,"Jackson, MS",29465
42003551900,"McKeesport, PA",29465
29069360600,"Kennett, MO",29465
37153970800,"Rockingham, NC",29465
55079001600,"Valhalla, Milwaukee, WI",29464
28123020500,"Forest, MS",29462
6037209820,"Central LA, Los Angeles, CA",29462
25013812103,"Holyoke, MA",29462
6047001602,"Merced, CA",29461
55063000300,"Washburn, La Crosse, WI",29461
12099006501,"Delray Beach, FL",29460
40021978201,"Tahlequah, OK",29459
24005402303,"Windsor Mill, Baltimore, MD",29459
35035000402,"Alamogordo, NM",29459
41065970500,"The Dalles, OR",29458
18097355300,"Emerson Heights, Indianapolis, IN",29458
36005019700,"Bronx County, NY",29457
37119002500,"Elizabeth, Charlotte, NC",29456
6071003405,"Fontana, CA",29455
1097003204,"Bolton, Mobile, AL",29455
48439106503,"Ryanwood, Fort Worth, TX",29455
6067007423,"Sacramento, CA",29453
1109188800,"Troy, AL",29452
34031182900,"Paterson, NJ",29450
18095001900,"Anderson, IN",29450
36047040100,"Kings County, NY",29449
48029190501,"Los Angeles Heights - Keystone, San Antonio, TX",29449
45083020603,"Park Hills, Spartanburg, SC",29448
28007060600,"Kosciusko, MS",29446
6071004800,"Las Plazas, San Bernardino, CA",29446
15001020600,"Hilo, HI",29444
47155080902,"Sevierville, TN",29443
53077001501,"Yakima, WA",29443
45033970600,"Latta, SC",29442
48215023104,"Mercedes, TX",29441
37071031202,"Belmont, NC",29441
13251970200,"Sylvania, GA",29440
30013010800,"Great Falls, MT",29439
35013001707,"Sunland Park, NM",29439
26111290600,"Midland, MI",29439
8031004503,"West, Denver, CO",29437
1047956100,"Selma, AL",29436
17031030103,"Edgewater, Chicago, IL",29434
22117950700,"Bogalusa, LA",29434
47157010710,"Parkway Village, Memphis, TN",29433
18097352500,"Little Flower, Indianapolis, IN",29433
37013930800,"Aurora, NC",29432
45009960400,"Ehrhardt, SC",29431
13017960500,"Fitzgerald, GA",29431
48181000200,"Denison, TX",29430
6073005100,"Downtown, San Diego, CA",29430
24033804300,"Hyattsville, MD",29429
6037228710,"Central Alameda, Los Angeles, CA",29428
51770002800,"Roanoke, VA",29428
13051003400,"Lamara Heights, Savannah, GA",29426
6077003406,"Valley Oak, Stockton, CA",29423
47163043000,"Bristol, TN",29423
22073000500,"Monroe, LA",29423
42095014400,"Downtown Historic District, Easton, PA",29423
25027710700,"Fitchburg, MA",29422
51167030600,"Castlewood, VA",29422
6071004202,"Mount Vernon, San Bernardino, CA",29422
20209042600,"Armourdale, Kansas City, KS",29420
26069000300,"Oscoda Township, MI",29419
45051050700,"Myrtle Beach, SC",29418
13131950500,"Cairo, GA",29418
6089011209,"Enterprise, Redding, CA",29418
4013115802,"South Mountain Village, Phoenix, AZ",29418
56001962900,"Laramie, WY",29417
37019020506,"Shallotte, NC",29417
24025306100,"Havre de Grace, MD",29417
37109071002,"Iron Station, NC",29417
6037900602,"Lancaster, CA",29417
12017450901,"Inverness, FL",29415
40031000700,"Lawton, OK",29414
18097340300,"Eagledale, Indianapolis, IN",29414
40017300400,"El Reno, OK",29414
12011050207,"Oakland Park, FL",29413
12095013403,"Engelwood Park, Orlando, FL",29412
48029190100,"Midtown, San Antonio, TX",29412
6065044518,"Desert Hot Springs, CA",29412
48441012300,"Over Place Area, Abilene, TX",29411
17097862901,"North Chicago, IL",29411
6007002100,"Paradise, CA",29410
47041920200,"Smithville, TN",29410
6065045303,"Indio, CA",29410
45079010407,"Columbia, SC",29410
51820003100,"Waynesboro, VA",29409
21199931000,"Somerset, KY",29408
36029006100,"Grant Ferry, Buffalo, NY",29408
13151070304,"McDonough, GA",29408
39035124600,"Puritas - Longmead, Cleveland, OH",29406
36081018402,"Queens County, NY",29406
51650011000,"Buckroe Beach, Hampton, VA",29405
37089930401,"Hendersonville, NC",29405
12086000216,"North Miami Beach, FL",29405
1035960500,"Evergreen, AL",29404
12086007103,"Coconut Grove, Miami, FL",29404
35031945200,"Gallup, NM",29403
32003005006,"Las Vegas, NV",29403
12103023100,"Saint Petersburg, FL",29403
9003416200,"New Britain, CT",29403
6037239330,"South Los Angeles, Los Angeles, CA",29402
4027012100,"Roll, AZ",29402
28035000700,"Hattiesburg, MS",29401
8011966700,"Las Animas, CO",29401
26033970300,"Sault Ste. Marie, MI",29399
12099007833,"West Palm Beach, FL",29399
12009071340,"Palm Bay, FL",29398
37141920602,"Rocky Point, NC",29398
34025805800,"Long Branch, NJ",29398
36067000200,"Northside, Syracuse, NY",29397
18039002102,"Elkhart, IN",29396
48113002400,"Dallas, TX",29396
12099002800,"Flamingo Parks, West Palm Beach, FL",29396
22103040704,"Pearl River, LA",29396
48231961700,"Quinlan, TX",29396
26065003200,"Lansing, MI",29395
1039961800,"Andalusia, AL",29394
12086000305,"North Miami, FL",29394
6013379000,"Coronado, Richmond, CA",29393
34013002000,"Lower Vailsburg, Newark, NJ",29392
12095015001,"Ocoee, FL",29390
6037231210,"South Los Angeles, Los Angeles, CA",29389
4027011600,"Los Portales Del Alamo, San Luis, AZ",29389
48029170300,"Inner West Side, San Antonio, TX",29387
48439122200,"Central Arlington, Arlington, TX",29387
22053000600,"Jennings, LA",29387
39049008120,"Westland, Columbus, OH",29386
11001003302,"Bloomingdale, Washington, DC",29386
13075960400,"Adel, GA",29386
48069950200,"Dimmitt, TX",29385
6037222600,"South Los Angeles, Los Angeles, CA",29382
42077000900,"Sacred Heart, Allentown, PA",29379
4015951602,"Bullhead City, AZ",29379
20173007700,"Chisholm Creek, Wichita, KS",29379
39035124100,"Jefferson, Cleveland, OH",29378
12086003909,"North Beach, Miami Beach, FL",29378
40111000300,"Okmulgee, OK",29375
42049000600,"Erie, PA",29375
36061016200,"Upper Manhattan, New York, NY",29375
12119910601,"Bushnell, FL",29374
26103002400,"Gwinn, MI",29374
4019003704,"Sunnyside, Tucson, AZ",29374
13031110602,"Statesboro, GA",29374
6037980008,"Van Nuys, Los Angeles, CA",29373
46109940800,"Peever, SD",29372
29181870100,"Fairdealing, MO",29372
12057010305,"Greater Thonotosassa, Seffner, FL",29372
11001003100,"Northwest Washington, Washington, DC",29372
47147080302,"Springfield, TN",29372
26163521400,"Corktown, Detroit, MI",29372
2150000300,"Kodiak, AK",29372
34013012900,"Irvington, NJ",29372
18043070200,"New Albany, IN",29372
48201210700,"Northside, Houston, TX",29371
13245010107,"Woodbluff, Augusta, GA",29371
39057240302,"Xenia, OH",29370
21067003404,"Lexington, KY",29370
1073005909,"Killbough Springs, Birmingham, AL",29368
4013112201,"Del Monte Village, Phoenix, AZ",29366
36047094402,"Kings County, NY",29366
39035193800,"North Randall, OH",29365
29213480302,"Kirbyville, MO",29365
18119955600,"Poland, IN",29365
6037273300,"Venice, Los Angeles, CA",29364
6037219902,"Los Angeles, CA",29363
48453002316,"East Riverside - Oltorf, Austin, TX",29362
2020001601,"Airport Heights Community Council, Anchorage, AK",29361
32003000108,"Golf Ridge Terrace, Las Vegas, NV",29361
13009970200,"Milledgeville, GA",29360
21195930400,"Pikeville, KY",29360
45051051406,"Murrells Inlet, SC",29360
1095030802,"Albertville, AL",29358
48303002500,"Lubbock, TX",29357
6079010602,"Morro Bay, CA",29356
6065044000,"Beaumont, CA",29356
48223950600,"Sulphur Springs, TX",29353
51550020002,"Indian River, Chesapeake, VA",29351
13179010206,"Hinesville, GA",29351
4019002201,"Bravo Park Lane, Tucson, AZ",29348
10003001400,"Little Italy, Wilmington, DE",29348
6037127520,"Van Nuys, Los Angeles, CA",29347
20173003600,"Hilltop, Wichita, KS",29346
17031826402,"Dolton, IL",29346
48309003000,"Cedar Ridge, Waco, TX",29346
36047053900,"Kings County, NY",29346
4005945200,"Tuba City, AZ",29345
6077000100,"Civic Center, Stockton, CA",29345
48029192000,"Alamo Heights, San Antonio, TX",29345
48201330200,"Central Southwest, Houston, TX",29345
12101032402,"Dade City, FL",29345
48113016605,"Dallas, TX",29344
40101001600,"Haskell, OK",29343
10005050706,"Long Neck, DE",29342
25005651800,"New Bedford, MA",29342
13013180503,"Bethlehem, GA",29342
47061955100,"Pelham, TN",29340
12057005101,"Downtown, Tampa, FL",29338
12051000300,"LaBelle, FL",29338
26163570100,"Inkster, MI",29338
8013012607,"Baseline Sub, Boulder, CO",29338
22115950500,"Leesville, LA",29337
39035123800,"Riverside, Cleveland, OH",29337
6073003404,"Chollas View, San Diego, CA",29336
48245006400,"Port Arthur, TX",29336
12095016903,"Orlando, FL",29336
41039005100,"Southeast Eugene, Eugene, OR",29335
36013030100,"Jamestown, NY",29335
12101031010,"Gulf Highlands, Port Richey, FL",29335
39133601502,"Kent, OH",29334
12053041203,"Berkeley Manor, Spring Hill, FL",29333
47029920600,"Newport, TN",29333
9003504100,"Parkville, Hartford, CT",29333
40109106913,"Briarwood Estates, Oklahoma City, OK",29332
36047025700,"Kings County, NY",29332
2170000703,"Wasilla, AK",29331
42101014200,"North Philadelphia, Philadelphia, PA",29331
10003000200,"Northwest Wilmington, Wilmington, DE",29331
36071001200,"Middletown, NY",29331
6037209103,"Central LA, Los Angeles, CA",29331
6045010400,"Fort Bragg, CA",29330
34039031200,"Elizabeth, NJ",29329
6105000102,"Weaverville, CA",29329
53053061300,"Central Tacoma, Tacoma, WA",29328
32003002708,"Las Vegas, NV",29328
37071031302,"Lowell, NC",29328
22079012500,"Alexandria, LA",29327
36005008500,"Bronx County, NY",29327
6107001601,"Farmersville, CA",29326
6065045704,"Coachella, CA",29325
17167000600,"Springfield, IL",29325
10005051802,"Laurel, DE",29322
34013005700,"South Broad Street, Newark, NJ",29321
5127950300,"Parks, AR",29321
48113015404,"Grand Prairie, TX",29320
51710001100,"Glenwood Park, Norfolk, VA",29320
48177000300,"Gonzales, TX",29317
35005000300,"Roswell, NM",29316
2020000701,"Northeast Anchorage, Anchorage, AK",29315
12009062109,"Cocoa, FL",29315
17031835000,"Chicago Lawn, Chicago, IL",29315
36103159103,"Bellport, NY",29315
51001090800,"Painter, VA",29314
6019005000,"Fresno, CA",29313
17031410500,"Hyde Park, Chicago, IL",29313
22103041103,"Slidell, LA",29313
34031182200,"Paterson, NJ",29312
36005022901,"Bronx County, NY",29311
37071030802,"Bessemer City, NC",29311
12001000901,"Gainesville, FL",29311
26163501700,"Cornerstone Village, Detroit, MI",29310
45087030400,"Union, SC",29309
10001043300,"Dover, DE",29307
24033802805,"Pepper Mill Village, Capitol Heights, MD",29306
8031008304,"Montbello, Denver, CO",29305
34023005602,"New Brunswick, NJ",29304
39119912000,"Zanesville, OH",29304
39029952300,"East Liverpool, OH",29302
13033950700,"Sardis, GA",29300
4027000100,"Yuma Townsite, Yuma, AZ",29299
6019004703,"Fresno, CA",29299
26161405600,"Bryant Pattengill East, Ann Arbor, MI",29298
13233010500,"Cedartown, GA",29297
40137000600,"Duncan, OK",29296
28149950500,"Vicksburg, MS",29296
45039960300,"Ridgeway, SC",29296
55079016900,"Muskego Way, Milwaukee, WI",29295
29097010600,"Joplin, MO",29294
4013111502,"Camelback East Village, Phoenix, AZ",29293
39093023600,"Lorain, OH",29293
39003012900,"Lima, OH",29293
12099002600,"CityPlace, West Palm Beach, FL",29293
47063100200,"Morristown, TN",29293
39059977600,"Cambridge, OH",29291
18097340500,"Venerable Flackville, Indianapolis, IN",29291
24033802406,"Suitland, Suitland-Silver Hill, MD",29290
45029970401,"Walterboro, SC",29290
6001424001,"South Berkeley, Berkeley, CA",29290
37031970803,"Cape Carteret, NC",29289
36047042700,"Kings County, NY",29287
37039930601,"Murphy, NC",29286
42003486700,"Duquesne, PA",29285
13241970202,"Clayton, GA",29285
12061050606,"Vero Beach, FL",29284
26163523200,"Mexicantown - Southwest Detroit, Detroit, MI",29283
26081002000,"Downtown, Grand Rapids, MI",29283
17031220601,"Logan Square, Chicago, IL",29282
36111952100,"Kingston, NY",29281
36005035900,"Bronx County, NY",29280
6071006402,"Curtis, San Bernardino, CA",29280
45041001601,"Florence, SC",29280
48355000700,"Central City, Corpus Christi, TX",29278
41041950304,"Lincoln City, OR",29277
39113090600,"Dayton, OH",29277
4015955000,"Mohave Valley, AZ",29275
48293970300,"Mexia, TX",29275
45041002400,"Scranton, SC",29275
37133001101,"Jacksonville, NC",29274
48141001600,"Sunset Heights, El Paso, TX",29273
40019893100,"Ardmore, OK",29272
18097357900,"Garfield Park-South Neighborhood, Indianapolis, IN",29270
12101031406,"The Wilds Condo, New Port Richey, FL",29270
12093910201,"Okeechobee, FL",29269
48113013010,"Dallas, TX",29269
39095007302,"Reynolds Corners, Toledo, OH",29267
36005011700,"Bronx County, NY",29266
26147636000,"Port Huron, MI",29266
13089021417,"Atlanta, GA",29266
20173003400,"Linwood, Wichita, KS",29265
29127960800,"Hannibal, MO",29265
29095013208,"Crossgates, Kansas City, MO",29264
34011010200,"Port Norris, Commercial Township, NJ",29264
13231010300,"Concord, GA",29264
5031000601,"Jonesboro, AR",29263
21131920100,"Hyden, KY",29262
42101019200,"North Philadelphia, Philadelphia, PA",29262
4025002001,"Cottonwood, AZ",29261
37071030502,"Bessemer City, NC",29261
6037220100,"South Los Angeles, Los Angeles, CA",29261
29215480400,"Cabool, MO",29258
37193960900,"Purlear, NC",29258
45055970700,"Camden, SC",29258
12039020600,"Midway, FL",29257
21035010500,"Murray, KY",29257
48141002900,"Chamizal, El Paso, TX",29255
2130000300,"Ketchikan, AK",29251
29143960200,"New Madrid County, MO",29251
13059001700,"Athens, GA",29251
12113010808,"Milton, FL",29251
21203950200,"Mount Vernon, KY",29251
45021970201,"Gaffney, SC",29249
40109107104,"Central Oklahoma City, Oklahoma City, OK",29249
36007013500,"Endicott, NY",29246
12009064800,"Melbourne, FL",29246
47125101102,"Clarksville, TN",29246
12086010609,"Cutler Bay, FL",29245
2090000200,"Fairbanks, AK",29244
23005014000,"Naples, ME",29244
21179930303,"Bardstown, KY",29244
17031460200,"South Chicago, Chicago, IL",29244
13215000900,"Columbus, GA",29243
42011002500,"Reading, PA",29243
6001401100,"Temescal, Oakland, CA",29241
36103123301,"Amityville, NY",29241
31109002001,"Near South, Lincoln, NE",29241
53053071808,"Lakewood, WA",29240
11001004801,"Northwest Washington, Washington, DC",29239
4027000301,"Yuma, AZ",29239
6001410200,"Las Palmas, Oakland, CA",29237
37085070600,"Erwin, NC",29235
6107001100,"Visalia, CA",29235
6037600304,"South Los Angeles, Los Angeles, CA",29235
36119002700,"South Side, Mount Vernon, NY",29234
45017950200,"Saint Matthews, SC",29234
23005000600,"West Bayside, Portland, ME",29233
5061950300,"Nashville, AR",29233
12023110904,"Fort White, FL",29232
37097061408,"Mooresville, NC",29232
41017001500,"Southern Crossing, Bend, OR",29231
13139001404,"Flowery Branch, GA",29230
36005038100,"Bronx County, NY",29230
21111011002,"Louisville, KY",29230
36005022102,"Bronx County, NY",29229
12091022100,"Fort Walton Beach, FL",29228
48141002600,"Five Points East, El Paso, TX",29227
12097040902,"Kissimmee, FL",29227
40021978000,"Tahlequah, OK",29226
45029970300,"Walterboro, SC",29226
47157021741,"Capleville, Memphis, TN",29226
22115950600,"Leesville, LA",29224
13063040307,"Forest Park, GA",29222
35049001204,"Santa Fe, NM",29222
39017001100,"Hamilton, OH",29222
48423000600,"Tyler, TX",29221
28029950600,"Wesson, MS",29220
4019004034,"Stella Vann, Tucson, AZ",29219
42021013600,"Johnstown, PA",29219
12081000601,"Bradenton, FL",29219
2170000706,"Wasilla, AK",29218
48113011602,"Dallas, TX",29218
12091022300,"Fort Walton Beach, FL",29216
48027022401,"Killeen, TX",29214
34021000100,"South Trenton, Trenton, NJ",29214
37103920200,"Trenton, NC",29212
37097060601,"Statesville, NC",29212
40031000300,"Lawton, OK",29211
12107950500,"Interlachen, FL",29209
9001074000,"East Side, Bridgeport, CT",29208
6073001200,"North Park, San Diego, CA",29208
47155080102,"Kodak, TN",29207
12017450202,"Beverly Hills, FL",29207
36029007000,"Front Park, Buffalo, NY",29206
12127082704,"New Smyrna Beach, FL",29204
21071920900,"Prestonsburg, KY",29203
37163970900,"Garland, NC",29202
37177960100,"Columbia, NC",29202
28067951000,"Ellisville, MS",29202
11001009804,"Southeast Washington, Washington, DC",29201
21093000700,"Radcliff, KY",29200
6071010420,"Joshua Tree, CA",29198
12057001600,"Old Seminole Heights, Tampa, FL",29198
51131930200,"Machipongo, VA",29197
37161960900,"Forest City, NC",29196
6065044200,"Banning, CA",29196
22051025400,"Gretna, LA",29196
37161960300,"Lake Lure, NC",29193
9009140400,"City Point, New Haven, CT",29193
12086008308,"Miami, FL",29193
48485010100,"Wichita Falls, TX",29192
5001480700,"DeWitt, AR",29192
32003002605,"Las Vegas, NV",29192
35029000100,"Deming, NM",29190
6107002202,"Tulare, CA",29188
54029021300,"Weirton, WV",29188
53015002100,"Broadway, Longview, WA",29187
6071006401,"East Valley, San Bernardino, CA",29187
1097003800,"North Industrial Area, Saraland, AL",29186
45059920103,"Gray Court, SC",29186
11001008001,"Northeast Washington, Washington, DC",29186
34029715200,"Lakewood, Lakewood Township, NJ",29186
47013950700,"LaFollette, TN",29185
8069001304,"Fort Collins, CO",29184
6037600704,"Morningside Park, Inglewood, CA",29184
45045000400,"Haynie-Sirrine, Greenville, SC",29181
48113010602,"West Dallas, Dallas, TX",29179
29095017400,"Loma Vista, Kansas City, MO",29179
6065044605,"Desert Highland Gateway Estates, Palm Springs, CA",29179
36081043400,"Queens County, NY",29178
2170000800,"Wasilla, AK",29177
48215021903,"Alamo, TX",29176
17183000900,"Danville, IL",29174
31109000700,"Hawley, Lincoln, NE",29173
26163542500,"Grandmont - Rosedale, Detroit, MI",29173
51800075703,"Suffolk, VA",29173
39101000800,"Marion, OH",29173
13181970100,"Lincolnton, GA",29172
25009207000,"Lynn, MA",29171
32003001612,"Las Vegas, NV",29171
48049950600,"Brownwood, TX",29171
21135930400,"Vanceburg, KY",29170
12063211000,"Grand Ridge, FL",29169
40001376900,"Stilwell, OK",29168
13205090100,"Baconton, GA",29167
12057013801,"Concerned Citizens of Gibsonton Area, Gibsonton, FL",29166
48201312600,"Museum District, Houston, TX",29166
12113010809,"Milton, FL",29165
47001020100,"Oak Ridge, TN",29165
36005012101,"Bronx County, NY",29164
12073002201,"Tallahassee, FL",29163
6101050202,"Yuba City, CA",29163
21147960300,"Whitley City, KY",29162
21069920400,"Hillsboro, KY",29162
54107000500,"Parkersburg, WV",29162
36047091800,"Kings County, NY",29161
12011110402,"Miramar, FL",29159
37021002102,"Asheville, NC",29158
35013000600,"Las Cruces, NM",29158
44007001900,"Olneyville, Providence, RI",29158
51760071002,"Westover, Richmond, VA",29157
21111007400,"Clifton, Louisville, KY",29157
17197880702,"Lockport, IL",29156
37023020100,"Morganton, NC",29155
4015950600,"Golden Valley, AZ",29155
45031011100,"Darlington, SC",29155
6073004501,"Golden Hill, San Diego, CA",29155
4015952400,"Lake Havasu City, AZ",29155
13089021910,"Stone Mountain, GA",29154
26145001400,"Saginaw, MI",29154
6107000302,"Kingsburg, CA",29154
6037576502,"Eastside, Long Beach, CA",29154
45021970401,"Blacksburg, SC",29153
12083001207,"Ocala, FL",29153
39061002900,"The Heights, Cincinnati, OH",29151
28059042100,"Pascagoula, MS",29151
37089931300,"Hendersonville, NC",29150
36047089400,"Kings County, NY",29149
28157950100,"Centreville, MS",29149
48469000100,"Victoria, TX",29148
42069100500,"Scranton, PA",29147
12069030502,"Leesburg, FL",29147
26077002201,"Kalamazoo, MI",29146
53077000600,"Yakima, WA",29146
6073002201,"City Heights, San Diego, CA",29145
6015000201,"Crescent City, CA",29144
36059414001,"Roosevelt, NY",29144
12029970101,"Cross City, FL",29143
36047031701,"Kings County, NY",29143
19153002700,"Sherman Hill, Des Moines, IA",29143
36065022500,"Rome, NY",29143
48277000700,"Paris, TX",29141
6019005100,"McLane, Fresno, CA",29139
26121000800,"Nims, Muskegon, MI",29138
17201000800,"Rockford, IL",29136
22081960300,"Coushatta, LA",29136
26061000300,"Calumet, Calumet Township, MI",29133
28079040700,"Carthage, MS",29131
6037542103,"Compton, CA",29129
4019002901,"Oak Flower, Tucson, AZ",29128
40109104900,"Central Oklahoma City, Oklahoma City, OK",29126
39023001400,"Cape Cod, Springfield, OH",29125
17031828900,"Chicago Heights, IL",29125
40031002500,"Lawton, OK",29124
6023001000,"Arcata, CA",29124
48157670101,"Fort Bend Houston, Houston, TX",29124
12127082404,"Golf View, South Daytona, FL",29124
48113010704,"Oak Cliff, Dallas, TX",29123
48113011002,"Oak Cliff, Dallas, TX",29123
47113001700,"Denmark, TN",29123
50017959000,"Newbury, VT",29122
6037402303,"Westmont, Pomona, CA",29122
4003002001,"Sierra Vista, AZ",29120
1005950900,"Eufaula, AL",29120
48113004202,"Kessler, Dallas, TX",29120
2020000902,"Fairview, Anchorage, AK",29118
6067006400,"North Sacramento, Sacramento, CA",29117
48309001700,"Waco, TX",29117
39061025700,"Cincinnati, OH",29117
35005000400,"Roswell, NM",29117
48183001100,"Longview, TX",29117
13313000502,"Dalton, GA",29116
39151700800,"Canton, OH",29116
45025950200,"Jefferson, SC",29116
12011043002,"South Fort Lauderdale, Fort Lauderdale, FL",29115
39061008202,"College Hill, Cincinnati, OH",29114
6037239701,"South Los Angeles, Los Angeles, CA",29111
37071032506,"Gastonia, NC",29111
22027950400,"Homer, LA",29110
5113950100,"Mena, AR",29109
26019000400,"Frankfort, MI",29109
48201330100,"Central Southwest, Houston, TX",29108
36071002200,"Port Jervis, NY",29108
34017019000,"Hoboken, NJ",29108
50007000300,"Old North End, Burlington, VT",29107
40021977900,"Tahlequah, OK",29105
25009204300,"The Point, Salem, MA",29104
37025042402,"Concord, NC",29104
6037218210,"Central LA, Los Angeles, CA",29104
9003473800,"Windsor, CT",29103
24003702500,"Annapolis, MD",29102
48113016903,"Wilmer, TX",29102
12005002000,"North Highlands Addition, Panama City, FL",29101
39155921200,"Warren, OH",29101
37049960500,"New Bern, NC",29100
12011043302,"Poinciana Park, Fort Lauderdale, FL",29099
39151701000,"Canton, OH",29099
37067003702,"Winston-Salem, NC",29097
21113060504,"Nicholasville, KY",29097
6065044930,"Palm Desert, CA",29094
48277001000,"Paris, TX",29093
8023972600,"Blanca, CO",29093
6037535200,"South Los Angeles, Los Angeles, CA",29093
12057013604,"Tampa, FL",29092
36047051002,"Kings County, NY",29090
12009062900,"Rockledge, FL",29090
4013103615,"North Mountain Village, Phoenix, AZ",29090
6107003802,"Downtown, Porterville, CA",29089
40001376700,"Westville, OK",29087
12083001206,"Ocala, FL",29087
48215024113,"Alton, TX",29086
51640070101,"Galax, VA",29086
6089010100,"Downtown, Redding, CA",29086
9009140100,"Downtown, New Haven, CT",29085
51700032127,"Central Newport News, Newport News, VA",29085
20125950900,"Coffeyville, KS",29084
41047001000,"Southeast Salem, Salem, OR",29084
18065976100,"New Castle, IN",29081
17177000800,"Freeport, IL",29081
6037195720,"Echo Park, Los Angeles, CA",29080
1101005503,"Pike Road, AL",29080
26163541800,"Five Points, Detroit, MI",29079
23005000200,"East End, Portland, ME",29079
22071002401,"Gentilly, New Orleans, LA",29077
36061022301,"Harlem, New York, NY",29076
13221960202,"Crawford, GA",29076
37079950200,"Snow Hill, NC",29075
54011001100,"Huntington, WV",29073
21067004001,"Lexington, KY",29073
37007920100,"Lilesville, NC",29073
21053970202,"Albany, KY",29072
36061017200,"East Harlem, New York, NY",29072
24033803100,"Capitol Heights, MD",29071
48395960500,"Hearne, TX",29070
41043020400,"Albany, OR",29070
18167000400,"Spencer Park, Terre Haute, IN",29069
37025041902,"Concord, NC",29068
17097862700,"Waukegan, IL",29067
22073000401,"Monroe, LA",29067
12017450102,"Hernando, FL",29066
47157010720,"Memphis, TN",29066
47013951000,"LaFollette, TN",29065
9011690300,"New London, CT",29064
17031242600,"Humboldt Park, Chicago, IL",29064
6033000802,"Clearlake, CA",29064
48061011100,"Harlingen, TX",29064
51105950200,"Duffield, VA",29063
26049003700,"Flint, MI",29063
48027023106,"Killeen, TX",29063
51650010313,"Coliseum Central, Hampton, VA",29062
26125141000,"Pontiac, MI",29062
4023966401,"Nogales, AZ",29062
45059920302,"Laurens, SC",29062
21099970100,"Magnolia, KY",29061
26145001600,"Saginaw, MI",29061
36109000700,"Ithaca, NY",29060
34021000800,"Chambersburg, Trenton, NJ",29060
13197920100,"Mauk, GA",29058
36081028800,"Queens County, NY",29057
42101026800,"North Philadelphia, Philadelphia, PA",29056
39061022500,"Cincinnati, OH",29056
25025081500,"Roxbury, Boston, MA",29055
29095002000,"Northeast Kansas City, Kansas City, MO",29054
37001021201,"Haw River, NC",29053
22019000900,"Lake Charles, LA",29053
42091203902,"Norristown, PA",29053
12105012003,"Lakeland, FL",29052
28121020701,"Pearl, MS",29050
8041002400,"Colorado Springs, CO",29050
29169470400,"Waynesville, MO",29050
45063020803,"Swansea, SC",29050
35039944100,"Ohkay Owingeh, NM",29049
8089968600,"La Junta, CO",29049
32003002965,"Las Vegas, NV",29048
12103023600,"Historic Old Northeast, Saint Petersburg, FL",29047
12083001004,"Ocala, FL",29046
39061008400,"College Hill, Cincinnati, OH",29046
39021010400,"Urbana, OH",29045
6001407700,"Maxwell Park, Oakland, CA",29045
45021970301,"Gaffney, SC",29045
12005000805,"Panama City, FL",29044
12099005817,"Boynton Beach, FL",29044
36061023700,"Harlem, New York, NY",29044
18141000100,"South Bend, IN",29043
34031175302,"Passaic, NJ",29042
6019002000,"West Fresno, Fresno, CA",29041
9009352200,"Waterbury, CT",29041
29510116200,"South Grand, St. Louis, MO",29041
55079001000,"Thurston Woods, Milwaukee, WI",29040
47157020511,"Scenic Hills, Memphis, TN",29040
36065020102,"Utica, NY",29039
48375012600,"Amarillo, TX",29039
12097041700,"Kissimmee, FL",29038
35013001305,"Las Cruces, NM",29037
13095011600,"Albany, GA",29036
5035030301,"West Memphis, AR",29036
12081001107,"Bradenton, FL",29035
11001007604,"Southeast Washington, Washington, DC",29034
12107950900,"Palatka, FL",29032
42101029900,"Frankford, Philadelphia, PA",29032
6067004501,"Southeastern Sacramento, Sacramento, CA",29032
22017021000,"Highland, Stoner Hill, Shreveport, LA",29030
39035195600,"Bedford Heights, OH",29030
12103026818,"Clearwater, FL",29030
36029006800,"Allentown, Buffalo, NY",29030
37139960400,"Elizabeth City, NC",29030
37057061201,"Lexington, NC",29029
33011001600,"Manchester, NH",29027
1019955702,"Gaylesville, AL",29027
28069030200,"De Kalb, MS",29025
6037461502,"North Central, Pasadena, CA",29024
45025950400,"Chesterfield, SC",29024
37045950200,"Lawndale, NC",29024
21059000400,"Owensboro, KY",29024
51700032126,"Central Newport News, Newport News, VA",29022
29510112400,"Central West End, St. Louis, MO",29022
21207960102,"Russell Springs, KY",29021
49057201100,"Ogden, UT",29018
51510201204,"Del Ray, Alexandria, VA",29018
20169000100,"Salina, KS",29015
13181970200,"Lincolnton, GA",29015
18067000300,"Kokomo, IN",29014
6037980015,"Harbor City, Los Angeles, CA",29013
13063040617,"Stockbridge, GA",29012
37117970200,"Williamston, NC",29012
4013115500,"Maricopa Garden Farms, Phoenix, AZ",29012
1083020700,"Athens, AL",29010
6037239802,"South Los Angeles, Los Angeles, CA",29010
39095004600,"Birmingham, Toledo, OH",29009
39049008350,"Riverbend, Columbus, OH",29009
26163535600,"Aviation Sub., Detroit, MI",29008
13067031309,"Nottingham, Austell, GA",29008
6037219020,"South Los Angeles, Los Angeles, CA",29007
24510271900,"Glen, Baltimore, MD",29007
37035011401,"Claremont, NC",29006
47141000800,"Cookeville, TN",29004
39035171104,"Maple Heights, OH",29003
8041006200,"Colorado Springs, CO",29003
4019000500,"Tucson, AZ",29003
41041950601,"Lincoln City, OR",29002
22049970400,"Jonesboro, LA",29001
45075011600,"Orangeburg, SC",28999
45037970501,"North Augusta, SC",28998
6067004502,"Sacramento, CA",28995
18041954500,"Connersville, IN",28995
12055960601,"Sebring, FL",28995
17031480200,"South Side, Chicago, IL",28994
39047926000,"Washington Court House, OH",28993
37071031600,"Bessemer City, NC",28993
48167724000,"Galveston, TX",28992
35049001205,"Santa Fe, NM",28992
13245010506,"Augusta, GA",28992
48181001400,"Sherman, TX",28991
4013114500,"Estrella Village, Phoenix, AZ",28990
36059407802,"East Meadow, NY",28990
48113010000,"Dallas, TX",28990
53077940002,"Toppenish, WA",28988
1117030341,"Pelham, AL",28987
39017013200,"Middletown, OH",28983
2130000100,"Ketchikan, AK",28983
39087050900,"Coal Grove, OH",28982
13279970600,"Lyons, GA",28982
32003005704,"Laughlin, NV",28982
36067001000,"Eastwood, Syracuse, NY",28981
36061008300,"Midtown, New York, NY",28980
1089002300,"Huntsville, AL",28977
6037900806,"Lancaster, CA",28976
13149970100,"Franklin, GA",28976
37083930700,"Littleton, NC",28975
12085001000,"Stuart, FL",28975
6037239702,"South Los Angeles, Los Angeles, CA",28975
12069030106,"Eustis, FL",28974
26121000100,"Marquette, Muskegon, MI",28974
47013950100,"LaFollette, TN",28972
32003000524,"Las Vegas, NV",28972
29077003300,"Northwest Springfield, Springfield, MO",28972
11001010500,"Southwest Washington, Washington, DC",28972
13091960300,"Eastman, GA",28971
12057004500,"Northeast MacFarlane, Tampa, FL",28970
6001407500,"Seminary, Oakland, CA",28969
26125162400,"Southfield, MI",28968
42085030100,"Sharon, PA",28968
37019020204,"Southport, NC",28968
45079010409,"Columbia, SC",28968
36119000402,"Getty Square, Yonkers, NY",28966
13005970201,"Alma, GA",28966
12101033007,"Lake Betmar Estates, Zephyrhills, FL",28964
35027960800,"Ruidoso, NM",28964
12133970303,"Chipley, FL",28963
23003952400,"Houlton, Houlton, ME",28962
48113007827,"Lake Highlands, Dallas, TX",28960
51730811100,"Petersburg, VA",28959
6001408500,"Arroyo Viejo, Oakland, CA",28957
51710007001,"Crown Point, Norfolk, VA",28957
46041941700,"Dewey County, SD",28956
48113009804,"Northwest Dallas, Dallas, TX",28956
36035970700,"Gloversville, NY",28955
48441010800,"North College, Abilene, TX",28954
51760040800,"Museum District, Richmond, VA",28954
12086000219,"North Miami, FL",28953
12065250102,"Monticello, FL",28951
8037000503,"Avon, CO",28949
12127083003,"Oak Hill, FL",28948
28049010808,"Cedar Hills, Jackson, MS",28948
6037240020,"South Los Angeles, Los Angeles, CA",28948
4021001500,"Casa Grande, AZ",28947
54025950200,"Rupert, WV",28945
10001041400,"Dover, DE",28945
18141002500,"South Bend, IN",28943
45083021804,"Spartanburg, SC",28942
45019005800,"Johns Island, SC",28942
13221960100,"Carlton, GA",28941
6037543202,"Compton, CA",28938
48061010301,"Santa Rosa, TX",28938
6037229410,"South Los Angeles, Los Angeles, CA",28938
48113018204,"Garland, TX",28937
17109010600,"Macomb, IL",28936
4013103305,"Paradise Valley Village, Phoenix, AZ",28935
37159051501,"Kannapolis, NC",28935
32003002000,"Las Vegas, NV",28934
48309002100,"Alta Vista, Waco, TX",28933
12033003203,"Northwest Pensacola, Pensacola, FL",28931
37031970704,"Newport, NC",28930
48439104502,"West Morningside, Fort Worth, TX",28928
45031010900,"Darlington, SC",28928
1013953200,"Greenville, AL",28925
22073005500,"West Monroe, LA",28925
30087000100,"Forsyth, MT",28924
12091020200,"Laurel Hill, FL",28924
17119400600,"Madison, IL",28923
36047022100,"Kings County, NY",28923
6089011600,"Redding, CA",28923
1033020200,"Sheffield, AL",28922
36103123302,"Amityville, NY",28922
12031013402,"Wesconnett, Jacksonville, FL",28921
42003040900,"South Oakland, Pittsburgh, PA",28920
21147960400,"Pine Knot, KY",28920
36047081800,"Kings County, NY",28920
42101003300,"South Philadelphia, Philadelphia, PA",28920
48029170500,"Inner West Side, San Antonio, TX",28920
28161950100,"Water Valley, MS",28919
32003005438,"Valley View, Henderson, NV",28919
36047054500,"Kings County, NY",28919
12115000406,"Sarasota, FL",28919
20155000600,"Hutchinson, KS",28918
22051020202,"Metairie, LA",28918
48121020900,"Denton, TX",28918
51760040600,"Museum District, Richmond, VA",28918
25005641900,"Fall River, MA",28917
13271950500,"Lumber City, GA",28917
34001011702,"Egg Harbor Township, NJ",28914
13003960300,"Axson, GA",28914
5015950200,"Eureka Springs, AR",28911
37139960200,"Elizabeth City, NC",28909
13261950400,"Plains, GA",28907
12086010009,"Miami Gardens, FL",28905
48141004201,"Hacienda Heights, El Paso, TX",28905
26131970200,"Ontonagon, MI",28905
47037010702,"Madison, Nashville, TN",28902
45059920502,"Laurens, SC",28902
6089010704,"Redding, CA",28902
21019030800,"Ashland, KY",28902
37061090801,"Magnolia, NC",28902
24510250101,"Beechfield, Baltimore, MD",28901
39129020200,"Circleville, OH",28901
13273120500,"Dawson, GA",28898
17163502300,"Cahokia, IL",28897
20177002800,"Topeka, KS",28895
4027000200,"Yuma Townsite, Yuma, AZ",28894
37051003403,"Fort Bragg, NC",28894
40089098800,"Idabel, OK",28893
25013801700,"Upper Hill, Springfield, MA",28893
12101030202,"Pleasure Isles, Hudson, FL",28892
48303002002,"Wheelock and Monterey, Lubbock, TX",28890
27053009500,"Central, Minneapolis, MN",28887
12031013901,"Arlington, Atlantic Beach, FL",28887
6073004100,"Golden Hill, San Diego, CA",28886
18167001100,"Collett Park, Terre Haute, IN",28886
47157021620,"Collierville, TN",28886
26039960500,"Roscommon, MI",28884
24033801704,"Oxon Hill, MD",28884
39061021506,"Cincinnati, OH",28883
35001003400,"Alta Monte, Albuquerque, NM",28882
6073012501,"Chula Vista, CA",28882
5125010409,"Saline County, AR",28881
45045003601,"Greenville, SC",28877
48029170200,"Inner West Side, San Antonio, TX",28876
36047039500,"Kings County, NY",28875
12071040305,"Richmond, Lehigh Acres, FL",28875
45003020901,"Beech Island, SC",28875
13063040409,"Ellenwood, GA",28873
1127021800,"Sumiton, AL",28872
36005013100,"Bronx County, NY",28870
48485010600,"Wichita Falls, TX",28868
13237960300,"Eatonton, GA",28868
24033802407,"District Heights, MD",28868
17121952500,"Centralia, IL",28867
34017007800,"Historic Downtown, Jersey City, NJ",28866
34013018600,"City of Orange, NJ",28865
12101030102,"Hudson, FL",28865
55079186600,"Lincoln Village, Milwaukee, WI",28865
12086005201,"Little Havana, Miami, FL",28865
18091040300,"Michigan City, IN",28864
39085204500,"Painesville, OH",28864
26025003400,"Albion, MI",28864
48453002314,"East Riverside - Oltorf, Austin, TX",28864
21093000600,"Radcliff, KY",28862
13087970200,"Bainbridge, GA",28862
48113001502,"Old East Dallas, Dallas, TX",28861
12105011501,"Lakeland, FL",28861
24033801707,"Oxon Hill, MD",28858
35035000902,"Chaparral, NM",28857
36005013300,"Bronx County, NY",28857
32003003638,"North Las Vegas, NV",28857
21045950500,"Windsor, KY",28856
48439105205,"Fort Worth, TX",28854
42003486900,"Duquesne, PA",28854
32003000402,"Downtown, Las Vegas, NV",28854
13077170305,"Newnan, GA",28853
12081000201,"Bradenton, FL",28853
29510116301,"Tower Grove South, St. Louis, MO",28853
17031440600,"South Side, Chicago, IL",28853
40079040700,"Whitesboro, OK",28851
48355001801,"Central City, Corpus Christi, TX",28850
4019000300,"Dunbar Spring, Tucson, AZ",28848
41019130000,"Roseburg, OR",28847
51105950300,"Pennington Gap, VA",28846
37111970500,"Marion, NC",28845
5063490200,"Batesville, AR",28845
13255160200,"Griffin, GA",28845
9009351700,"Waterbury, CT",28844
37065021500,"Pinetops, NC",28844
12115002710,"North Port, FL",28844
37063000700,"Forest Hills, Durham, NC",28844
51700032129,"South Newport News, Newport News, VA",28843
41039001904,"Springfield, OR",28843
17031010201,"Rogers Park, Chicago, IL",28843
35001001200,"Clayton Heights-Lomas Del Cielo, Albuquerque, NM",28842
17031062500,"Lake View, Chicago, IL",28841
2150000200,"Kodiak, AK",28840
4019002602,"Mountain View, Tucson, AZ",28840
24033802107,"District Heights, MD",28840
12081000803,"Bradenton, FL",28840
17097860302,"Zion, IL",28839
28107950300,"Sardis, MS",28838
13189950500,"Dearing, GA",28838
39155932600,"Niles, OH",28838
36059406900,"Hempstead, NY",28837
36029006902,"Front Park, Buffalo, NY",28837
55079017500,"Lincoln Village, Milwaukee, WI",28835
45069960600,"Bennettsville, SC",28835
48141001002,"Grandview, El Paso, TX",28835
6107003001,"Tulare, CA",28834
41039004403,"Western, Eugene, OR",28834
47047060800,"Somerville, TN",28832
47089070100,"White Pine, TN",28831
47177930500,"McMinnville, TN",28830
40109107302,"Central Oklahoma City, Oklahoma City, OK",28829
24510270902,"Perring Loch, Baltimore, MD",28829
26163546300,"Detroit, MI",28828
28105950200,"Starkville, MS",28828
18035001500,"Southside, Muncie, IN",28827
1125010303,"Ralph, AL",28827
25025061101,"South Boston, Boston, MA",28826
5035030701,"Crawfordsville, AR",28826
36029003800,"Schiller Park, Buffalo, NY",28824
37119001921,"Idlewild South, Charlotte, NC",28824
48453002308,"South Austin, Austin, TX",28823
4019001500,"Jefferson Park, Tucson, AZ",28823
45049920200,"Varnville, SC",28823
42101023800,"Northwest Philadelphia, Philadelphia, PA",28822
18005010100,"Columbus, IN",28821
24033803300,"Hyattsville, MD",28820
6037600201,"South Los Angeles, Los Angeles, CA",28820
28029950200,"Crystal Springs, MS",28819
17201001300,"Rockford, IL",28819
12105015401,"Lake Wales, FL",28818
48037011100,"Texarkana, TX",28817
36055006200,"19th Ward, Rochester, NY",28816
23025966300,"Embden, ME",28815
6037269601,"Central LA, Los Angeles, CA",28815
34031175402,"Passaic, NJ",28814
2090000100,"Downtown, Fairbanks, AK",28814
34013011400,"East Orange, NJ",28813
13089023212,"Stone Mountain, GA",28812
6037242200,"South Los Angeles, Los Angeles, CA",28812
37081010900,"Charles Aycock / Summit Ave, Greensboro, NC",28812
21227011200,"Bowling Green, KY",28811
36047027100,"Kings County, NY",28810
47157004200,"Downtown, Memphis, TN",28809
35049010308,"Santa Fe, NM",28808
48121021100,"Denton, TX",28808
12031014604,"Arlington, Jacksonville, FL",28808
44007003100,"Mount Hope, Providence, RI",28807
34013000700,"Lower Roseville, Newark, NJ",28807
51147930100,"Rice, VA",28807
48375011000,"Amarillo, TX",28807
39035194800,"Beachwood, OH",28806
11001003200,"Northwest Washington, Washington, DC",28806
1081041800,"Opelika, AL",28805
12009065234,"San Sebastian, Micco, FL",28805
5051010300,"Garland County, AR",28805
6037575103,"Eastside, Long Beach, CA",28804
39153510301,"Barberton, OH",28804
48141002800,"Chamizal, El Paso, TX",28803
37147001401,"Ayden, NC",28801
6023000300,"Eureka, CA",28800
47093003000,"Knoxville, TN",28800
37023020900,"Valdese, NC",28799
13157010600,"Arcade, GA",28798
12057000601,"Northwest Tampa, Tampa, FL",28797
39049006945,"Northern Woods, Columbus, OH",28797
21129950300,"Beattyville, KY",28796
42101026301,"North Philadelphia, Philadelphia, PA",28794
39009973500,"Amesville, OH",28794
34017006500,"Historic Downtown, Jersey City, NJ",28793
23003950900,"Ashland, ME",28792
6037241400,"Harbor, Los Angeles, CA",28789
17031031502,"Uptown, Chicago, IL",28788
36005036501,"Bronx County, NY",28787
4013115700,"South Mountain Village, Phoenix, AZ",28787
39035102402,"West Boulevard, Cleveland, OH",28786
13269950300,"Butler, GA",28785
42101011700,"West Philadelphia, Philadelphia, PA",28784
36071015004,"Kiryas Joel, NY",28783
17031241300,"West Town, Chicago, IL",28783
48029140600,"East Side, San Antonio, TX",28783
40109106100,"Central Oklahoma City, Oklahoma City, OK",28783
36055008800,"Lyell-Otis, Rochester, NY",28783
21231920700,"Monticello, KY",28783
12086010210,"Miami, FL",28779
24005402307,"Pikesville, MD",28779
34033021900,"Salem, NJ",28778
48441010700,"Cobb Park Area, Abilene, TX",28776
48375012200,"Amarillo, TX",28775
36061018900,"Upper West Side, New York, NY",28775
20209042002,"Riverview, Kansas City, KS",28774
34039038800,"Plainfield, NJ",28774
45015020806,"Goose Creek, SC",28774
36119014300,"Peekskill, NY",28774
42101028600,"North Philadelphia, Philadelphia, PA",28774
4013112512,"Estrella Village, Phoenix, AZ",28773
36119002800,"South Side, Mount Vernon, NY",28773
36005018102,"Bronx County, NY",28772
1049961100,"Fort Payne, AL",28772
28093950500,"Waterford, MS",28771
6083002924,"Goleta, CA",28771
26161412100,"Ypsilanti, MI",28770
47071920400,"Savannah, TN",28767
12101033008,"Zephyrhills Colony Company, Zephyrhills, FL",28766
37051002503,"Fayetteville, NC",28766
24033801802,"Temple Hills, MD",28765
48339693400,"Conroe, TX",28765
41035971600,"Klamath Falls, OR",28764
51650010104,"Buckroe Beach, Hampton, VA",28763
6077001600,"Park, Stockton, CA",28763
6037215101,"Central LA, Los Angeles, CA",28762
36061022700,"Harlem, New York, NY",28762
12105011722,"Lakeland, FL",28761
42101007900,"Cedar Park, Philadelphia, PA",28760
24005402404,"Gwynn Oak, Lochearn, MD",28760
36005018101,"Bronx County, NY",28758
12086005409,"Little Havana, Miami, FL",28757
1005950100,"Eufaula, AL",28757
18167001900,"East Bank, Terre Haute, IN",28755
37181960100,"Henderson, NC",28755
12131950302,"DeFuniak Springs, FL",28754
36029017100,"Forest, Buffalo, NY",28753
36081019600,"Queens County, NY",28753
29510123200,"Lafayette Square, St. Louis, MO",28750
42095010500,"Bethlehem, PA",28750
34013011500,"East Orange, NJ",28749
12086000306,"North Miami, FL",28749
1069040700,"Dothan, AL",28749
29181870200,"Doniphan, MO",28748
51029930101,"Scottsville, VA",28747
36005014400,"Bronx County, NY",28746
1073014302,"Bessemer, AL",28746
54045956600,"Lyburn, WV",28745
45063020300,"West Columbia, SC",28744
48201422301,"Greater Fondren Southwest, Houston, TX",28743
47079969200,"Cottage Grove, TN",28741
55079016400,"Historic Mitchell Street, Milwaukee, WI",28741
37049961301,"Havelock, NC",28741
53033007900,"Central District, Seattle, WA",28741
6019004801,"Fresno, CA",28738
12123950100,"Perry, FL",28738
4019004513,"Park El Monte Terrace, Tucson, AZ",28737
48471790500,"Huntsville, TX",28736
17031461000,"South Chicago, Chicago, IL",28735
26001970600,"Greenbush, MI",28735
34013012500,"Irvington, NJ",28733
17137951600,"Jacksonville, IL",28733
47157004300,"Downtown, Memphis, TN",28732
12086000302,"Miami, FL",28732
2070000200,"Dillingham, AK",28731
12011020502,"Margate, FL",28731
12095012401,"Northwest Orlando, Orlando, FL",28730
36047103400,"Kings County, NY",28730
45055970800,"Camden, SC",28730
40001376800,"Stilwell, OK",28729
12103027401,"Tarpon Springs, FL",28729
1005950400,"Clio, AL",28729
12031012702,"Westside, Jacksonville, FL",28727
37101040600,"Smithfield, NC",28727
53033008900,"Central District, Seattle, WA",28727
51700032124,"McIntosh, Newport News, VA",28726
8101001800,"Mesa Junction, Pueblo, CO",28723
53011041800,"Rose Village, Vancouver, WA",28723
45025950502,"Cheraw, SC",28723
18163003702,"Evansville, IN",28722
17031825801,"Calumet City, IL",28720
36047111800,"Kings County, NY",28720
51760010401,"Bellevue, Richmond, VA",28718
39049000810,"North Linden, Columbus, OH",28718
24033801801,"Temple Hills, MD",28718
32003000522,"Las Vegas, NV",28716
9001044500,"Norwalk, CT",28715
12086011201,"Homestead, FL",28714
26163524100,"Springwells Village, Detroit, MI",28714
32003002603,"University District, Las Vegas, NV",28714
36047054700,"Kings County, NY",28713
47161110600,"Dover, TN",28712
36001000501,"Beverwyck, Albany, NY",28712
4013109200,"Alhambra, Phoenix, AZ",28711
45057010400,"Lancaster, SC",28710
48167724101,"Galveston, TX",28710
21019030400,"Ashland, KY",28710
45045000100,"Greenville, SC",28710
36005004400,"Bronx County, NY",28709
40041376000,"Jay, OK",28708
45041001700,"Florence, SC",28706
1073011002,"Leeds, AL",28706
6023000500,"Eureka, CA",28705
39061021900,"Cincinnati, OH",28704
12053041302,"Spring Hill, FL",28703
21125970100,"London, KY",28703
18053000900,"Marion, IN",28703
12086000204,"North Miami Beach, FL",28702
5067480400,"Newport, AR",28702
24029950500,"Rock Hall, MD",28700
27095970200,"Onamia, MN",28699
42101028800,"Juniata Park/ Feltonville, Philadelphia, PA",28699
48215020723,"McAllen, TX",28699
26017286500,"Bay City, MI",28697
48479001818,"Laredo, TX",28696
6037540901,"South Los Angeles, Los Angeles, CA",28696
10003014903,"Newark, DE",28695
2020002601,"Abbott Loop, Anchorage, AK",28694
23029955600,"Perry, ME",28694
26099263900,"Warren, MI",28694
2122001100,"Fritz Creek, AK",28692
36047035900,"Kings County, NY",28691
42045404600,"Chester, PA",28690
51191010200,"Bristol, VA",28689
1111000400,"Roanoke, AL",28689
39049008340,"Southwest Columbus, Columbus, OH",28688
6115040500,"Olivehurst, CA",28688
16027021300,"Caldwell, ID",28687
42003492800,"Clairton, PA",28687
48029171301,"Edgewood, San Antonio, TX",28686
12133970200,"Caryville, FL",28685
6037232300,"South Los Angeles, Los Angeles, CA",28684
12099003102,"West Palm Beach, FL",28683
6037234800,"Park Mesa Heights, Los Angeles, CA",28683
37123960500,"Candor, NC",28681
26163506100,"Detroit, MI",28681
39101001100,"Marion, OH",28681
48029191004,"North Central, San Antonio, TX",28680
22051021803,"Metairie, LA",28679
51087201401,"Richmond, VA",28678
4013092600,"Glendale, AZ",28677
37065021100,"Tarboro, NC",28676
35013000900,"Las Cruces, NM",28676
22123000300,"Pioneer, LA",28675
37133001300,"Jacksonville, NC",28675
12031015700,"Arlington, Jacksonville, FL",28674
48453002113,"University Hills, Austin, TX",28674
37119001200,"Country Club Heights, Charlotte, NC",28674
45045002901,"Greenville, SC",28674
12099005501,"North Broadway, Lantana, FL",28674
39049010300,"South Columbus, Columbus, OH",28673
45077010801,"Easley, SC",28673
5083950400,"Booneville, AR",28673
17201003300,"Rockford, IL",28673
47119010700,"Columbia, TN",28673
45061920400,"Dalzell, SC",28672
12086010704,"Homestead, FL",28670
35049000600,"Santa Fe, NM",28670
42101026400,"North Philadelphia, Philadelphia, PA",28670
1073002305,"Crestwood North, Birmingham, AL",28669
37119004304,"Westchester, Charlotte, NC",28669
4021002003,"Eloy, AZ",28669
17031817000,"Bellwood, IL",28668
49037942100,"Oljato-Monument Valley, UT",28667
51117930500,"Clarksville, VA",28667
40041375801,"Cleora, OK",28666
12009062106,"Cocoa, FL",28666
13053020203,"Fort Benning, GA",28666
2195000200,"Petersburg, AK",28666
48439106515,"Woodhaven, Fort Worth, TX",28665
36029017400,"Buffalo, NY",28664
26159011400,"Hartford, MI",28664
8101003001,"Pueblo, CO",28664
22051027803,"Harvey, LA",28664
12086005303,"East Little Havana, Miami, FL",28662
41035971900,"Klamath Falls, OR",28662
48029160600,"Edgewood, San Antonio, TX",28661
48201330600,"Southwest Houston, Houston, TX",28660
28123020400,"Morton, MS",28660
13121010119,"Sandy Springs, GA",28660
42043024101,"Hershey, PA",28659
48463950300,"Uvalde, TX",28658
51183870400,"Wakefield, VA",28657
12086000220,"North Miami, FL",28657
32031000900,"Reno, NV",28655
11001007808,"Grant Park, Washington, DC",28654
13199970700,"Luthersville, GA",28652
4019003501,"Naylor, Tucson, AZ",28651
24510020100,"Upper Fells Point, Baltimore, MD",28651
17031841700,"Little Village, Chicago, IL",28650
12057010303,"Greater Thonotosassa, Thonotosassa, FL",28648
37155960502,"Pembroke, NC",28647
45031011500,"Timmonsville, SC",28646
6037541605,"Compton, CA",28646
26125171600,"Oak Park, MI",28646
45045002505,"Greer, SC",28645
6071005500,"San Bernardino, CA",28645
12105012305,"Polk City, FL",28644
48113016704,"Lancaster, TX",28644
13279970100,"Lyons, GA",28643
48463950500,"Uvalde, TX",28642
37163970600,"Clinton, NC",28642
48201530800,"Acres Homes, Houston, TX",28642
36005024502,"Bronx County, NY",28640
26065003700,"Lansing, MI",28640
37027030900,"Lenoir, NC",28640
12071040310,"Parkdale, Lehigh Acres, FL",28639
2020002202,"Turnagain, Anchorage, AK",28638
12103020202,"Greater Pinellas Point, Saint Petersburg, FL",28638
8077000300,"Grand Junction, CO",28635
37019020104,"Leland, NC",28635
26163545900,"Warrendale, Detroit, MI",28635
12075970600,"Williston, FL",28634
48423000300,"Tyler, TX",28633
36005021302,"Bronx County, NY",28633
41047000300,"Highland, Salem, OR",28633
24033802405,"Suitland, Suitland-Silver Hill, MD",28633
54055001700,"Bluefield, WV",28631
45085001801,"Sumter, SC",28631
19113002700,"Oakhill Jackson, Cedar Rapids, IA",28630
48201550100,"Houston, TX",28630
18097330202,"Indianapolis, IN",28630
45051060102,"Myrtle Beach, SC",28629
26161403800,"Northside, Ann Arbor, MI",28627
6031001002,"Hanford, CA",28627
6037232120,"South Los Angeles, Los Angeles, CA",28626
40113940006,"Tulsa, OK",28625
12099004904,"Lake Worth, FL",28625
12119911301,"Wildwood, FL",28625
48037010100,"Texarkana, TX",28625
36061016600,"East Harlem, New York, NY",28620
35035000700,"Tularosa, NM",28619
21049020106,"Winchester, KY",28618
35013000202,"Las Cruces, NM",28618
36061019200,"East Harlem, New York, NY",28617
41051001101,"Buckman Neighborhood, Portland, OR",28617
37081012617,"Random Woods, Greensboro, NC",28617
45019003106,"Summerville, SC",28615
42133000300,"York, PA",28615
12127081102,"Seabreeze Park, Daytona Beach, FL",28615
6067000500,"Central Sacramento, Sacramento, CA",28615
26105950500,"Ludington, MI",28614
37023020600,"Morganton, NC",28614
42003563200,"East Allegheny, Pittsburgh, PA",28612
39147962900,"Fostoria, OH",28612
13183970200,"Ludowici, GA",28610
23029955400,"Woodland, Baileyville, ME",28610
13045910101,"Villa Rica, GA",28608
35001004713,"Westgate Heights, Albuquerque, NM",28607
48113009101,"Piedmont Addition, Dallas, TX",28606
1015000700,"Anniston, AL",28605
25025100100,"Franklin Field South, Boston, MA",28604
13165960100,"Millen, GA",28604
26161412000,"Ypsilanti, MI",28603
5149952301,"Dardanelle, AR",28602
45059920102,"Gray Court, SC",28601
48471790700,"Huntsville, TX",28601
40141070500,"Grandfield, OK",28601
48201420100,"Southwest Houston, Houston, TX",28600
12011060208,"Sunrise, FL",28599
13245010204,"Augusta, GA",28599
47119010600,"Columbia, TN",28598
17031460700,"South Chicago, Chicago, IL",28597
4013103306,"Paradise Valley Village, Phoenix, AZ",28597
13067031306,"Mableton, GA",28593
12097042200,"Kissimmee, FL",28592
36005037100,"Bronx County, NY",28591
13209950300,"Uvalda, GA",28590
21093000400,"Radcliff, KY",28589
48201423202,"Greater Fondren Southwest, Houston, TX",28589
35043011200,"Ponderosa, NM",28588
26073940500,"Mount Pleasant, MI",28588
23019028000,"Enfield, ME",28587
8041005111,"Colorado Springs, CO",28585
36047041700,"Kings County, NY",28584
6073003301,"Mountain View, San Diego, CA",28583
36047012700,"Kings County, NY",28583
12009065121,"Port Malabar Country Club, Palm Bay, FL",28579
42011001400,"Reading, PA",28579
12111380600,"Fort Pierce, FL",28577
22071003304,"Gentilly, New Orleans, LA",28576
46103010400,"Rapid City, SD",28573
51121020700,"Grissom - Highland, Blacksburg, VA",28573
41051007400,"Northeast Portland, Portland, OR",28572
41041951000,"Newport, OR",28571
19013000500,"Waterloo, IA",28570
45037970202,"Edgefield, SC",28570
39007000400,"Ashtabula, OH",28569
36005036100,"Bronx County, NY",28569
26129950100,"Rose City, MI",28569
13089023425,"Decatur, GA",28569
36005033600,"Bronx County, NY",28568
35001004739,"Westgate Heights, Albuquerque, NM",28567
36061023600,"Harlem, New York, NY",28566
12057012701,"Plant City, FL",28564
25009250400,"Lawrence, MA",28563
13031110200,"Statesboro, GA",28563
12111382010,"Port St. Lucie, FL",28558
28059042000,"Pascagoula, MS",28557
24005402406,"Windsor Mill, Milford Mill, MD",28556
36005025300,"Bronx County, NY",28556
28153950100,"Waynesboro, MS",28555
13121000600,"Home Park, Atlanta, GA",28554
12083002606,"Ocala, FL",28554
12031015100,"Arlington, Jacksonville, FL",28553
26161413000,"Ypsilanti, MI",28553
37107011100,"La Grange, NC",28552
28047003207,"Gulfport, MS",28551
48441011000,"Original Town North, Abilene, TX",28549
21025920700,"Clayhole, KY",28548
20009971700,"Great Bend, KS",28548
20177002200,"Greater Auburndale, Topeka, KS",28548
13089023426,"Lithonia, GA",28547
55059000900,"Kenosha, WI",28546
39009973101,"Athens, OH",28546
29189211802,"St. Louis, MO",28545
12009071332,"Palm Bay, FL",28544
37155961500,"Lumberton, NC",28543
37133002800,"Hubert, NC",28543
48029170700,"Inner West Side, San Antonio, TX",28543
54011001400,"Huntington, WV",28543
12057014104,"Southside Rural Community, Ruskin, FL",28542
6067009110,"Sacramento, CA",28539
48453002310,"Carson Creek, Del Valle, TX",28539
6037232400,"South Los Angeles, Los Angeles, CA",28538
6065044915,"Cathedral City, CA",28537
13067031004,"Marietta, GA",28537
9001070400,"South End, Bridgeport, CT",28536
32003000523,"Las Vegas, NV",28536
8031003601,"North, Denver, CO",28534
12127092500,"Daytona Beach International Airport, Daytona Beach, FL",28534
48453001811,"St. John/Coronado Hills, Austin, TX",28532
4013111602,"Encanto Village, Phoenix, AZ",28532
47029920502,"Newport, TN",28530
12093910202,"Okeechobee, FL",28529
18005010800,"Columbus, IN",28527
36061017800,"East Harlem, New York, NY",28526
48355006400,"Central City, Corpus Christi, TX",28526
35013000201,"Las Cruces, NM",28526
44007001400,"West End, Providence, RI",28525
13175951000,"East Dublin, GA",28524
48027022405,"Killeen, TX",28524
17031826401,"Dolton, IL",28521
51710005903,"Foxhall, Norfolk, VA",28520
17113001600,"Bloomington, IL",28520
12086000215,"Miami, FL",28520
20177003001,"Highland Crest, Topeka, KS",28520
13095010403,"Albany, GA",28519
39093022601,"Lorain, OH",28519
13063040524,"Riverdale, GA",28517
20173001800,"New Salem, Wichita, KS",28517
17167002802,"Springfield, IL",28516
45029970800,"Green Pond, SC",28514
47019071600,"Butler, TN",28514
42085032100,"Greenville, PA",28513
42101029300,"Frankford, Philadelphia, PA",28513
37061090300,"Warsaw, NC",28512
55025000600,"Allied Community, Fitchburg, WI",28512
35001001300,"San Jose, Albuquerque, NM",28511
40109106915,"Central Oklahoma City, Oklahoma City, OK",28510
45063020805,"Gaston, SC",28508
6037218900,"Jefferson, Los Angeles, CA",28507
9009140300,"The Hill, New Haven, CT",28507
6019002100,"Fresno, CA",28506
5001480100,"DeWitt, AR",28504
42101002701,"Dickinson Narrows, Philadelphia, PA",28504
20001952900,"Iola, KS",28504
4013112509,"Maryvale Village, Phoenix, AZ",28504
1045021102,"Daleville, AL",28503
13067031114,"Smyrna, GA",28503
26107960900,"Mecosta, MI",28502
36029016300,"Babcock, Buffalo, NY",28502
36047029700,"Kings County, NY",28500
12099003000,"West Palm Beach, FL",28500
39153502600,"Goodyear Heights, Akron, OH",28499
45019005000,"McClellanville, SC",28499
36047036501,"Kings County, NY",28499
18089020600,"Hammond, IN",28499
53003960300,"Clarkston, WA",28498
51121020202,"Blacksburg, VA",28497
45079010403,"Columbia, SC",28496
45051060301,"Conway, SC",28496
37019020303,"Bolivia, NC",28495
28103950100,"Macon, MS",28494
47097050506,"Ripley, TN",28492
48201222600,"Northside, Houston, TX",28491
6037541300,"Compton, CA",28490
13089023314,"Lithonia, GA",28489
36001012800,"Cohoes, NY",28488
48027022404,"Killeen, TX",28488
48453000902,"East Austin, Austin, TX",28487
21173920500,"Jeffersonville, KY",28486
6037602507,"Hawthorne, CA",28486
6019001202,"Roosevelt, Fresno, CA",28486
12086005304,"East Little Havana, Miami, FL",28485
42003562700,"Allegheny Center, Pittsburgh, PA",28484
36005026300,"Bronx County, NY",28484
48113000401,"Dallas, TX",28482
30063000201,"Westside, Missoula, MT",28481
55105001700,"Beloit, WI",28481
17031831400,"Austin, Chicago, IL",28481
47155080101,"Kodak, TN",28481
17031490500,"Roseland, Chicago, IL",28478
12099006201,"Boynton Beach, FL",28478
4013106801,"Alhambra, Phoenix, AZ",28477
20173000300,"Wichita, KS",28477
21211040301,"Shelbyville, KY",28477
55001950202,"Arkdale, WI",28475
17031300600,"Little Village, Chicago, IL",28475
41029001301,"White City, OR",28473
26163541500,"Berg - Lahser, Detroit, MI",28473
12055960800,"Sebring, FL",28472
39113070101,"Dayton, OH",28472
21095970100,"Lynch, KY",28471
20177002900,"Highland Crest, Topeka, KS",28471
48315950100,"Jefferson, TX",28471
6037237202,"South Los Angeles, Los Angeles, CA",28469
51131930300,"Cape Charles, VA",28469
12071020800,"Diplomat, North Fort Myers, FL",28468
13173950200,"Lakeland, GA",28467
6023001200,"Arcata, CA",28466
34007606500,"Lawnside, NJ",28466
48213951000,"Malakoff, TX",28465
32003002204,"Las Vegas, NV",28465
26163500800,"Detroit, MI",28465
13015960801,"Acworth, GA",28465
36047079602,"Kings County, NY",28464
5033020501,"Van Buren, AR",28463
6015000102,"Crescent City, CA",28463
51095080205,"Williamsburg, VA",28462
40089098300,"Wright City, OK",28462
45015020102,"Ridgeville, SC",28461
37081012601,"Hewitt Area, Greensboro, NC",28461
5093010200,"Blytheville, AR",28461
45051020100,"Loris, SC",28459
5051011800,"Garland County, AR",28459
48213950601,"Gun Barrel City, TX",28457
34039038900,"Plainfield, NJ",28457
12017451602,"Homosassa, FL",28455
21043960200,"Olive Hill, KY",28454
21017030100,"Paris, KY",28454
21071920700,"Garrett, KY",28454
12099004705,"Greenacres, FL",28452
6107001602,"Farmersville, CA",28452
48507950301,"Crystal City, TX",28452
13013180205,"Winder, GA",28451
1001021100,"Prattville, AL",28450
6073014400,"Lemon Grove, CA",28449
37133002202,"Jacksonville, NC",28449
37031971101,"Atlantic Beach, NC",28448
41041950100,"Otis, OR",28447
39061006500,"North Avondale, Cincinnati, OH",28445
1015001201,"Oxford, AL",28444
11001007903,"Kingman Park, Washington, DC",28444
5117460100,"Des Arc, AR",28444
25009260100,"Haverhill, MA",28442
26125162100,"Southfield, MI",28442
51740210200,"Port Norfolk, Portsmouth, VA",28441
48303000301,"Arnett Benson, Lubbock, TX",28441
26081002900,"South Hills, Grand Rapids, MI",28440
48113010805,"Oak Cliff, Dallas, TX",28440
36005003900,"Bronx County, NY",28438
51700032224,"North Newport News, Newport News, VA",28438
40125501201,"Maud, OK",28437
12083002503,"Ocala, FL",28437
53033008700,"Squire Park, Seattle, WA",28436
48303002204,"Bayless Atkins, Lubbock, TX",28435
18089011500,"Gary, IN",28434
22033003505,"Baton Rouge, LA",28433
18097358100,"West Indianapolis, Indianapolis, IN",28433
6037237402,"South Los Angeles, Los Angeles, CA",28433
6077000900,"Pacific, Stockton, CA",28432
12095014904,"Orlando, FL",28431
48157670200,"Southwest Houston, Houston, TX",28431
40025950100,"Boise City, OK",28428
36085000700,"Richmond County, NY",28428
39139001400,"Mansfield, OH",28427
4013060901,"Rancho El Mirage, El Mirage, AZ",28426
12127080805,"Hilltop Haven, Ormond Beach, FL",28426
51550021404,"Deep Creek North, Chesapeake, VA",28425
39093023000,"Lorain, OH",28424
12057000901,"Temple Crest, Tampa, FL",28423
21227011001,"Bowling Green, KY",28423
37165010400,"Laurinburg, NC",28422
45083020702,"Spartanburg, SC",28420
4013941200,"Fort McDowell, AZ",28419
17197882400,"Joliet, IL",28419
47125101303,"Clarksville, TN",28419
48061013801,"Mitte Cultural District, Brownsville, TX",28419
5115951300,"Russellville, AR",28416
48355001702,"Central City, Corpus Christi, TX",28416
4013109400,"Maryvale Village, Phoenix, AZ",28415
48167725200,"Galveston, TX",28414
13199970500,"Manchester, GA",28414
41039003700,"Eugene, OR",28413
26163585800,"Romulus, MI",28413
50027965300,"Rochester, VT",28412
36047111600,"Kings County, NY",28412
26163501400,"East English Village, Detroit, MI",28412
23009966400,"Penobscot, ME",28412
42045402700,"Darby, PA",28411
17137951700,"Jacksonville, IL",28411
12099006203,"Boynton Beach, FL",28409
6037228900,"Central Alameda, Los Angeles, CA",28409
6065044510,"Desert Hot Springs, CA",28409
45045002107,"Greenville, SC",28408
22017021200,"Highland, Stoner Hill, Shreveport, LA",28408
53077000100,"Yakima, WA",28406
13089023427,"Lithonia, GA",28406
6037234600,"Park Mesa Heights, Los Angeles, CA",28406
4019004323,"Rancho Sahuarita, Sahuarita, AZ",28404
4023966402,"Nogales, AZ",28404
48453002104,"University Hills and Windsor Park, Austin, TX",28403
13051010603,"Savannah, GA",28402
41051003901,"North Portland, Portland, OR",28401
13127001000,"Brunswick, GA",28400
40101000100,"Muskogee, OK",28399
12011060127,"North Lauderdale, FL",28398
13037950100,"Morgan, GA",28397
48029150502,"Harlandale, San Antonio, TX",28396
20177000800,"North Topeka East, Topeka, KS",28396
42011002100,"Reading, PA",28395
34031180900,"Paterson, NJ",28394
26125141100,"Pontiac, MI",28394
47009011401,"Townsend, TN",28394
39145003900,"West Portsmouth, OH",28394
13313001000,"Dalton, GA",28392
34011010401,"Bridgeton, NJ",28392
28027950400,"Clarksdale, MS",28391
13031110100,"Portal, GA",28391
48029121404,"Northeast Side, San Antonio, TX",28390
13161960200,"Hazlehurst, GA",28389
5119003100,"North Little Rock, AR",28387
35061970405,"Los Lunas, NM",28387
6001401700,"West Oakland, Oakland, CA",28387
8013013401,"Longmont, CO",28386
13089021301,"Chamblee, GA",28384
37049961303,"Havelock, NC",28384
18043070700,"New Albany, IN",28384
45041001100,"Florence, SC",28383
37081012610,"Rolling Roads, Greensboro, NC",28383
12086000217,"North Miami, FL",28383
12107950202,"Palatka, FL",28383
25013800700,"Brightwood, Springfield, MA",28382
13089021412,"Ashford Park, Chamblee, GA",28382
39071955000,"Hillsboro, OH",28382
12057012600,"Plant City, FL",28382
48029171602,"Edgewood, San Antonio, TX",28382
26165380700,"Cadillac, MI",28380
12086010010,"Miami Gardens, FL",28380
31055001800,"Downtown, Omaha, NE",28379
6001402700,"Oak Center, Oakland, CA",28379
36029002800,"Emerson, Buffalo, NY",28378
1069040302,"Dothan, AL",28378
47099960501,"Lawrenceburg, TN",28377
37183053608,"Providence Place, Morrisville, NC",28377
42101036700,"North Philadelphia, Philadelphia, PA",28377
6037542800,"Compton, CA",28377
39007000703,"Ashtabula, OH",28375
47151975000,"Winfield, TN",28375
6077001800,"Park, Stockton, CA",28374
28049003600,"Oak Forest, Jackson, MS",28374
36081052000,"Queens County, NY",28374
17031230600,"Humboldt Park, Chicago, IL",28370
45055970902,"Lugoff, SC",28370
27123033500,"Summit - University, Saint Paul, MN",28370
12099004012,"Greenacres, FL",28369
29181870300,"Doniphan, MO",28369
11001007806,"Northeast Washington, Washington, DC",28369
13067031002,"Marietta, GA",28369
18177000600,"Richmond, IN",28369
12103020206,"Greater Pinellas Point, Saint Petersburg, FL",28368
36047090000,"Kings County, NY",28367
54067950500,"Richwood, WV",28367
36047028700,"Kings County, NY",28365
4013115801,"South Mountain Village, Phoenix, AZ",28364
45015020505,"Moncks Corner, SC",28364
39023001500,"Arlington, Springfield, OH",28364
47155081102,"Gatlinburg, TN",28363
11001009601,"Kenilworth, Washington, DC",28363
22101040900,"Franklin, LA",28363
39151700100,"Canton, OH",28363
41047000502,"Northgate, Salem, OR",28362
45045001102,"Greenville, SC",28361
48041000900,"Bryan, TX",28361
25025091800,"Dorchester, Boston, MA",28361
47035970302,"Crossville, TN",28360
36087012300,"Spring Valley, NY",28360
47061955200,"Gruetli-Laager, TN",28360
6019006201,"Sanger, CA",28360
12033001401,"North Central Pensacola, Pensacola, FL",28359
42073000900,"New Castle, PA",28359
28113950700,"Magnolia, MS",28358
12065250101,"Monticello, FL",28353
39035115400,"South Broadway, Cleveland, OH",28353
45079011304,"Columbia, SC",28351
48453002111,"Johnston Terrace, Austin, TX",28349
37045951601,"Shelby, NC",28349
12086011003,"Homestead, FL",28349
9003500200,"Barry Square, Hartford, CT",28349
48027023104,"Killeen, TX",28348
37119005512,"Rockwell Park - Hemphill Heights, Charlotte, NC",28348
12017450303,"Crystal River, FL",28347
25027731300,"Main South, Worcester, MA",28346
20155000800,"Hutchinson, KS",28346
44007000600,"Upper South Providence, Providence, RI",28343
28017950400,"Houston, MS",28343
4013112301,"Maryvale Village, Phoenix, AZ",28342
20173000400,"Wichita, KS",28342
12091022800,"Fort Walton Beach, FL",28341
6065046700,"Moreno Valley, CA",28340
13089021414,"Atlanta, GA",28338
12057013004,"Plant City, FL",28338
51195931600,"Coeburn, VA",28337
51740212300,"Cradock, Portsmouth, VA",28337
37021001400,"Asheville, NC",28336
6077000402,"Civic Center, Stockton, CA",28335
34021001300,"Cadwalader & Hillcrest, Trenton, NJ",28334
12075970400,"Inglis, FL",28334
1031010900,"Enterprise, AL",28333
12086002402,"Allapattah, Miami, FL",28333
12057011904,"Tampa, FL",28333
29095006500,"Midtown - Westport, Kansas City, MO",28333
45085000202,"Dalzell, SC",28332
4017960500,"Winslow, AZ",28331
2016000100,"Aleutians West County, AK",28331
4013107201,"Alhambra, Phoenix, AZ",28331
39113080700,"Kittyhawk, Dayton, OH",28330
47157021732,"Memphis, TN",28330
41041951600,"Waldport, OR",28329
48029170402,"Inner West Side, San Antonio, TX",28329
40109104600,"Central Oklahoma City, Oklahoma City, OK",28328
12086001203,"Miami, FL",28327
25025091900,"Dorchester, Boston, MA",28327
9001070900,"West End - West Side, Bridgeport, CT",28326
48113001302,"Munger Place, Dallas, TX",28325
35001000501,"Fair West, Albuquerque, NM",28325
36005020900,"Bronx County, NY",28325
17097863201,"North Chicago, IL",28324
13051003502,"LaRoche Park/Springhill/Daffin Heights, Savannah, GA",28322
35017964500,"Santa Clara, NM",28321
51800065300,"Suffolk, VA",28321
6037231100,"South Los Angeles, Los Angeles, CA",28320
36047034100,"Kings County, NY",28320
12103027402,"Tarpon Springs, FL",28320
36005017701,"Bronx County, NY",28320
51147930300,"Farmville, VA",28320
36005004200,"Bronx County, NY",28319
48027020402,"Temple, TX",28319
12015020800,"Port Charlotte, FL",28317
8041001301,"Old Colorado City, Colorado Springs, CO",28317
17031821401,"Calumet Park, IL",28317
31055003900,"Southeast Omaha, Omaha, NE",28317
21195931700,"Phelps, KY",28317
48485010800,"Wichita Falls, TX",28316
26163524200,"Springwells Village, Detroit, MI",28315
27137001200,"East Hillside, Duluth, MN",28312
13213010700,"Chatsworth, GA",28311
13003960200,"Pearson, GA",28311
28153950200,"Waynesboro, MS",28311
12055961200,"Sebring, FL",28310
28031950100,"Collins, MS",28309
12011042600,"South Fort Lauderdale, Fort Lauderdale, FL",28308
13067030344,"Cumberland, Marietta, GA",28307
12017450800,"Hernando, FL",28306
18043070400,"New Albany, IN",28305
37195000400,"Wilson, NC",28304
36027220700,"Poughkeepsie, NY",28303
37019020510,"Ocean Isle Beach, NC",28303
36061017401,"East Harlem, New York, NY",28301
17031241100,"Humboldt Park, Chicago, IL",28298
13151070311,"McDonough, GA",28296
35001004001,"Mountain View, Albuquerque, NM",28293
21101020400,"Henderson, KY",28291
42045404400,"Chester, PA",28288
26077005502,"Eastwood, Kalamazoo, MI",28287
13295020700,"LaFayette, GA",28285
6019002905,"Roosevelt, Fresno, CA",28285
32003002604,"Las Vegas, NV",28285
18095010300,"Elwood, IN",28285
45083023202,"Greer, SC",28283
26073000800,"Mount Pleasant, MI",28282
36045062100,"Watertown, NY",28282
51550020903,"South Norfolk, Chesapeake, VA",28281
29189213700,"St. Louis, MO",28279
37051003001,"Gray's Creek, Hope Mills, NC",28278
6037270300,"Central LA, Los Angeles, CA",28277
6037238400,"South Los Angeles, Los Angeles, CA",28277
37071032800,"Gastonia, NC",28276
34013008800,"Seventh Avenue, Newark, NJ",28275
6037576903,"Eastside, Long Beach, CA",28274
24510260302,"Belair - Edison, Baltimore, MD",28273
6047001503,"Merced, CA",28272
6037221401,"Jefferson, Los Angeles, CA",28271
42095014300,"West Ward, Easton, PA",28271
36087012102,"Monsey, NY",28271
39071954500,"Greenfield, OH",28270
16005000900,"Pocatello, ID",28269
21121930500,"Barbourville, KY",28264
6037238310,"South Figueroa Corridor, Los Angeles, CA",28262
36045061300,"Watertown, NY",28258
12031010303,"Biscayne, Jacksonville, FL",28258
12019030400,"Orange Park, FL",28257
1047956201,"Selma, AL",28256
36047091600,"Kings County, NY",28254
37007920600,"Morven, NC",28253
37195001200,"Wilson, NC",28253
12127090806,"Breezewood Park, Orange City, FL",28253
4013093001,"Maryland Heights Garden Homes, Glendale, AZ",28252
39049008312,"Holly Hill, Columbus, OH",28251
29207470500,"Dexter, MO",28250
39113001600,"DeWeese, Dayton, OH",28250
17031826500,"Chicago, IL",28250
13185010601,"Valdosta, GA",28250
12071001300,"Fort Myers, FL",28249
36005007100,"Bronx County, NY",28247
48029111000,"Near East Side, San Antonio, TX",28243
36081103201,"Queens County, NY",28242
4013116606,"Laveen Village, Phoenix, AZ",28239
47093002200,"South Knoxville, Knoxville, TN",28239
24033802901,"Capitol Heights, MD",28236
27053104800,"Cedar-Riverside, Minneapolis, MN",28236
6025010101,"Calipatria, CA",28234
8051963800,"Crested Butte, CO",28233
48303010402,"Lubbock, TX",28232
36065021102,"Utica, NY",28232
6037543000,"Compton, CA",28232
12099005814,"Seminole Manor, Lake Worth, FL",28231
22033003604,"Park Forest/LA North, Baton Rouge, LA",28230
42003060300,"Lower Lawrenceville, Pittsburgh, PA",28228
37183050100,"Downtown, Raleigh, NC",28228
12127090805,"Orange City, FL",28227
28047002500,"Gulfport, MS",28226
47157008800,"Berclair, Memphis, TN",28226
5129970200,"Marshall, AR",28223
21019031300,"Catlettsburg, KY",28222
17201002000,"Rockford, IL",28222
42081000300,"Williamsport, PA",28221
12097042300,"Kissimmee, FL",28221
21235920500,"Williamsburg, KY",28221
13089023418,"Lithonia, GA",28221
5119002102,"Boyle Park, Little Rock, AR",28220
12099007010,"Boca Raton, FL",28219
39003012600,"Lima, OH",28217
18089012700,"Gary, IN",28215
37019020404,"Brunswick County, NC",28214
48113001202,"Hollywood/Santa Monica, Dallas, TX",28212
37141920203,"Hampstead, NC",28212
36005018900,"Bronx County, NY",28212
45027960703,"Manning, SC",28212
42007601300,"Beaver Falls, PA",28212
13121010800,"Hapeville, GA",28211
36047081400,"Kings County, NY",28211
18097320903,"Washington Township, Indianapolis, IN",28210
29217950400,"Nevada, MO",28210
12101030203,"Pineland Park, Port Richey, FL",28210
12011060802,"Plantation, FL",28209
39095004701,"East Toledo, Toledo, OH",28209
48201210900,"Northside, Houston, TX",28208
12095013406,"Southeast Orlando, Orlando, FL",28206
17167000300,"Oak Ridge, Springfield, IL",28206
12009065125,"Cinnamon Cove, Melbourne, FL",28204
4013114900,"Central City, Phoenix, AZ",28204
26161414300,"Ann Arbor, MI",28204
39049008322,"Brookshire, Columbus, OH",28203
36057070600,"Amsterdam, NY",28203
37019020403,"Shallotte, NC",28202
25025090100,"Franklin Field North, Boston, MA",28201
34021003400,"Ewing Township, NJ",28200
1089000501,"Huntsville, AL",28199
13317010102,"Washington, GA",28198
13175951100,"Dublin, GA",28197
48113011900,"Pleasant Grove, Dallas, TX",28196
48113009303,"Dallas, TX",28195
27021940002,"Cass Lake, MN",28194
48201433600,"Southwest Houston, Houston, TX",28194
6073010015,"San Diego, CA",28192
48439111104,"Forest Hill, TX",28192
13217100600,"Covington, GA",28192
37119001000,"Plaza Midwood, Charlotte, NC",28190
48439101500,"Meadowbrook, Fort Worth, TX",28190
18075963200,"Redkey, IN",28190
45037970300,"Johnston, SC",28188
11001003301,"Bloomingdale, Washington, DC",28187
24033803001,"Capitol Heights, MD",28187
36005023302,"Bronx County, NY",28186
12111381000,"Fort Pierce, FL",28186
39061004200,"East Walnut HIlls, Cincinnati, OH",28186
17031460400,"South Chicago, Chicago, IL",28185
28087000403,"Columbus, MS",28183
2122000700,"Soldotna, AK",28183
18043070500,"New Albany, IN",28183
24021750100,"Downtown, Frederick, MD",28183
51041100300,"Richmond, VA",28182
51173030600,"Marion, VA",28182
17031430600,"South Shore, Chicago, IL",28182
33011001400,"Kalivas Union, Manchester, NH",28181
13067031312,"Mableton, GA",28180
6067005506,"Sacramento, CA",28180
12086011001,"Homestead, FL",28179
4013113502,"Central City, Phoenix, AZ",28179
12083000302,"Ocala, FL",28179
6037117407,"North Hills, Los Angeles, CA",28179
47019071200,"Elizabethton, TN",28178
36067002000,"Far Westside, Syracuse, NY",28177
36061023501,"Harlem, New York, NY",28177
36005009300,"Bronx County, NY",28176
34013018100,"City of Orange, NJ",28176
12083001005,"Ocala, FL",28176
12086005202,"East Little Havana, Miami, FL",28175
6073005000,"Barrio Logan, San Diego, CA",28175
1109189300,"Brundidge, AL",28175
32003001502,"Las Vegas, NV",28174
39151701200,"Canton, OH",28173
51650010501,"Briarfield, Hampton, VA",28173
2240000400,"Delta Junction, AK",28173
36081018401,"Queens County, NY",28173
6083002922,"Goleta, CA",28173
37001020300,"Burlington, NC",28172
45047970600,"Greenwood, SC",28172
48113011800,"Pleasant Grove, Dallas, TX",28171
37067001000,"Winston-Salem, NC",28170
45007000900,"Anderson, SC",28169
26163510600,"Hamtramck, MI",28167
39099802900,"Belle Vista, Youngstown, OH",28165
36047079200,"Kings County, NY",28165
35001004735,"Riverside Business Park, Albuquerque, NM",28164
10005050408,"Seaford, DE",28164
2020001900,"Midtown, Anchorage, AK",28163
47049965100,"Jamestown, TN",28163
6001403501,"Oakland Ave - Harrison St, Oakland, CA",28161
1013952900,"Greenville, AL",28161
48141000404,"Angel's Triangle, El Paso, TX",28161
48201433100,"Chinatown, Houston, TX",28161
1095030903,"Albertville, AL",28160
48029171100,"Edgewood, San Antonio, TX",28160
18141002700,"South Bend, IN",28160
12086009600,"Miami, FL",28159
2170000705,"Tanaina, Wasilla, AK",28158
54039010200,"Dunbar, WV",28157
26111290100,"Midland, MI",28157
17031480300,"South Side, Chicago, IL",28157
48201423100,"Braeburn, Houston, TX",28156
36065021401,"Utica, NY",28154
37183052803,"Gatewood, Garner, NC",28153
12086000301,"Miami, FL",28151
29169470500,"Richland, MO",28151
12105012602,"Haines City, FL",28150
44007002700,"Wanskuck, Providence, RI",28149
39035117600,"North Collinwood, Cleveland, OH",28149
48005000700,"Downtown, Lufkin, TX",28149
11001009603,"Northeast Washington, Washington, DC",28148
12011010405,"Pompano Beach, FL",28144
34021001101,"Downtown, Trenton, NJ",28142
24510270803,"Loch Raven, Baltimore, MD",28142
36081028000,"Queens County, NY",28142
39043041000,"Sandusky, OH",28141
48187210200,"Seguin, TX",28140
23013970600,"Rockland, ME",28139
54011010900,"Huntington, WV",28138
41039001902,"Springfield, OR",28135
20173001000,"Country Overlook, Wichita, KS",28134
42025020106,"Lake Harmony, PA",28134
53063003800,"West Spokane, Spokane, WA",28133
6077002000,"Park, Stockton, CA",28133
5051011000,"Hot Springs National Park, Piney, AR",28133
6037541603,"Compton, CA",28132
13063040515,"Riverdale, GA",28132
48113017102,"Dallas, TX",28132
37013930400,"Washington, NC",28132
48439101202,"Fort Worth, TX",28132
48113010804,"Oak Cliff, Dallas, TX",28131
41039003400,"Springfield, OR",28128
32003007100,"Las Vegas, NV",28128
18163002100,"Evansville, IN",28127
6025012001,"Calexico, CA",28127
13089023414,"Decatur, GA",28127
30013000700,"Great Falls, MT",28125
40109101100,"Central Oklahoma City, Oklahoma City, OK",28124
6067007019,"North Sacramento, Sacramento, CA",28123
48029110300,"Downtown, San Antonio, TX",28122
4013108602,"Camelback East Village, Phoenix, AZ",28121
53077000200,"Yakima, WA",28121
37071031704,"Gastonia, NC",28118
48167722700,"Texas City, TX",28118
36029006702,"Bryant, Buffalo, NY",28118
28081950602,"Tupelo, MS",28117
47009010100,"Alcoa, TN",28116
42077000700,"Allentown, PA",28115
45027960400,"Pinewood, SC",28115
36045061400,"Watertown, NY",28111
6065941100,"Cathedral City, CA",28111
36103122406,"Wyandanch, NY",28110
21059000300,"Owensboro, KY",28110
35001004738,"Westgate Heights, Albuquerque, NM",28109
39057200500,"Fairborn, OH",28109
28125950200,"Rolling Fork, MS",28109
42121200700,"Oil City, PA",28109
48029161303,"Hidden Cove - Indian Creek, San Antonio, TX",28108
48203020501,"Marshall, TX",28108
26163585600,"Romulus, MI",28108
37067002002,"Winston-Salem, NC",28108
36061016400,"East Harlem, New York, NY",28108
39089752500,"Newark, OH",28107
12069030107,"Eustis, FL",28107
13319960200,"McIntyre, GA",28106
26035000200,"Harrison, MI",28106
47065011402,"Chattanooga, TN",28106
45085002000,"Sumter, SC",28104
28149950902,"Vicksburg, MS",28104
12105012306,"Polk City, FL",28103
12131950200,"DeFuniak Springs, FL",28103
28089030900,"Canton, MS",28103
10001041200,"Dover, DE",28101
37067001100,"Winston-Salem, NC",28100
12086001101,"Miami Shores, FL",28100
5103950200,"Chidester, AR",28099
6037542502,"Compton, CA",28099
35013000402,"Las Cruces, NM",28099
18035002000,"Muncie, IN",28098
39155932802,"Niles, OH",28098
26049004000,"Flint, MI",28095
34013009900,"East Orange, NJ",28094
13059150400,"Athens, GA",28094
42071001400,"Lancaster, PA",28093
37181960300,"Henderson, NC",28093
6037540800,"South Los Angeles, Los Angeles, CA",28092
48209010500,"San Marcos, TX",28091
6093001100,"Dunsmuir, CA",28091
12071001906,"Fort Myers, FL",28090
13071970400,"Moultrie, GA",28090
12097041300,"Kissimmee, FL",28090
12095016907,"Orlando, FL",28089
6037462002,"North Central, Pasadena, CA",28089
6031001100,"Hanford, CA",28087
36001002100,"Albany, NY",28086
6037232800,"South Figueroa Corridor, Los Angeles, CA",28086
36061021200,"Upper Manhattan, New York, NY",28086
24005421300,"Dundalk, MD",28085
36047053700,"Kings County, NY",28085
4019002603,"Amphi, Tucson, AZ",28084
37051002900,"Cape Fear, Fayetteville, NC",28084
41007950900,"Seaside, OR",28084
15001021106,"Pāhoa, HI",28083
22045030900,"New Iberia, LA",28081
37017950400,"Elizabethtown, NC",28081
37013930700,"Bath, NC",28081
18091041300,"Michigan City, IN",28080
42013101600,"Altoona, PA",28078
25025080500,"South End, Boston, MA",28078
26161407400,"Superior Charter Township, MI",28078
42101028500,"North Philadelphia, Philadelphia, PA",28075
40109108301,"McCourry Heights, Oklahoma City, OK",28074
13089023419,"Ellenwood, GA",28074
42111021100,"Somerset, PA",28074
4013113201,"Central City, Phoenix, AZ",28073
1017954700,"Valley, AL",28073
47117955300,"Lewisburg, TN",28073
39095006800,"Glendale-Heatherdowns, Toledo, OH",28072
39035115700,"South Broadway, Cleveland, OH",28072
23029956100,"Machiasport, ME",28072
36047039900,"Kings County, NY",28071
39089750700,"Newark, OH",28070
1047956800,"Selma, AL",28070
2180000200,"Nome, AK",28069
37011930301,"Newland, NC",28069
8041001500,"Colorado Springs, CO",28069
13091960400,"Eastman, GA",28068
51077060201,"Independence, VA",28068
36029005500,"Black Rock, Buffalo, NY",28067
39087050300,"Ironton, OH",28065
36021001200,"Hudson, NY",28064
36047035300,"Kings County, NY",28064
12011050310,"Lauderdale Lakes, FL",28063
36047053100,"Kings County, NY",28063
36061002202,"Alphabet City, New York, NY",28062
5089960300,"Yellville, AR",28061
47157021721,"Memphis, TN",28061
18141003000,"South Bend, IN",28061
48181000700,"Denison, TX",28061
42129800700,"New Kensington, PA",28060
21095970200,"Cumberland, KY",28060
25025090400,"Roxbury, Boston, MA",28060
55079016600,"Milwaukee, WI",28058
41029001601,"Ashland, OR",28058
36061023300,"Harlem, New York, NY",28058
10003002700,"Browntown, Wilmington, DE",28057
23029955700,"Eastport, ME",28057
40109108314,"Northwest Oklahoma City, Oklahoma City, OK",28056
13153021300,"Perry, GA",28056
39139001700,"Mansfield, OH",28056
37133002400,"Midway Park, Piney Green, NC",28055
26037010203,"Lansing, MI",28055
12011060203,"Sunrise, FL",28052
12086002900,"Allapattah, Miami, FL",28052
34013012600,"Irvington, NJ",28052
39061007500,"Northside, Cincinnati, OH",28052
22033004011,"Highlands/Perkins, Baton Rouge, LA",28051
45041002300,"Coward, SC",28050
18167001800,"Lockport, Terre Haute, IN",28049
39139001000,"Mansfield, OH",28049
9003502700,"Barry Square, Hartford, CT",28049
39049007710,"North Linden, Columbus, OH",28048
48029190700,"Uptown, San Antonio, TX",28047
45051040102,"Little River, SC",28047
36005036901,"Bronx County, NY",28046
13183970100,"Ludowici, GA",28045
5033020502,"Van Buren, AR",28045
39141956100,"Chillicothe, OH",28044
4013114703,"Estrella Village, Phoenix, AZ",28042
12031002502,"Northwest, Jacksonville, FL",28041
48145000200,"Chilton, TX",28041
21067003911,"Lexington, KY",28039
40127097600,"Clayton, OK",28039
48453002317,"Pleasant Valley, Austin, TX",28038
37071031401,"Gastonia, NC",28037
6019002501,"Roosevelt, Fresno, CA",28037
37069060100,"Louisburg, NC",28035
29189210805,"Florissant, MO",28035
48113012100,"Riverway Estates/Bruton Terrace, Dallas, TX",28034
48029170900,"Edgewood, San Antonio, TX",28033
13315960400,"Rochelle, GA",28032
48439106004,"Fort Worth, TX",28031
55079016200,"Muskego Way, Milwaukee, WI",28031
17031480500,"South Side, Chicago, IL",28030
13271950200,"Milan, GA",28026
22097961400,"Opelousas, LA",28026
12095013508,"South Semoran, Orlando, FL",28026
48453002112,"University Hills and Windsor Park, Austin, TX",28025
13069010700,"Douglas, GA",28025
4001945100,"Sanders, AZ",28025
4019003706,"Tucson, AZ",28023
53053072000,"Tacoma, WA",28022
40133583500,"Seminole, OK",28021
48113000405,"Dallas, TX",28020
17201002200,"Rockford, IL",28020
21059000100,"Owensboro, KY",28019
24001000800,"Cumberland, MD",28018
48113001504,"Old East Dallas, Dallas, TX",28017
54011000600,"Huntington, WV",28016
37119004305,"Toddville Road, Charlotte, NC",28015
13067030339,"Cumberland, Atlanta, GA",28012
53063002400,"Emerson Garfield, Spokane, WA",28012
11001008802,"Northeast Washington, Washington, DC",28011
42091202401,"Elkins Park, PA",28009
48113018505,"Lake Highlands, Dallas, TX",28008
46017940200,"Chamberlain, SD",28007
18053000400,"Marion, IN",28007
48265960600,"Kerrville, TX",28006
37063000600,"Duke Forest, Durham, NC",28006
29189211801,"St. Louis, MO",28004
17031836600,"Humboldt Park, Chicago, IL",28004
2170000200,"Matanuska-Susitna County, AK",28003
32003002706,"Las Vegas, NV",28003
22071001741,"Village De L'Est, New Orleans, LA",28002
48061010500,"Harlingen, TX",28001
42101002500,"South Philadelphia, Philadelphia, PA",28000
42121200400,"Franklin, PA",27999
45041002500,"Timmonsville, SC",27998
36047036900,"Kings County, NY",27997
4013113700,"Camelback East Village, Phoenix, AZ",27995
12093910403,"Okeechobee, FL",27994
39049008822,"South Columbus, Columbus, OH",27994
6037540700,"South Los Angeles, Los Angeles, CA",27992
12011060107,"Tamarac, FL",27992
48451000400,"San Angelo, TX",27992
51089010500,"Axton, VA",27992
39031961400,"Coshocton, OH",27991
39057200400,"Fairborn, OH",27991
21117061000,"Austinburg, Covington, KY",27991
6099001601,"Modesto, CA",27991
6037542401,"Compton, CA",27990
12011010701,"Pompano Beach, FL",27990
26163544300,"The Eye, Detroit, MI",27988
47063100400,"Morristown, TN",27988
26161410500,"Ypsilanti, MI",27988
35007950600,"Raton, NM",27988
8031003602,"North, Denver, CO",27987
21111008100,"Irish Hill, Louisville, KY",27987
42101011400,"Overbrook, Philadelphia, PA",27986
17201002900,"Rockford, IL",27986
21111004900,"Downtown, Louisville, KY",27985
45007011901,"Anderson, SC",27983
12095015201,"Orlando, FL",27983
34013010300,"East Orange, NJ",27983
29077001900,"Woodland Heights, Springfield, MO",27983
18097342400,"Wayne, Indianapolis, IN",27983
35029000500,"Deming, NM",27982
37063001708,"Northeast Durham, Durham, NC",27981
48385950100,"Leakey, TX",27980
26099263800,"Warren, MI",27980
48439111103,"Forest Hill, TX",27979
42129805400,"Monessen, PA",27979
47163041700,"Kingsport, TN",27979
21025920600,"Whick, KY",27976
22019000100,"Lake Charles, LA",27976
12069030102,"Astor, FL",27975
13063040414,"Forest Park, GA",27974
37107010900,"Kinston, NC",27973
29019001502,"Columbia, MO",27971
37085070200,"Dunn, NC",27970
53019940000,"Inchelium, WA",27969
45087030600,"Union, SC",27967
26145001700,"Saginaw, MI",27967
4013110600,"Encanto Village, Phoenix, AZ",27966
39113002500,"Eastern Hills, Dayton, OH",27965
48201313000,"MacGregor, Houston, TX",27963
48029170102,"Inner West Side, San Antonio, TX",27962
45087030300,"Union, SC",27959
9009142500,"Fair Haven, New Haven, CT",27958
55063000400,"Washburn, La Crosse, WI",27958
47009010800,"Maryville, TN",27958
39035104800,"Cleveland, OH",27956
6023010200,"Trinidad, CA",27956
12105013701,"Winter Haven, FL",27955
26075000100,"Jackson, MI",27955
45003021800,"Salley, SC",27955
12095012403,"Northwest Orlando, Orlando, FL",27952
55003940000,"Ashland, WI",27949
48041000604,"Thomas Heights, Bryan, TX",27948
20173002700,"Delano, Wichita, KS",27948
48439100300,"Far Greater Northside Historical, Fort Worth, TX",27947
4005001000,"Flagstaff, AZ",27947
39119911900,"Zanesville, OH",27946
13063040417,"Jonesboro, GA",27946
26155030600,"Owosso, MI",27945
36005020501,"Bronx County, NY",27943
48029171502,"Edgewood, San Antonio, TX",27943
1017954300,"Valley, AL",27943
37051003203,"Seventy-First, Fayetteville, NC",27942
17031350100,"Bronzeville, Chicago, IL",27942
45051040101,"Little River, SC",27940
5015950100,"Eureka Springs, AR",27939
17201002302,"Rockford, IL",27938
53003960400,"Clarkston, WA",27938
49057201301,"Ogden, UT",27937
13015960700,"Cartersville, GA",27937
37041930101,"Edenton, NC",27936
45043920301,"Georgetown, SC",27934
39035152702,"Euclid, OH",27934
6065046200,"Blythe, CA",27933
12017451502,"Homosassa, FL",27932
18141011501,"Mishawaka, IN",27931
6067006800,"North Sacramento, Sacramento, CA",27931
36047083000,"Kings County, NY",27931
12086010208,"Miami, FL",27929
6019003701,"Fresno, CA",27929
1105686800,"Marion, AL",27927
6037602600,"Gardena, CA",27926
13089023210,"Stone Mountain, GA",27926
32003003800,"North Las Vegas, NV",27926
40109106200,"Northeast Oklahoma City, Oklahoma City, OK",27925
45089970200,"Lake City, SC",27925
45015020405,"Huger, SC",27924
26065001000,"Eastside, Lansing, MI",27923
45059921001,"Waterloo, SC",27921
47093005401,"Knoxville, TN",27921
1005950700,"Eufaula, AL",27919
49057201200,"Ogden, UT",27918
12095017200,"Oakland, FL",27917
32003004301,"North Las Vegas, NV",27914
12007000100,"Starke, FL",27914
19153004900,"River Bend, Des Moines, IA",27913
26163544100,"Eliza Howell, Detroit, MI",27912
40065968700,"Altus, OK",27912
6047001401,"Merced, CA",27912
12095012305,"Orlando, FL",27912
29159480900,"Sedalia, MO",27911
6037542402,"Compton, CA",27910
29069361000,"Cardwell, MO",27908
26161410800,"Ypsilanti, MI",27908
42095011000,"Bethlehem, PA",27907
48201533200,"Greater Inwood, Houston, TX",27907
36005021700,"Bronx County, NY",27907
47125101101,"Clarksville, TN",27906
5037950100,"Parkin, AR",27906
40109104400,"Central Oklahoma City, Oklahoma City, OK",27906
26125171500,"Oak Park, MI",27905
12095013503,"Southeast Orlando, Orlando, FL",27905
26163501600,"Cornerstone Village, Detroit, MI",27904
42101014400,"North Philadelphia, Philadelphia, PA",27902
45013000501,"Beaufort, SC",27902
39035124300,"Puritas - Longmead, Cleveland, OH",27901
36005016100,"Bronx County, NY",27900
4019003801,"Wakefield, Tucson, AZ",27900
35013001307,"Las Cruces, NM",27898
6047001301,"Merced, CA",27896
36047035500,"Kings County, NY",27895
13021011000,"Macon, GA",27894
29031880800,"Cape Girardeau, MO",27893
29095000600,"Northeast Kansas City, Kansas City, MO",27890
39009972600,"Glouster, OH",27889
37081011904,"Greensboro, NC",27888
35019961600,"Santa Rosa, NM",27888
11001009903,"Southeast Washington, Washington, DC",27888
41039004501,"West Eugene, Eugene, OR",27888
12009068501,"Cape Canaveral, FL",27887
37051003309,"Westover, Fayetteville, NC",27885
35035000303,"Alamogordo, NM",27885
6019001304,"Roosevelt, Fresno, CA",27883
37051003314,"Seventy-First, Fayetteville, NC",27882
45019002003,"James Island, Charleston, SC",27882
21073071200,"Frankfort, KY",27882
11001003600,"Columbia Heights, Washington, DC",27881
39061009500,"East Price Hill, Cincinnati, OH",27881
18105000301,"Bloomington, IN",27877
15003001901,"Waikīkī, Honolulu, HI",27876
13089023413,"Decatur, GA",27876
12011050311,"Lauderdale Lakes, FL",27876
6037239801,"South Los Angeles, Los Angeles, CA",27874
54047954504,"Raysal, WV",27874
21193970300,"Hazard, KY",27874
48113007809,"Northeast Dallas, Dallas, TX",27874
37185950102,"Littleton, NC",27873
47183968700,"Palmersville, TN",27872
6067006702,"North Sacramento, Sacramento, CA",27872
35031945600,"Gallup, NM",27871
48029160100,"Inner West Side, San Antonio, TX",27871
12073002304,"Tallahassee, FL",27868
8041001101,"East Colorado Springs, Colorado Springs, CO",27868
48201232100,"Pine Village North, Houston, TX",27867
13217100400,"Covington, GA",27865
12073002104,"Tallahassee, FL",27862
36047043100,"Kings County, NY",27862
17031222800,"Logan Square, Chicago, IL",27858
36005008900,"Bronx County, NY",27857
6001410300,"Cox, Oakland, CA",27857
45089970400,"Andrews, SC",27855
6037240900,"South Los Angeles, Los Angeles, CA",27853
37183050500,"East Raleigh, Raleigh, NC",27852
35001002402,"West Mesa, Albuquerque, NM",27851
55079000502,"Silverswan, Milwaukee, WI",27850
6077000300,"Civic Center, Stockton, CA",27850
12105010800,"Lakeland, FL",27850
45023020100,"Chester, SC",27849
12057013602,"Greater Palm River Point CDC, Tampa, FL",27849
51810040600,"Northwest, Virginia Beach, VA",27847
37047930700,"Chadbourn, NC",27847
34039030200,"Elizabeth, NJ",27847
37051001800,"Douglas Byrd, Fayetteville, NC",27844
5089960201,"Yellville, AR",27842
17019000800,"Champaign, IL",27841
47071920600,"Counce, TN",27841
29097010800,"Joplin, MO",27841
48029170101,"Gardendale, San Antonio, TX",27840
47029920700,"Cosby, TN",27839
39003012400,"Lima, OH",27839
51710006100,"Estabrook, Norfolk, VA",27838
28043950100,"Grenada, MS",27836
16027020100,"Nampa, ID",27833
12057014013,"Ruskin, FL",27832
35049000800,"Santa Fe, NM",27830
6001403502,"Oakland Ave - Harrison St, Oakland, CA",27830
11001007809,"Northeast Washington, Washington, DC",27829
24510270901,"New Northwood, Baltimore, MD",27828
4019002703,"Hedrick Acres, Tucson, AZ",27828
35013001705,"Sunland Park, NM",27827
6065043601,"San Jacinto, CA",27826
6001402500,"Acorn, Oakland, CA",27826
21111006300,"Germantown, Louisville, KY",27826
12005000803,"Panama City, FL",27825
6029001202,"East Bakersfield, Bakersfield, CA",27825
35043940500,"Bernalillo, NM",27824
51820003200,"Waynesboro, VA",27824
54083966100,"Elkins, WV",27824
12031011700,"Biltmore, Jacksonville, FL",27823
41051003701,"North Portland, Portland, OR",27823
45071950502,"Newberry, SC",27823
13063040521,"Riverdale, GA",27823
36065026300,"Rome, NY",27822
22113950800,"Abbeville, LA",27822
4019004122,"Tucson, AZ",27822
25005641000,"Fall River, MA",27821
26081002700,"SWAN, Grand Rapids, MI",27821
8005007301,"Jewell Heights - Hoffman Heights, Aurora, CO",27820
12099001002,"West Palm Beach, FL",27820
36047026700,"Kings County, NY",27820
22067950500,"Bastrop, LA",27819
36119003100,"South Side, Mount Vernon, NY",27818
12095014701,"Orlando, FL",27818
42101030000,"Frankford, Philadelphia, PA",27817
13167960200,"Wrightsville, GA",27817
35043011000,"Sandoval County, NM",27816
45045003500,"Piedmont, SC",27816
20177000500,"Old Town, Topeka, KS",27814
18089010500,"Gary, IN",27814
37071033203,"Gastonia, NC",27814
48029171919,"Far West Side, San Antonio, TX",27813
8101002901,"West Side, Pueblo, CO",27810
21021930700,"Junction City, KY",27810
6105000101,"Lewiston, CA",27808
13063040619,"Jonesboro, GA",27807
1039962100,"Andalusia, AL",27807
26049002700,"Flint, MI",27806
13289060200,"Jeffersonville, GA",27806
26145001200,"Saginaw, MI",27805
42021000100,"Johnstown, PA",27805
26163541400,"Detroit, MI",27802
34031182302,"Paterson, NJ",27797
36047019100,"Kings County, NY",27797
17031730100,"South Side, Chicago, IL",27796
28025950100,"West Point, MS",27796
12099006605,"Delray Beach, FL",27796
12103025602,"Largo, FL",27795
8005007302,"Delmar Parkway, Aurora, CO",27795
25025092400,"Franklin Field North, Boston, MA",27794
16005001601,"Pocatello, ID",27794
45075011400,"Orangeburg, SC",27793
36011042100,"Auburn, NY",27792
12127081000,"Daytona Beach, FL",27791
51520020100,"Bristol, VA",27790
37117970300,"Williamston, NC",27787
12039020500,"Gadsden County, FL",27786
28081950102,"Baldwyn, MS",27782
45051080102,"Aynor, SC",27782
6077003312,"Pacific, Stockton, CA",27781
41039004502,"West Eugene, Eugene, OR",27781
26149040400,"Three Rivers, MI",27781
47091956100,"Mountain City, TN",27780
18019050200,"Jeffersonville, IN",27780
28009950100,"Lamar, MS",27779
28081951001,"Shannon, MS",27778
37173940100,"Cherokee, NC",27777
37065020600,"Rocky Mount, NC",27777
45031010800,"Hartsville, SC",27776
27137015600,"Lincoln Park, Duluth, MN",27776
22071002502,"Gentilly, New Orleans, LA",27776
25005651200,"New Bedford, MA",27776
51760060500,"Richmond, VA",27775
39153502101,"North Hill, Akron, OH",27774
36005020100,"Bronx County, NY",27773
13245010712,"Walton Farms, Hephzibah, GA",27772
12083000902,"Summerfield, FL",27772
40143002700,"Tulsa, OK",27771
13089023313,"Lithonia, GA",27771
12057013804,"Concerned Citizens of Gibsonton Area, Gibsonton, FL",27771
28061950400,"Heidelberg, MS",27770
47163040300,"Kingsport, TN",27770
12023110903,"Fort White, FL",27770
37089931200,"Hendersonville, NC",27769
48215023103,"Mercedes, TX",27768
2220000200,"Sitka, AK",27767
12011020412,"North Lauderdale, FL",27767
13055010500,"Summerville, GA",27766
12119911500,"Wildwood, FL",27765
48167724800,"Galveston, TX",27765
27053008500,"Powderhorn, Minneapolis, MN",27764
25025081700,"Roxbury, Boston, MA",27764
12091020600,"Crestview, FL",27762
35013001706,"Sunland Park, NM",27761
1097005100,"Chickasaw, AL",27759
37129010501,"Wilmington, NC",27759
21125970200,"East Bernstadt, KY",27758
55079003600,"Capitol Heights, Milwaukee, WI",27757
13185010604,"Valdosta, GA",27756
13051010601,"Garden City, GA",27756
48027022104,"Killeen, TX",27755
36109001000,"Ithaca, NY",27755
36005023502,"Bronx County, NY",27755
20209044101,"Victory Hills, Kansas City, KS",27754
8031001403,"Overland, Denver, CO",27753
21193970500,"Hazard, KY",27753
36005011900,"Bronx County, NY",27753
21209040205,"Georgetown, KY",27752
1113031000,"Phenix City, AL",27752
6071005800,"Carousel, San Bernardino, CA",27751
35005000500,"Roswell, NM",27750
6043000101,"Mariposa, CA",27749
9001044100,"Norwalk, CT",27749
27053102000,"Willard-Hay, Minneapolis, MN",27748
48361020900,"Orange, TX",27747
36061023900,"Upper Manhattan, New York, NY",27746
13089021813,"Gwinnett Village, Atlanta, GA",27744
45029970100,"Smoaks, SC",27744
42029311600,"Coatesville, PA",27744
48303000100,"Lubbock, TX",27743
6071009400,"Barstow, CA",27741
27053125700,"Jordan, Minneapolis, MN",27740
4013106701,"Alhambra, Phoenix, AZ",27739
26163538100,"Green Acres, Detroit, MI",27739
22073005900,"West Monroe, LA",27739
36005037400,"Bronx County, NY",27739
26001970500,"Barton City, MI",27739
42049000500,"Zone 1, Erie, PA",27738
45079011404,"Columbia, SC",27737
42101028200,"Logan/ Ogontz/ Fern Rock, Philadelphia, PA",27736
37019020402,"Brunswick County, NC",27735
6037237500,"South Figueroa Corridor, Los Angeles, CA",27733
13039010100,"White Oak, GA",27733
6037602505,"Hawthorne, CA",27733
40143007609,"South Peoria, Tulsa, OK",27732
34031175200,"Passaic, NJ",27731
40109102300,"Central Oklahoma City, Oklahoma City, OK",27730
12033001201,"Northeast Pensacola, Pensacola, FL",27729
42101011800,"Overbrook, Philadelphia, PA",27728
6001400700,"Santa Fe, Emeryville, CA",27728
47087960400,"Gainesboro, TN",27727
51550020700,"South Norfolk, Chesapeake, VA",27727
48439101402,"Meadowbrook, Fort Worth, TX",27726
6037242300,"South Los Angeles, Los Angeles, CA",27725
28109950600,"Picayune, MS",27725
28101050500,"Newton, MS",27723
28075000900,"Meridian, MS",27723
36005015900,"Bronx County, NY",27721
22091951200,"Greensburg, LA",27720
37051003310,"Westover, Fayetteville, NC",27719
26145010600,"Saginaw Township South, Saginaw, MI",27719
36067001701,"Northside, Syracuse, NY",27718
18097340400,"Eagledale, Indianapolis, IN",27718
48029170800,"Prospect Hill, San Antonio, TX",27718
6037220000,"Jefferson, Los Angeles, CA",27717
26163567000,"Westland, MI",27717
9001071600,"Downtown, Bridgeport, CT",27717
48113009103,"Piedmont Addition, Dallas, TX",27715
37063000102,"Northgate Park, Durham, NC",27715
48027022101,"Killeen, TX",27715
6037570603,"North Long Beach, Long Beach, CA",27714
26035001000,"Harrison, MI",27714
45019002400,"Charleston County, SC",27714
47037015803,"Nashville, TN",27713
18097360201,"Indianapolis, IN",27712
30035940400,"Browning, MT",27710
22103040501,"Covington, LA",27709
4027011104,"Adams Acres, Yuma, AZ",27709
39049007531,"Hyde Park, Columbus, OH",27709
34013004500,"Weequahic, Newark, NJ",27708
55101000200,"Racine, WI",27707
45051070500,"Conway, SC",27705
34021001200,"Berkeley Square and Parkside, Trenton, NJ",27705
36005036400,"Bronx County, NY",27704
35061970301,"Los Lunas, NM",27702
48217960900,"Hillsboro, TX",27701
48453001000,"East Austin, Austin, TX",27699
28137950301,"Coldwater, MS",27699
6037240300,"South Los Angeles, Los Angeles, CA",27698
36047022900,"Kings County, NY",27697
13279970200,"Vidalia, GA",27697
37155960402,"Pembroke, NC",27695
1121010900,"Talladega, AL",27695
26029000200,"Boyne Falls, MI",27694
6045011600,"Ukiah, CA",27694
6071007603,"Cypress, Highland, CA",27693
48029110600,"Inner West Side, San Antonio, TX",27693
1051031200,"Coosada, AL",27692
12011060403,"Lauderhill, FL",27692
6019000400,"Roosevelt, Fresno, CA",27691
42101013500,"Fairmount, Philadelphia, PA",27690
4015953602,"Kingman, AZ",27690
48245002600,"Beaumont, TX",27689
12011091902,"Parkside, Hollywood, FL",27687
18003011302,"Hickory Grove, Fort Wayne, IN",27686
12105013801,"Winter Haven, FL",27686
45027960702,"Manning, SC",27685
37051003205,"Jack Britt, Fayetteville, NC",27685
12071000301,"Morningside, Fort Myers, FL",27684
45051070602,"Conway, SC",27684
36005040304,"Bronx County, NY",27679
48439111102,"Forest Hill, TX",27679
40143011100,"Dawson, Tulsa, OK",27678
12099005930,"Delray Beach, FL",27677
49057200900,"Ogden, UT",27677
54055000900,"Camp Creek, WV",27676
13089023424,"Ellenwood, GA",27676
36047113000,"Kings County, NY",27675
45039960500,"Winnsboro, SC",27674
5093011300,"Joiner, AR",27674
29095015600,"Independence, MO",27672
29109470602,"Aurora, MO",27670
50007001000,"South End, Burlington, VT",27668
4013113203,"Central City, Phoenix, AZ",27666
36005015500,"Bronx County, NY",27666
29095001800,"Northeast Kansas City, Kansas City, MO",27665
47125102005,"Clarksville, TN",27665
36061022102,"Harlem, New York, NY",27663
55079018600,"Lincoln Village, Milwaukee, WI",27663
12053041204,"Forest Oaks, Spring Hill, FL",27660
6023000200,"Eureka, CA",27660
26163564900,"Canton, MI",27659
26025000200,"Battle Creek, MI",27658
17031829100,"Chicago Heights, IL",27656
21153970400,"Salyersville, KY",27656
35043010722,"Rio Rancho, NM",27656
54055002000,"Bluefield, WV",27655
51700031200,"Briarfield, Newport News, VA",27654
6001401400,"Hoover - Foster, Oakland, CA",27652
25025081900,"Roxbury, Boston, MA",27649
8049000201,"Granby, CO",27648
47155081000,"Pigeon Forge, TN",27647
5045030900,"Conway, AR",27646
54083966200,"Elkins, WV",27646
36047116600,"Kings County, NY",27644
36005021502,"Bronx County, NY",27643
12037970302,"Apalachicola, FL",27643
45033970300,"Dillon, SC",27643
6019001301,"Roosevelt, Fresno, CA",27641
24005402305,"Lochearn, Pikesville, MD",27640
35013000700,"Las Cruces, NM",27640
48113001503,"Old East Dallas, Dallas, TX",27638
12095016902,"Orlando, FL",27637
10003010101,"Claymont, DE",27635
36047112600,"Kings County, NY",27635
12086000209,"North Miami, FL",27633
13305970500,"Jesup, GA",27631
8031004104,"East, Denver, CO",27630
12091022001,"Fort Walton Beach, FL",27630
12127082301,"Security First Business Park, Daytona Beach, FL",27629
12115002604,"Englewood, FL",27629
39153503800,"Ellet, Akron, OH",27629
6029002200,"Lakeview, Bakersfield, CA",27628
1045021101,"Enterprise, AL",27628
37017950600,"Council, NC",27628
4015950705,"Kingman, AZ",27626
21109960200,"McKee, KY",27623
27053101600,"Hawthorne, Minneapolis, MN",27623
37099950800,"Glenville, NC",27622
40121486400,"McAlester, OK",27620
40031001400,"Lawton, OK",27620
17031710500,"Auburn Gresham, Chicago, IL",27620
29095010201,"South Kansas City, Kansas City, MO",27619
39153505700,"Kenmore, Akron, OH",27619
11001010400,"Southeast Washington, Washington, DC",27618
18089010201,"Gary, IN",27618
18167001200,"Spencer Park, Terre Haute, IN",27615
21067003101,"Joyland, Lexington, KY",27614
13107970300,"Swainsboro, GA",27614
32003000528,"Las Vegas, NV",27613
39093023800,"Lorain, OH",27608
48099010603,"Copperas Cove, TX",27607
6037462201,"Pasadena, CA",27607
13293010201,"Thomaston, GA",27607
12105012503,"Kissimmee, FL",27604
36081044000,"Queens County, NY",27604
45079011502,"Columbia, SC",27604
12099001909,"West Palm Beach, FL",27603
48439103701,"Fort Worth, TX",27603
12105012407,"Polk City, FL",27598
45049920100,"Brunson, SC",27598
25013802300,"Forest Park, Springfield, MA",27598
36081097204,"Queens County, NY",27598
22067950600,"Mer Rouge, LA",27597
24033803401,"Landover, Hyattsville, MD",27597
45085000600,"Sumter, SC",27597
55079003100,"Lincoln Creek, Milwaukee, WI",27597
36005022702,"Bronx County, NY",27597
4019004407,"Tucson, AZ",27597
36047079802,"Kings County, NY",27597
12071001201,"Fort Myers, FL",27596
12095012303,"Orlando, FL",27595
17031827200,"Phoenix, IL",27595
36029004300,"Kensington, Buffalo, NY",27595
55079011200,"Lower East Side, Milwaukee, WI",27594
39049006933,"Forest Park East, Columbus, OH",27594
12105013702,"Winter Haven, FL",27593
47025970900,"Tazewell, TN",27593
29117480500,"Chillicothe, MO",27592
36047017900,"Kings County, NY",27592
41029002000,"Ashland, OR",27592
45079011303,"Columbia, SC",27591
36005017901,"Bronx County, NY",27590
37157040200,"Eden, NC",27590
55079001900,"McGovern Park, Milwaukee, WI",27590
13297110300,"Monroe, GA",27588
12011011000,"Hillsboro Beach, FL",27587
51003011302,"Charlottesville, VA",27585
41035971500,"Klamath Falls, OR",27584
47013950600,"LaFollette, TN",27583
22055001300,"Lafayette, LA",27581
48141001400,"El Paso, TX",27581
22051025201,"Terrytown, LA",27580
21095971000,"Evarts, KY",27580
32003000521,"Church - Noblitt, Las Vegas, NV",27579
12101030800,"Jasmine Heights, New Port Richey, FL",27578
51710006501,"East Ocean View, Norfolk, VA",27578
12133970301,"Chipley, FL",27577
29161890400,"Rolla, MO",27574
18089012500,"Gary, IN",27574
39113070500,"Dayton, OH",27573
36005006500,"Bronx County, NY",27573
45013000502,"Beaufort, SC",27573
6037235201,"Park Mesa Heights, Los Angeles, CA",27572
28047003800,"Gulfport, MS",27571
13285961000,"West Point, GA",27571
51740212400,"Portsmouth, VA",27570
39007000601,"Ashtabula, OH",27568
6001408900,"Fitchburg, Oakland, CA",27568
24001000600,"Cumberland, MD",27567
9003503500,"Upper Albany, Hartford, CT",27566
47035970400,"Crossville, TN",27566
13241970100,"Rabun Gap, GA",27566
12101030502,"Forest Hills, Holiday, FL",27566
45019002200,"Wadmalaw Island, SC",27565
36005019900,"Bronx County, NY",27563
29510115500,"Dutchtown, St. Louis, MO",27562
24510151100,"East Arlington, Baltimore, MD",27562
5093010900,"Osceola, AR",27561
48487950700,"Vernon, TX",27561
17081050900,"Mount Vernon, IL",27560
12101030501,"Forest Hills, Holiday, FL",27560
29169470287,"Saint Robert, MO",27559
37147000900,"Greenville, NC",27556
48349970700,"Corsicana, TX",27555
18105000402,"Bloomington, IN",27555
54011000400,"Huntington, WV",27555
39119912200,"Zanesville, OH",27554
26065003500,"West Lansing, Lansing, MI",27554
39049007532,"Northeast Columbus, Columbus, OH",27553
39093022200,"Lorain, OH",27552
6037540600,"South Los Angeles, Los Angeles, CA",27550
12039020101,"Havana, FL",27549
37119001912,"Farm Pond, Charlotte, NC",27549
48375013900,"Amarillo, TX",27548
37155961601,"Lumberton, NC",27546
12011050701,"Fort Lauderdale, FL",27546
6023001300,"Arcata, CA",27545
9009141400,"Beaver Hills, New Haven, CT",27545
13067031108,"Smyrna, GA",27545
22033004015,"Gardere, Baton Rouge, LA",27545
28069030100,"Porterville, MS",27545
22033001102,"Lobdell/Woodale, Baton Rouge, LA",27544
8031003101,"Central, Denver, CO",27543
48113017605,"Riverway Estates/Bruton Terrace, Dallas, TX",27538
26163579100,"River Rouge, MI",27537
35001004734,"Westgate Vecinos, Albuquerque, NM",27535
12021011301,"Corkscrew, Immokalee, FL",27532
32003000600,"Downtown, Las Vegas, NV",27532
28163950400,"Yazoo City, MS",27530
35029000300,"Deming, NM",27530
6019001201,"Roosevelt, Fresno, CA",27530
42101017800,"North Philadelphia, Philadelphia, PA",27529
47049965000,"Jamestown, TN",27528
29195090300,"Marshall, MO",27527
13095011300,"Albany, GA",27527
12086009905,"Miami Gardens, FL",27526
5139950600,"El Dorado, AR",27525
36081027200,"Queens County, NY",27525
26161404200,"Dartmoor, Ann Arbor, MI",27525
47037011200,"East Nashville, Nashville, TN",27523
36061021900,"Harlem, New York, NY",27523
6037910501,"Palmdale, CA",27521
22101041400,"Franklin, LA",27519
1011952500,"Union Springs, AL",27519
12101031009,"Johnson Heights, Port Richey, FL",27519
6037237720,"South Figueroa Corridor, Los Angeles, CA",27516
36005037600,"Bronx County, NY",27516
47125101202,"Clarksville, TN",27516
48375012800,"Amarillo, TX",27514
48423000500,"Downtown, Tyler, TX",27510
4013112602,"Estrella Village, Phoenix, AZ",27509
18163002000,"Jacobsville, Evansville, IN",27508
35051962200,"Truth or Consequences, NM",27508
26163538700,"Detroit, MI",27507
28081950401,"Tupelo, MS",27507
35045942802,"Shiprock, NM",27504
4001942700,"Teec Nos Pos, AZ",27503
12105013200,"Auburndale, FL",27503
13261950500,"Americus, GA",27502
6037240010,"South Los Angeles, Los Angeles, CA",27500
41019190000,"Myrtle Creek, OR",27500
35001002300,"Vecinos Del Bosque, Albuquerque, NM",27498
39023000400,"Springfield, OH",27498
41029000203,"Medford, OR",27497
4027000302,"Beltran, Yuma, AZ",27497
51001090300,"Mears, VA",27497
47125101002,"Clarksville, TN",27496
37055970501,"Manns Harbor, NC",27496
36061020901,"Harlem, New York, NY",27495
53033008800,"Central District, Seattle, WA",27495
48029160501,"Edgewood, San Antonio, TX",27494
21037051200,"Dayton, KY",27494
27053002200,"Hawthorne, Minneapolis, MN",27492
40143001500,"Sequoyah, Tulsa, OK",27490
36005024501,"Bronx County, NY",27490
40109107217,"Central Oklahoma City, Oklahoma City, OK",27486
12009064700,"Melbourne, FL",27485
51770000300,"Roanoke, VA",27485
47163042400,"Blountville, TN",27484
18035000700,"Muncie, IN",27483
4019002501,"Tucson, AZ",27482
4013115400,"South Mountain Village, Phoenix, AZ",27481
36061024900,"Upper Manhattan, New York, NY",27480
12053040802,"Brooksville, FL",27478
12011040802,"Central Fort Lauderdale, Fort Lauderdale, FL",27478
12071020300,"North Fort Myers, FL",27477
40027200200,"First Courthouse, Norman, OK",27477
13077170700,"Newnan, GA",27477
11001009905,"Marshall Heights, Washington, DC",27477
13233010400,"Cedartown, GA",27477
12127082510,"Port Orange, FL",27475
4013111202,"Camelback East Village, Phoenix, AZ",27474
12107951300,"Pomona Park, FL",27473
4019003503,"Corbett, Tucson, AZ",27473
42011001900,"Reading, PA",27473
29510101800,"Carondelet, St. Louis, MO",27472
24033803402,"Landover, Hyattsville, MD",27469
6019002800,"Roosevelt, Fresno, CA",27468
9003502900,"Frog Hollow, Hartford, CT",27467
36047039700,"Kings County, NY",27467
9003500400,"Sheldon Charter Oak, Hartford, CT",27465
35029000400,"Deming, NM",27463
48001950700,"Palestine, TX",27463
40001377000,"Stilwell, OK",27462
37155960102,"Saint Pauls, NC",27461
22071001702,"Gentilly, New Orleans, LA",27459
23005000100,"East End, Portland, ME",27457
45013000903,"Beaufort, SC",27457
42075000300,"Lebanon, PA",27457
42101025300,"East Mount Airy, Philadelphia, PA",27456
1069041600,"Webb, AL",27456
41043020801,"Albany, OR",27456
12095012306,"Orlando, FL",27455
26121000401,"Sheldon Park, Muskegon, MI",27455
12086000405,"North Miami, FL",27455
17031230100,"Humboldt Park, Chicago, IL",27454
26163579500,"Ecorse, MI",27454
47109930200,"Bethel Springs, TN",27452
36005045800,"Bronx County, NY",27451
42101000401,"Center City, Philadelphia, PA",27451
13283960200,"Soperton, GA",27449
39043040900,"Sandusky, OH",27447
51660000101,"Harrisonburg, VA",27447
23001020300,"Lewiston, ME",27445
32003005614,"Mesquite, NV",27444
26081003500,"Oakdale, Grand Rapids, MI",27444
18097330805,"Lawrence, IN",27443
25005650700,"New Bedford, MA",27442
45079011407,"Elgin, SC",27441
6067006202,"North Sacramento, Sacramento, CA",27441
51740213101,"Portsmouth, VA",27440
37069060302,"Louisburg, NC",27438
21163970100,"Muldraugh, KY",27436
48029151900,"Southside, San Antonio, TX",27435
37081012611,"Greensboro, NC",27435
12069030407,"Lady Lake, FL",27434
51650011300,"Phoebus, Hampton, VA",27432
39035110901,"South Broadway, Cleveland, OH",27431
29095009700,"Legacy East, Kansas City, MO",27431
17031817102,"Bellwood, IL",27430
47001020700,"Briceville, TN",27427
39155920400,"Warren, OH",27427
37081014502,"High Point, NC",27427
13063040526,"Jonesboro, GA",27426
5061950200,"Nashville, AR",27426
42101004101,"South Philadelphia, Philadelphia, PA",27425
13305970400,"Screven, GA",27424
1089001500,"Huntsville, AL",27422
32031000202,"Reno, NV",27418
4013116300,"South Mountain Village, Phoenix, AZ",27418
37061090400,"Kenansville, NC",27418
40143000100,"Dawson, Tulsa, OK",27416
26025000500,"Battle Creek, MI",27415
12105014502,"Wahneta, FL",27415
39145003700,"1st Ward, Portsmouth, OH",27414
6019002400,"Fresno, CA",27413
21207960400,"Russell Springs, KY",27413
12021011400,"Corkscrew, Immokalee, FL",27413
17163502404,"Caseyville, IL",27413
13021011900,"Macon, GA",27411
18089010304,"Gary, IN",27411
42101012201,"Wynnefield Heights, Philadelphia, PA",27410
13255160700,"Griffin, GA",27410
13067030413,"Marietta, GA",27410
1035960400,"Castleberry, AL",27409
8101002600,"State Fair, Pueblo, CO",27408
12103020201,"Lakewood Estates, Saint Petersburg, FL",27407
6037231400,"Leimert Park, Los Angeles, CA",27407
8031004404,"East, Denver, CO",27406
51195931700,"Saint Paul, VA",27406
12103020208,"Greater Pinellas Point, Saint Petersburg, FL",27404
12063210800,"Greenwood, FL",27403
49035102000,"Central City, Salt Lake City, UT",27402
27053100900,"McKinley, Minneapolis, MN",27402
48073951000,"Alto, TX",27402
22031950500,"Mansfield, LA",27401
40109104800,"Central Oklahoma City, Oklahoma City, OK",27400
39035101603,"Cudell, Cleveland, OH",27400
22079013100,"Pineville, LA",27400
40109108310,"Northwest Oklahoma City, Oklahoma City, OK",27399
37019020405,"Brunswick County, NC",27399
1093964100,"Hackleburg, AL",27397
24510150702,"Walbrook, Baltimore, MD",27397
26163500200,"Regent Park, Detroit, MI",27396
12057001100,"Old Seminole Heights, Tampa, FL",27396
47157020532,"Springhill, Memphis, TN",27395
29021003000,"Saint Joseph, MO",27395
4019003101,"Midtown, Tucson, AZ",27395
6019002702,"Roosevelt, Fresno, CA",27394
24033803200,"Hyattsville, MD",27392
27053103400,"Sumner-Glenwood, Minneapolis, MN",27390
13271950100,"McRae, GA",27389
39049000330,"North Linden, Columbus, OH",27389
26147621000,"Port Huron, MI",27389
51700032128,"Central Newport News, Newport News, VA",27389
29097011000,"Joplin, MO",27388
11001004802,"Northwest Washington, Washington, DC",27387
36029004700,"LaSalle, Buffalo, NY",27387
8041005201,"Southeast Colorado Springs, Colorado Springs, CO",27387
23005001100,"West End, Portland, ME",27386
6065044907,"Cathedral City, CA",27385
12086000206,"North Miami Beach, FL",27385
4019002802,"North Dodge, Tucson, AZ",27385
6089011703,"Shasta Lake, CA",27384
42085030300,"Hermitage, PA",27383
37067002701,"Winston-Salem, NC",27383
48225950300,"Crockett, TX",27381
13295020200,"Rossville, GA",27380
36059407000,"Hempstead, NY",27379
48305950500,"Tahoka, TX",27379
12086001102,"Miami Shores, FL",27377
44007002500,"Smith Hill, Providence, RI",27374
22105953600,"Amite City, LA",27373
42101028700,"Hunting Park, Philadelphia, PA",27372
17031241200,"West Town, Chicago, IL",27371
45007011902,"Anderson, SC",27369
32003000900,"Arts District, Las Vegas, NV",27366
39043041200,"Sandusky, OH",27365
35001004502,"Mervosh Addition, Albuquerque, NM",27365
34013011600,"East Orange, NJ",27365
36005037900,"Bronx County, NY",27365
30061964600,"Saint Regis, MT",27363
6037600801,"Morningside Park, Inglewood, CA",27363
13063040416,"Forest Park, GA",27361
51790000200,"Staunton, VA",27361
36005008600,"Bronx County, NY",27361
12127082511,"Virginia Heights, Port Orange, FL",27360
17031611100,"Back of the Yards, Chicago, IL",27360
9009141800,"Prospect Hill, New Haven, CT",27359
6037601303,"Inglewood, CA",27359
12115002721,"North Port, FL",27357
48485011000,"Wichita Falls, TX",27356
48029130300,"Denver Heights, San Antonio, TX",27355
40015161900,"Fort Cobb, OK",27355
13179010103,"Fort Stewart, GA",27354
37161960700,"Forest City, NC",27354
13063040509,"Riverdale, GA",27353
53015001100,"Kelso, WA",27353
13195020300,"Comer, GA",27352
6075023102,"Bayview, San Francisco, CA",27350
48029140100,"Downtown, San Antonio, TX",27349
37105030402,"Sanford, NC",27349
6025012100,"Calexico, CA",27349
45003020302,"Aiken, SC",27348
17031826800,"Dixmoor, IL",27348
51550020400,"South Norfolk, Chesapeake, VA",27347
37097061601,"Mooresville, NC",27347
18097360404,"Indianapolis, IN",27346
12017451200,"Floral City, FL",27343
37051001604,"South View, Hope Mills, NC",27342
42101016100,"East Kensington, Philadelphia, PA",27341
17031831300,"West Humboldt Park, Chicago, IL",27341
46137941600,"Dupree, SD",27340
21035010400,"Murray, KY",27339
8101003600,"Pueblo, CO",27337
21235920400,"Corbin, KY",27333
13121011303,"East Point, GA",27332
12119910402,"Lake Panasoffkee, FL",27331
48355001000,"Central City, Corpus Christi, TX",27331
1121011100,"Alpine, AL",27330
45015020201,"Saint Stephen, SC",27330
6107001200,"Visalia, CA",27329
17119402100,"Alton, IL",27328
12031013902,"Beaches, Atlantic Beach, FL",27328
13179010202,"Hinesville, GA",27327
37023021202,"Hickory, NC",27325
21111012802,"Louisville, KY",27324
48113016703,"Lancaster, TX",27323
39043041100,"Sandusky, OH",27322
36047025300,"Kings County, NY",27321
37063002026,"Durham, NC",27320
21037053200,"Newport, KY",27319
34039039000,"Plainfield, NJ",27318
12055961700,"Lake Placid, FL",27318
12117020301,"Sanford, FL",27316
24003740105,"Severn, MD",27315
37183051900,"East Raleigh, Raleigh, NC",27315
11001007703,"Fort Dupont, Washington, DC",27313
29510123300,"Benton Park, St. Louis, MO",27312
53063002000,"Emerson Garfield, Spokane, WA",27312
1113030500,"Phenix City, AL",27310
37119005307,"Hidden Valley, Charlotte, NC",27308
19163010800,"Davenport, IA",27307
8099000200,"Lamar, CO",27305
37193961001,"Boomer, NC",27305
24033801600,"Oxon Hill, MD",27305
26075005900,"Jackson, MI",27304
47125101307,"Clarksville, TN",27303
13121011301,"East Point, GA",27303
36055009302,"East Avenue, Rochester, NY",27302
24011955600,"Federalsburg, MD",27302
13245010510,"Augusta, GA",27302
36047034000,"Kings County, NY",27301
21127930300,"Blaine, KY",27301
34011020200,"Bridgeton, NJ",27301
28095950400,"Amory, MS",27300
25025090300,"Dudley / Brunswick King, Boston, MA",27300
20209043904,"Coronado, Kansas City, KS",27299
17031440202,"South Side, Chicago, IL",27296
36047116000,"Kings County, NY",27296
26163538800,"Detroit, MI",27296
12057013803,"Concerned Citizens of Gibsonton Area, Gibsonton, FL",27295
37119001701,"Commonwealth Park, Charlotte, NC",27294
26101000600,"Wellston, MI",27292
12017450101,"Hernando, FL",27291
17077010800,"Carbondale, IL",27290
29069360300,"Campbell, MO",27288
12083000501,"Fort McCoy, FL",27288
21127930200,"Webbville, KY",27287
12001002219,"Gainesville, FL",27286
36047024900,"Kings County, NY",27286
12103022100,"United Central, Saint Petersburg, FL",27285
4013109001,"Alhambra, Phoenix, AZ",27281
12051000401,"LaBelle, FL",27280
34025807100,"Asbury Park, NJ",27279
18141002800,"Rum Village, South Bend, IN",27277
26125141400,"Pontiac, MI",27275
9003524600,"Asylum Hill, Hartford, CT",27274
6037206200,"Central LA, Los Angeles, CA",27274
13017960300,"Fitzgerald, GA",27272
41029000201,"Medford, OR",27270
21147960200,"Stearns, KY",27270
28061950200,"Bay Springs, MS",27269
12101031005,"Embassy Hills, Port Richey, FL",27269
21199931102,"Burnside, KY",27268
36061015602,"Upper Manhattan, New York, NY",27267
39009972800,"Nelsonville, OH",27266
6071007407,"San Gorgonio, San Bernardino, CA",27265
17031010100,"Rogers Park, Chicago, IL",27264
13093970100,"Unadilla, GA",27264
2020000802,"Russian Jack Park, Anchorage, AK",27263
6001408600,"Hegenberger, Oakland, CA",27262
13293010600,"Thomaston, GA",27262
21117065100,"Covington, KY",27261
12095016804,"Southeast Orlando, Orlando, FL",27260
13303950300,"Sandersville, GA",27260
13257970301,"Toccoa, GA",27260
28161950300,"Oakland, MS",27259
39061005400,"Oakley, Cincinnati, OH",27259
17115002100,"Decatur, IL",27257
39079957600,"Jackson, OH",27256
6037208903,"Central LA, Los Angeles, CA",27255
24510270805,"Mid-Govans, Baltimore, MD",27254
13015960802,"Acworth, GA",27253
36055004701,"Group 14621, Rochester, NY",27253
13089022008,"Clarkston, GA",27252
36061018000,"East Harlem, New York, NY",27252
40109107306,"Central Oklahoma City, Oklahoma City, OK",27252
18097340108,"Indianapolis, IN",27250
42069100200,"Scranton, PA",27249
26163531200,"Boston Edison, Detroit, MI",27249
39101000501,"Marion, OH",27248
1035960600,"Evergreen, AL",27247
5119004106,"Cloverdale Watson, Little Rock, AR",27246
48113008603,"Cedar Crest, Dallas, TX",27244
48029171000,"Edgewood, San Antonio, TX",27242
6065045605,"Thermal, CA",27240
48113012302,"Dallas, TX",27240
37057061000,"Thomasville, NC",27239
5111490300,"Trumann, AR",27239
47125100700,"Clarksville, TN",27239
37193961100,"Wilkesboro, NC",27238
45019003111,"North Charleston, SC",27234
13217100700,"Covington, GA",27234
29189212001,"Jennings, MO",27234
54039013800,"Saint Albans, WV",27234
12083000605,"Ocklawaha, FL",27233
36047040300,"Kings County, NY",27232
25013811800,"Holyoke, MA",27231
51770000500,"Roanoke, VA",27228
5119004400,"Downtown, Little Rock, AR",27228
29095001900,"Lykins, Kansas City, MO",27227
17031730300,"Brainerd, Chicago, IL",27226
13299950900,"Waycross, GA",27225
13033950100,"Waynesboro, GA",27223
45085000400,"Sumter, SC",27222
37175960200,"Brevard, NC",27222
47157022121,"Whitehaven View, Memphis, TN",27221
26065003601,"Lansing, MI",27221
8041002900,"Southeast Colorado Springs, Colorado Springs, CO",27221
26163584800,"Taylor, MI",27219
36061018400,"Upper Manhattan, New York, NY",27215
47125101001,"Clarksville, TN",27214
48213951200,"Athens, TX",27213
42011001700,"Reading, PA",27213
13099090300,"Blakely, GA",27213
18089030200,"East Chicago, IN",27211
9009140900,"Edgewood, New Haven, CT",27211
1101005901,"Hope Hull, AL",27210
18003001200,"West Central, Fort Wayne, IN",27209
28107950500,"Batesville, MS",27208
28081951002,"Tupelo, MS",27208
21067003102,"Radcliffe/Marlboro, Lexington, KY",27207
23019000900,"Outer Ohio, Bangor, ME",27207
21075960200,"Hickman, KY",27205
1081041000,"Auburn, AL",27205
1055001700,"Gadsden, AL",27204
48121021202,"Denton, TX",27204
39035133104,"Bedford Heights, OH",27203
13261950700,"Americus, GA",27202
26163525700,"Detroit, MI",27201
6037234502,"South Los Angeles, Los Angeles, CA",27200
48189950700,"Hale Center, TX",27200
36047115200,"Kings County, NY",27200
45019002900,"West Ashley, Charleston, SC",27200
37023020500,"Morganton, NC",27199
13215002100,"Columbus, GA",27198
42077000500,"1st Ward, Allentown, PA",27198
1073005905,"Roebuck, Birmingham, AL",27196
8105976800,"Del Norte, CO",27196
54089000700,"Hinton, WV",27195
26077000201,"Central Business District, Kalamazoo, MI",27194
20177001300,"Central Highland Park, Topeka, KS",27192
6019000502,"Downtown, Fresno, CA",27190
18097322000,"Indianapolis, IN",27189
12005000300,"Youngstown, FL",27189
5063490600,"Batesville, AR",27189
36119003200,"South Side, Mount Vernon, NY",27186
24005403202,"Gwynn Oak, Baltimore, MD",27185
17031843800,"South Side, Chicago, IL",27185
26081004000,"Burton Heights, Grand Rapids, MI",27184
40135030201,"Vian, OK",27182
13089023416,"Lithonia, GA",27182
17001000700,"Quincy, IL",27182
13179010502,"Midway, GA",27181
6067006600,"North Sacramento, Sacramento, CA",27181
40065968600,"Altus, OK",27178
12001000302,"Stephen Foster, Gainesville, FL",27178
4013112900,"Central City, Phoenix, AZ",27177
39061005600,"Madisonville, Cincinnati, OH",27176
39023000600,"Springfield, OH",27176
8101001900,"Mesa Junction, Pueblo, CO",27176
12057007200,"South Tampa, Tampa, FL",27174
36055002400,"Lyell-Otis, Rochester, NY",27173
12011050312,"Lauderdale Lakes, FL",27171
36047111000,"Kings County, NY",27171
12057014007,"Riverview, FL",27171
39113080400,"Dayton, OH",27171
30023000300,"Anaconda, MT",27166
11001008701,"Eckington, Washington, DC",27165
48029161304,"South San Antonio, San Antonio, TX",27165
9009350500,"Waterbury, CT",27164
36047089200,"Kings County, NY",27162
36005036502,"Bronx County, NY",27162
34039039400,"Plainfield, NJ",27162
26075000600,"Jackson, MI",27162
41045970400,"Ontario, OR",27161
39049009336,"South Columbus, Columbus, OH",27160
28013950500,"Calhoun City, MS",27159
12011090403,"North Central Hollywood, Hollywood, FL",27159
48113016902,"Hutchins, TX",27157
5045030701,"Conway, AR",27157
48113007820,"Vickery Meadow, Dallas, TX",27156
4013110002,"Maryvale Village, Phoenix, AZ",27155
12117020402,"Sanford, FL",27154
36047031100,"Kings County, NY",27154
6019002701,"Roosevelt, Fresno, CA",27154
53077001502,"Yakima, WA",27153
45025950102,"Pageland, SC",27153
11001003000,"Columbia Heights, Washington, DC",27153
32003004712,"Las Vegas, NV",27152
29189212700,"Ferguson, MO",27152
39153506600,"Highland Square, Akron, OH",27152
34011041100,"Vineland, NJ",27152
34001012100,"Pleasantville, NJ",27150
41033361500,"Selma, OR",27150
42011001000,"Reading, PA",27150
22101041200,"Baldwin, LA",27150
4012020602,"Ehrenberg, AZ",27149
12057000102,"Terrace Park, Tampa, FL",27149
25005651900,"New Bedford, MA",27149
39035101901,"Detroit - Shoreway, Cleveland, OH",27148
18065976600,"New Castle, IN",27146
36047110400,"Kings County, NY",27143
1131035100,"Pine Hill, AL",27143
13063040523,"Riverdale, GA",27139
23003951000,"Washburn, ME",27139
21205950400,"Morehead, KY",27137
17031833100,"Near West Side, Chicago, IL",27137
11001007304,"Congress Heights, Washington, DC",27137
40109108003,"Midwest City, OK",27137
12103024701,"Pinellas Park, FL",27135
12051000200,"Clewiston, FL",27134
13115001200,"Rome, GA",27134
26163525800,"Detroit, MI",27133
11001007100,"Southeast Washington, Washington, DC",27133
1101005800,"Ramer, AL",27131
26045020202,"Lansing, MI",27130
48113011101,"Oak Cliff, Dallas, TX",27130
42101027902,"Belfield, Philadelphia, PA",27129
13307960200,"Preston, GA",27129
22071003302,"Fillmore, New Orleans, LA",27123
48113011001,"Oak Cliff, Dallas, TX",27122
22071000617,"Tall Timbers - Brechtel, New Orleans, LA",27121
48041001702,"College Station, TX",27121
12086000307,"North Miami, FL",27120
6037541100,"Compton, CA",27120
22033000702,"Mid City North, Baton Rouge, LA",27120
12057000202,"University Square, Tampa, FL",27119
13205090400,"Camilla, GA",27118
12101031401,"New Port Richey, FL",27117
36005038301,"Bronx County, NY",27113
36005007300,"Bronx County, NY",27113
45073030701,"Seneca, SC",27112
11001004901,"Northwest Washington, Washington, DC",27110
40109107305,"Central Oklahoma City, Oklahoma City, OK",27109
29510117100,"Southwest Garden, St. Louis, MO",27106
48303000700,"Downtown, Lubbock, TX",27106
13133950400,"Greensboro, GA",27105
39119911400,"Zanesville, OH",27104
13089021413,"Atlanta, GA",27104
12099000600,"North Palm Beach, FL",27101
53049950800,"Ocean Park, WA",27100
12097043206,"Saint Cloud, FL",27099
28011950400,"Shaw, MS",27098
5143011101,"Fayetteville, AR",27097
1003010600,"Bay Minette, AL",27097
36047029100,"Kings County, NY",27096
37049960700,"New Bern, NC",27096
13077170601,"Newnan, GA",27095
47143975300,"Dayton, TN",27094
12005002603,"Panama City Beach, FL",27094
37137950102,"Bayboro, NC",27093
20173003700,"Hilltop, Wichita, KS",27093
51121020400,"Shenandoah, Blacksburg, VA",27092
37181960200,"Henderson, NC",27092
48441013100,"Abilene, TX",27091
39017013900,"Middletown, OH",27090
13121007802,"Niskey Cove, Atlanta, GA",27087
18141002200,"Westside, South Bend, IN",27087
12071040301,"Sunshine, Lehigh Acres, FL",27085
24510090300,"Ednor Gardens - Lakeside, Baltimore, MD",27083
1017954500,"Lanett, AL",27082
39049009210,"Whitehall, OH",27082
6037209200,"Central LA, Los Angeles, CA",27082
17031070700,"Lincoln Park, Chicago, IL",27081
24510280200,"Gwynn Oak, Baltimore, MD",27081
36065021101,"Utica, NY",27080
26099245000,"Mount Clemens, MI",27080
24510280402,"Rognel Heights, Baltimore, MD",27079
12009062107,"Cocoa, FL",27078
42011001100,"Reading, PA",27077
48277000800,"Paris, TX",27076
35001004501,"Albuquerque, NM",27074
37021002203,"Arden, NC",27073
13067031308,"Ashton Park, Mableton, GA",27073
12086005302,"East Little Havana, Miami, FL",27073
18041954400,"Connersville, IN",27072
37019020101,"Leland, NC",27070
13081010400,"Cordele, GA",27068
48027022300,"Killeen, TX",27068
16001001100,"Boise, ID",27067
22031950600,"Mansfield, LA",27065
36047007100,"Kings County, NY",27065
5043490400,"Monticello, AR",27064
12115000101,"Downtown, Sarasota, FL",27063
37153970500,"Rockingham, NC",27063
42101023900,"Northwest Philadelphia, Philadelphia, PA",27062
12101031701,"New Port Richey, FL",27062
40091779700,"Checotah, OK",27061
12005002400,"Panama City, FL",27060
39141955602,"Chillicothe, OH",27060
4013061401,"Avondale Heights, Avondale, AZ",27059
1015002101,"Jacksonville, AL",27057
12053040400,"Brooksville, FL",27052
22071003308,"Gentilly, New Orleans, LA",27050
48113007102,"Dallas, TX",27046
36047110600,"Kings County, NY",27044
12105015500,"Lake Wales, FL",27044
1089000602,"Huntsville, AL",27043
34013018400,"City of Orange, NJ",27043
1081040603,"Auburn, AL",27043
9011690500,"New London, CT",27041
35001002700,"Downtown, Albuquerque, NM",27040
36067000600,"Northside, Syracuse, NY",27039
12103023400,"Historic Uptown, Saint Petersburg, FL",27037
6107002901,"Tulare, CA",27032
5041950400,"McGehee, AR",27032
29077000800,"Weller, Springfield, MO",27031
13059001800,"Athens, GA",27030
36005024700,"Bronx County, NY",27028
37057060900,"Thomasville, NC",27027
4013319101,"Tempe, AZ",27027
24510280404,"Irvington, Baltimore, MD",27026
12031012602,"Westside, Jacksonville, FL",27025
13063040512,"Riverdale, GA",27025
39035140600,"Cleveland Heights, OH",27025
37159050700,"Spencer, NC",27024
36047037100,"Kings County, NY",27021
12033003508,"Green Acres, Pensacola, FL",27020
39061005800,"Kennedy Heights, Cincinnati, OH",27019
26065006800,"Lansing, MI",27018
39035108301,"Goodrich - Kirtland Park, Cleveland, OH",27018
25025081300,"Roxbury, Boston, MA",27018
17113001500,"Bloomington, IL",27016
54019020600,"Scarbro, WV",27014
18067000900,"Kokomo, IN",27013
6013365002,"Richmond, CA",27009
22071012900,"Leonidas, New Orleans, LA",27008
39035140100,"Cleveland Heights, OH",27008
28047001700,"Gulfport, MS",27007
53053071806,"Lakewood, WA",27006
36047034200,"Kings County, NY",27005
36007001200,"Downtown, Binghamton, NY",27005
28075010201,"Toomsuba, MS",27004
6045010200,"Laytonville, CA",27001
6037242700,"South Los Angeles, Los Angeles, CA",27000
6019000800,"Edison, Fresno, CA",27000
12095014908,"Orlando, FL",26998
30047000100,"Bigfork, MT",26998
13053020100,"Cusseta, GA",26997
48439121903,"East Arlington, Arlington, TX",26997
13051010501,"Savannah, GA",26997
20173006100,"K-15, Wichita, KS",26995
8041002700,"Southeast Colorado Springs, Colorado Springs, CO",26995
29095015500,"Northeast Kansas City, Kansas City, MO",26995
22015010801,"Bossier City, LA",26995
6037224310,"Central LA, Los Angeles, CA",26994
17031827700,"Hazel Crest, IL",26994
17197883605,"University Park, IL",26994
17031460301,"South Side, Chicago, IL",26992
42101000600,"Center City, Philadelphia, PA",26991
35055952600,"Taos, NM",26989
21111011405,"Newburg, Louisville, KY",26989
35031945300,"Northside, Gallup, NM",26988
47157020101,"Memphis, TN",26988
17031711200,"Auburn Gresham, Chicago, IL",26987
35001002100,"Albuquerque Original Townsite, Albuquerque, NM",26986
23005000500,"East Bayside, Portland, ME",26985
37129010900,"Sunset Park, Wilmington, NC",26984
6047001005,"Merced, CA",26984
35043010900,"Cuba, NM",26982
13275960900,"Thomasville, GA",26982
36047041300,"Kings County, NY",26981
18163002600,"Westside, Evansville, IN",26980
39049009333,"Linwood, Columbus, OH",26980
40109107303,"Central Oklahoma City, Oklahoma City, OK",26979
24047951300,"Snow Hill, MD",26979
12057010502,"Tampa, FL",26977
20045000200,"Brook Creek, Lawrence, KS",26976
51147930202,"Prospect, VA",26976
36047037500,"Kings County, NY",26975
13121010511,"Atlanta, GA",26974
41033360701,"Grants Pass, OR",26972
51117930400,"Chase City, VA",26972
12103024510,"Clearwater, FL",26972
39035101200,"Detroit - Shoreway, Cleveland, OH",26971
34021001000,"Downtown, Trenton, NJ",26970
18003001000,"Nebraska, Fort Wayne, IN",26969
8031002300,"North, Denver, CO",26966
12101030904,"Woodridge South, New Port Richey, FL",26966
48113006100,"Oak Cliff, Dallas, TX",26966
17095000900,"Galesburg, IL",26966
18141000900,"Northeast South Bend, South Bend, IN",26966
48027023108,"Killeen, TX",26966
26163579800,"Ecorse, MI",26965
12083002602,"Ocala, FL",26965
37081010403,"Kirkwood, Greensboro, NC",26964
21067002001,"Cardinal Valley, Lexington, KY",26964
37045951000,"Shelby, NC",26963
48061010900,"Harlingen, TX",26961
55059000800,"Kenosha, WI",26961
37155961200,"Lumberton, NC",26960
37151030100,"Asheboro, NC",26960
37163970100,"Faison, NC",26959
12086010012,"Miami Gardens, FL",26959
5119004001,"Little Rock, AR",26958
36055003400,"South Wedge, Rochester, NY",26956
45005970300,"Fairfax, SC",26956
12086003702,"Downtown Miami, Miami, FL",26955
12111380400,"Fort Pierce, FL",26955
13245010203,"Tanglewood, Augusta, GA",26955
34011020300,"Bridgeton, NJ",26954
42071000700,"Lancaster, PA",26953
45079001600,"Arsenal Hill, Columbia, SC",26953
12005001000,"Panama City, FL",26953
6077000500,"Civic Center, Stockton, CA",26952
13175950400,"Dublin, GA",26951
26163525600,"Detroit, MI",26950
6037241201,"South Los Angeles, Los Angeles, CA",26949
37159050300,"Salisbury, NC",26949
40071000400,"Ponca City, OK",26947
45025950800,"McBee, SC",26946
40021978202,"Cookson, OK",26945
17031431200,"South Side, Chicago, IL",26944
13033950200,"Hephzibah, GA",26944
20169000200,"Salina, KS",26944
45083021600,"Spartanburg, SC",26942
5119004005,"Little Rock, AR",26942
39029952100,"Downtown, East Liverpool, OH",26941
34013011300,"East Orange, NJ",26940
8031004403,"East, Denver, CO",26940
21013960600,"Middlesboro, KY",26940
17031817101,"Bellwood, IL",26939
18035001700,"Muncie, IN",26939
12105016002,"Fort Meade, FL",26937
45047970800,"Greenwood, SC",26937
39093022400,"Lorain, OH",26936
40023967100,"Hugo, OK",26934
18097353300,"Old Northside, Indianapolis, IN",26932
13303950500,"Davisboro, GA",26932
39099810300,"Campbell, OH",26931
6089011702,"Shasta Lake, CA",26930
39057240600,"Xenia, OH",26929
42043020900,"Uptown, Harrisburg, PA",26928
37119003806,"Yorkmount, Charlotte, NC",26928
13063040407,"Morrow, GA",26927
17031491100,"South Side, Chicago, IL",26927
18089041500,"Portage, IN",26926
28151000200,"Greenville, MS",26926
12069030408,"Lady Lake, FL",26924
48201433501,"Westside, Houston, TX",26924
45031011200,"Darlington, SC",26923
41033361600,"Cave Junction, OR",26922
47031970900,"Tullahoma, TN",26921
28145950400,"New Albany, MS",26921
8031000800,"Sun Valley, Denver, CO",26920
48141002100,"El Paso, TX",26920
37057060700,"Thomasville, NC",26919
1003011502,"Foley, AL",26919
36103122501,"Wyandanch, NY",26919
36047116200,"Kings County, NY",26919
13121001900,"Downtown, Atlanta, GA",26918
12057013504,"Greater Palm River Point CDC, Tampa, FL",26918
13095000700,"Albany, GA",26917
42101007700,"Spruce Hill, Philadelphia, PA",26916
18067000400,"Kokomo, IN",26916
12009064202,"Melbourne, FL",26913
35009000500,"Clovis, NM",26912
13301970500,"Warrenton, GA",26911
28081950302,"Tupelo, MS",26908
48049950100,"May, TX",26907
25025080401,"Roxbury, Boston, MA",26903
12086009901,"Miami Gardens, FL",26902
36047048900,"Kings County, NY",26902
6033000501,"Lucerne, CA",26901
36047036502,"Kings County, NY",26901
36047031300,"Kings County, NY",26900
12086010900,"Homestead, FL",26898
45045003401,"Greenville, SC",26897
6037232500,"South Los Angeles, Los Angeles, CA",26897
4013116602,"South Mountain Village, Phoenix, AZ",26897
17097866100,"Waukegan, IL",26896
37147002002,"Bethel, NC",26896
13121005000,"Grant Park, Atlanta, GA",26896
4012020201,"Parker, AZ",26891
45091061801,"Clover, SC",26891
48113018503,"Lake Highlands, Dallas, TX",26890
36005036300,"Bronx County, NY",26890
35009000202,"Clovis, NM",26889
22071003701,"Fairgrounds, New Orleans, LA",26889
39049004500,"Highland West, Columbus, OH",26887
40109105700,"Central Oklahoma City, Oklahoma City, OK",26887
25025081400,"Highland Park, Boston, MA",26887
31055005100,"Gifford Park, Omaha, NE",26887
4019410503,"Tucson, AZ",26884
12009069902,"Indianola Estates, Merritt Island, FL",26883
11001008002,"Northeast Washington, Washington, DC",26882
6065043404,"Hemet, CA",26882
26025000800,"Battle Creek, MI",26881
18035002100,"Southside, Muncie, IN",26880
53063014500,"East Central, Spokane, WA",26880
48439123200,"Rock Island/Samuels Ave., Fort Worth, TX",26880
17031530400,"South Side, Chicago, IL",26877
4013114600,"Estrella Village, Phoenix, AZ",26876
12009061002,"Indian River Heights, Titusville, FL",26874
13001950200,"Baxley, GA",26874
18163001000,"Evansville, IN",26874
27123033900,"Summit - University, Saint Paul, MN",26873
22033003910,"Baton Rouge, LA",26872
40147000900,"Bartlesville, OK",26871
25025081200,"Jamaica Plain, Boston, MA",26871
24033803525,"Hyattsville, MD",26871
1089002502,"Huntsville, AL",26870
11001007709,"Fairlawn, Washington, DC",26869
22109000700,"Houma, LA",26868
48201220100,"Eastex/ Jensen, Houston, TX",26866
4019003901,"Sunnyside, Tucson, AZ",26863
47047060300,"Mason, TN",26862
13115000500,"Rome, GA",26862
36047038900,"Kings County, NY",26861
12083002504,"Ocala, FL",26861
24510260201,"Frankford, Baltimore, MD",26860
13139001101,"Gainesville, GA",26860
48309000598,"University, Waco, TX",26860
36047026300,"Kings County, NY",26859
26039960100,"Grayling, MI",26858
48439101302,"Fort Worth, TX",26857
23029956200,"Machias, ME",26856
47093004000,"Knoxville, TN",26855
45079011305,"Columbia, SC",26854
4013111501,"Encanto Village, Phoenix, AZ",26854
45043920800,"Georgetown, SC",26854
4017942300,"Shonto, AZ",26852
12057002600,"Northwest Tampa, Tampa, FL",26852
48141002000,"Segundo Barrio, El Paso, TX",26852
13051010901,"Wilshire Estates, Savannah, GA",26849
12071040308,"Eisenhower, Lehigh Acres, FL",26849
12057010814,"Tampa, FL",26847
34039030400,"Elizabeth, NJ",26847
51087201101,"Richmond, VA",26846
13285960501,"LaGrange, GA",26845
5119002405,"Westwood Pecan Lake, Little Rock, AR",26845
18003003100,"Lafayette Place, Fort Wayne, IN",26844
6001408400,"Eastmont, Oakland, CA",26844
42101029400,"Frankford, Philadelphia, PA",26843
6111002102,"Ventura, CA",26843
12127082401,"South Daytona, FL",26843
53063002300,"West Central, Spokane, WA",26842
55079186800,"National Park, Milwaukee, WI",26842
12019031105,"Keystone Heights, FL",26842
20177000600,"Ward Meade, Topeka, KS",26842
48201231200,"East Houston, Houston, TX",26840
12087972400,"Key West, FL",26837
28113950500,"McComb, MS",26834
22017025300,"Downtown Riverfront, Shreveport, LA",26834
55079009200,"Uptown, Milwaukee, WI",26833
22079010500,"Alexandria, LA",26831
47147080401,"Springfield, TN",26831
26031960200,"Cheboygan, MI",26830
26069000400,"Oscoda, Oscoda Township, MI",26830
37081012612,"Greensboro, NC",26829
42091203601,"Norristown, PA",26828
35031943800,"Nakaibito, NM",26825
38079951900,"Rolette, ND",26824
1127020100,"Jasper, AL",26821
42003514000,"Rankin, PA",26821
28133950300,"Sunflower County, MS",26820
12015030401,"Englewood, FL",26820
25027731400,"Main Middle, Worcester, MA",26819
1051030800,"Wetumpka, AL",26819
47151975300,"Huntsville, TN",26819
28097950300,"Winona, MS",26818
22019001600,"Lake Charles, LA",26818
6037600702,"Morningside Park, Inglewood, CA",26817
48029170401,"Inner West Side, San Antonio, TX",26817
12035060206,"Bunnell, FL",26817
48201212500,"Northeast Houston, Houston, TX",26816
40143009104,"Tulsa, OK",26815
47075930200,"Brownsville, TN",26815
53063001500,"Bemiss, Spokane, WA",26815
39095005100,"East Toledo, Toledo, OH",26813
8123000600,"Greeley, CO",26812
36005019300,"Bronx County, NY",26812
13107970200,"Midville, GA",26811
1097006103,"Eight Mile, Prichard, AL",26811
42101027600,"Logan/ Ogontz/ Fern Rock, Philadelphia, PA",26806
48245002200,"Beaumont, TX",26803
37081013602,"High Point, NC",26803
13121010508,"Atlanta, GA",26803
4019001400,"Northwest Tucson, Tucson, AZ",26800
18097357800,"Indianapolis, IN",26799
37119001702,"Sheffield Park, Charlotte, NC",26798
36047092400,"Kings County, NY",26797
18141002400,"South Bend, IN",26797
37067002703,"Winston-Salem, NC",26796
42101012000,"West Philadelphia, Philadelphia, PA",26796
29189212400,"St. Louis, MO",26795
4015950706,"Kingman, AZ",26795
36005002500,"Bronx County, NY",26792
36015000600,"Elmira, NY",26790
37155961400,"Lumberton, NC",26788
6037600302,"South Los Angeles, Los Angeles, CA",26784
36005007700,"Bronx County, NY",26784
48441010200,"North College, Abilene, TX",26783
26065005100,"Lansing, MI",26782
36005018302,"Bronx County, NY",26781
45061920200,"Bishopville, SC",26781
45083021100,"Duncan Park, Spartanburg, SC",26780
48225950200,"Crockett, TX",26779
51595890200,"Emporia, VA",26778
51700032226,"North Newport News, Newport News, VA",26778
4019003802,"Sunnyside, Tucson, AZ",26777
12085001301,"Stuart, FL",26776
21101020200,"Henderson, KY",26774
18097322700,"Devington, Indianapolis, IN",26774
6073003101,"Valencia Park, San Diego, CA",26772
37081012803,"Greensboro, NC",26772
26065000100,"Lansing, MI",26771
6007002800,"Oroville, CA",26770
48141001700,"El Paso, TX",26770
36005005001,"Bronx County, NY",26769
8101002400,"State Fair, Pueblo, CO",26768
13127000503,"Brunswick, GA",26767
34013006700,"South Broad Street, Newark, NJ",26767
1099076000,"Monroeville, AL",26767
12011050309,"Tamarac, FL",26766
45043920100,"Hemingway, SC",26765
8101002300,"Bessemer, Pueblo, CO",26764
48441011200,"Cobb Park Area, Abilene, TX",26764
47069950300,"Bolivar, TN",26763
27053125800,"Midtown Phillips, Minneapolis, MN",26762
36055002200,"Maplewood, Rochester, NY",26762
6037241110,"South Los Angeles, Los Angeles, CA",26761
37157040400,"Eden, NC",26761
13299950300,"Waycross, GA",26761
51710005500,"Oakdale Farms, Norfolk, VA",26761
37051001500,"South View, Fayetteville, NC",26761
6037600400,"South Los Angeles, Los Angeles, CA",26760
1097000901,"Lyons Park, Mobile, AL",26759
26065002101,"Lansing, MI",26759
48453002107,"East MLK, Austin, TX",26759
36081025400,"Queens County, NY",26759
36005008300,"Bronx County, NY",26759
1073004902,"Five Points South, Birmingham, AL",26757
13063040308,"Forest Park, GA",26756
47155080801,"Sevierville, TN",26756
47037012801,"Haynes Park, Nashville, TN",26755
47157021710,"Memphis, TN",26755
12111380500,"Fort Pierce, FL",26754
42101017701,"North Philadelphia, Philadelphia, PA",26753
48241950300,"Jasper, TX",26753
42041012200,"Carlisle, PA",26751
1077010800,"East Florence, Florence, AL",26750
4019004116,"Tucson, AZ",26749
36005011502,"Bronx County, NY",26749
37091950100,"Murfreesboro, NC",26749
39099801100,"Lansingville, Youngstown, OH",26747
47063100100,"Morristown, TN",26747
12103024703,"Saint Petersburg, FL",26745
37009970300,"Creston, NC",26745
25009250100,"Lawrence, MA",26744
48303001400,"Heart of Lubbock, Lubbock, TX",26744
1121011900,"Sylacauga, AL",26743
18167000300,"Terre Haute, IN",26742
48423000100,"Tyler, TX",26740
15009031700,"Kaunakakai, HI",26739
36005021501,"Bronx County, NY",26739
2013000100,"Aleutians East County, AK",26737
13207050200,"Forsyth, GA",26736
12069030503,"Leesburg, FL",26735
26163543400,"Brightmoor, Detroit, MI",26734
13051004210,"Oakhurst, Savannah, GA",26734
36093020800,"Vale & Eastern Ave, Schenectady, NY",26734
48375015300,"Amarillo, TX",26732
45063020505,"West Columbia, SC",26731
24033802600,"Capitol Heights, MD",26728
17031242700,"Humboldt Park, Chicago, IL",26727
35049000900,"Santa Fe, NM",26726
51590001200,"Danville, VA",26726
28085950600,"Brookhaven, MS",26725
6037540902,"South Los Angeles, Los Angeles, CA",26725
11001004400,"Northwest Washington, Washington, DC",26723
34001012000,"Pleasantville, NJ",26723
39095001000,"Lagrange, Toledo, OH",26721
21001970600,"Columbia, KY",26720
17201003100,"Rockford, IL",26719
39061023400,"Cincinnati, OH",26718
48469000601,"Victoria, TX",26716
4019002400,"Wakefield, Tucson, AZ",26715
37081011602,"Hunter Hills, Greensboro, NC",26715
12095012307,"Orlando, FL",26714
12113010600,"Milton, FL",26714
36055006700,"19th Ward, Rochester, NY",26714
2188000200,"Kotzebue, AK",26713
2090001000,"Fairbanks, AK",26713
29095002100,"East Blue Valley, Kansas City, MO",26712
12057013802,"Concerned Citizens of Gibsonton Area, Gibsonton, FL",26712
34001002300,"Ducktown, Atlantic City, NJ",26712
45025950600,"Cheraw, SC",26710
42021000600,"Johnstown, PA",26710
13089023412,"Decatur, GA",26709
47179061200,"Johnson City, TN",26709
13051010502,"Savannah, GA",26708
18035001300,"Muncie, IN",26708
47183968101,"Martin, TN",26708
32003004707,"Las Vegas, NV",26706
24039930101,"Princess Anne, MD",26704
13213010201,"Chatsworth, GA",26704
12117022001,"Casselberry, FL",26702
42101007800,"West Philadelphia, Philadelphia, PA",26702
21125971001,"London, KY",26701
37141920502,"Currie, NC",26700
6037273502,"Venice, Los Angeles, CA",26700
25013802200,"Forest Park, Springfield, MA",26699
28093950300,"Holly Springs, MS",26694
6001409000,"Brookfield Village, Oakland, CA",26691
37019020202,"Winnabow, NC",26690
35001004401,"South Atrisco, Albuquerque, NM",26689
12086009906,"Miami Gardens, FL",26689
17143002500,"Peoria, IL",26687
6037234300,"Leimert Park, Los Angeles, CA",26687
34013005300,"Upper Clinton Hill, Newark, NJ",26687
18003004000,"Village Woods, Fort Wayne, IN",26686
36067001500,"Northside, Syracuse, NY",26685
36081027600,"Queens County, NY",26684
42011002300,"Reading, PA",26683
4019001100,"Barrio Hollywood, Tucson, AZ",26682
36047044900,"Kings County, NY",26682
42003250900,"Fineview, Pittsburgh, PA",26682
48201410100,"Fourth Ward, Houston, TX",26682
47091956400,"Mountain City, TN",26682
51155210400,"Pulaski County, VA",26681
19013000900,"Waterloo, IA",26681
4013113801,"Central City, Phoenix, AZ",26679
42069100300,"Scranton, PA",26678
26021002500,"Benton Harbor, MI",26678
12083001205,"Ocala, FL",26678
12073002003,"Tallahassee, FL",26676
55079007100,"Riverwest, Milwaukee, WI",26675
35033955200,"Rainsville, NM",26674
26163546100,"Warrendale, Detroit, MI",26672
51550020500,"Chesapeake, VA",26671
12081000310,"Bradenton, FL",26667
42003562300,"Hazelwood, Pittsburgh, PA",26667
26163515700,"Detroit, MI",26667
24510280301,"Gwynn Oak, Baltimore, MD",26664
2020000500,"Government Hill, Anchorage, AK",26664
42133000900,"York, PA",26664
55079008000,"Riverwest, Milwaukee, WI",26663
36047042100,"Kings County, NY",26663
32021970800,"Mineral County, NV",26663
51800075204,"Suffolk, VA",26662
12081000309,"Bradenton, FL",26662
39101000300,"Marion, OH",26661
13193000400,"Montezuma, GA",26661
29155470100,"Hayti, MO",26660
36105951800,"Monticello, NY",26660
5001480300,"Stuttgart, AR",26659
12063210600,"Marianna, FL",26659
17031730600,"South Side, Chicago, IL",26659
28025950500,"West Point, MS",26659
11001006801,"Hill East, Washington, DC",26658
1109188700,"Troy, AL",26656
35001001500,"Huning Highland Historic District, Albuquerque, NM",26656
51710006901,"Norfolk, VA",26655
13051010808,"Savannah, GA",26654
37125951200,"Pinebluff, NC",26653
37133001800,"Jacksonville, NC",26653
6065043405,"Hemet, CA",26653
36005007900,"Bronx County, NY",26652
25027731500,"Main Middle, Worcester, MA",26651
37157040501,"Eden, NC",26651
48201210800,"Northside, Houston, TX",26651
42045402900,"Sharon Hill, PA",26650
13121010303,"Sandtown, Atlanta, GA",26648
26163543200,"Riverdale, Detroit, MI",26648
6007001300,"Chico, CA",26648
51760070700,"South Richmond, Richmond, VA",26647
28151001500,"Hollandale, MS",26647
15001021101,"Pāhoa, HI",26644
6067002700,"Southeastern Sacramento, Sacramento, CA",26644
48113002500,"South Dallas/Fair Park, Dallas, TX",26643
17153971100,"Pulaski, IL",26642
42003464400,"McKees Rocks, PA",26642
17031827500,"Harvey, IL",26641
48029190601,"Los Angeles Heights - Keystone, San Antonio, TX",26640
12083001204,"Ocala, FL",26640
1101002500,"Montgomery, AL",26640
48139060400,"Waxahachie, TX",26638
28017950100,"Okolona, MS",26637
39009972700,"Nelsonville, OH",26636
13089021908,"Stone Mountain, GA",26635
4013114800,"Central City, Phoenix, AZ",26634
39049007533,"Northeast Columbus, Columbus, OH",26633
11001006900,"Southeast Washington, Washington, DC",26632
26147620000,"Port Huron, MI",26632
39113080600,"Dayton, OH",26631
13059000100,"Athens, GA",26628
48215024404,"Edcouch, TX",26626
21151010200,"Richmond, KY",26624
26021020700,"Niles, MI",26623
13065970200,"Homerville, GA",26623
13027960200,"Pavo, GA",26622
19153005000,"River Bend, Des Moines, IA",26621
55079011300,"East Town, Milwaukee, WI",26617
48201240502,"Greater Greenspoint, Houston, TX",26617
47061955000,"Altamont, TN",26614
1113030300,"Phenix City, AL",26614
36085002900,"Richmond County, NY",26613
13121001600,"Inman Park, Atlanta, GA",26613
26081001300,"Creston, Grand Rapids, MI",26612
37119001608,"Shannon Park, Charlotte, NC",26612
1077010100,"Florence, AL",26611
47093003902,"Knoxville, TN",26611
39093023900,"Lorain, OH",26610
17031691300,"South Side, Chicago, IL",26609
37185950200,"Norlina, NC",26608
21209040100,"Georgetown, KY",26607
19153001200,"Mondamin Presidential, Des Moines, IA",26606
6037600601,"Inglewood, CA",26606
37085071402,"Cameron, NC",26605
28049003800,"Jackson, MS",26603
12105014125,"Dundee, FL",26603
40109107216,"Central Oklahoma City, Oklahoma City, OK",26600
37019020603,"Bolivia, NC",26600
35055952700,"Ranchos de Taos, NM",26600
13263960200,"Talbotton, GA",26599
18089011700,"Gary, IN",26595
42021013400,"Johnstown, PA",26595
18167000600,"Terre Haute, IN",26595
12086011404,"Homestead, FL",26594
45069960100,"Wallace, SC",26594
1097003402,"Beau Terra, Mobile, AL",26593
29510117400,"Tower Grove East, St. Louis, MO",26592
37067002100,"Winston-Salem, NC",26592
21067000102,"Northside District, Lexington, KY",26590
6037207302,"Central LA, Los Angeles, CA",26589
17031817600,"Maywood, IL",26588
48027022105,"Killeen, TX",26587
51089010800,"Martinsville, VA",26587
12101033012,"Wayward Wind Mobile Home, Zephyrhills, FL",26586
10005051400,"Selbyville, DE",26585
12011090404,"North Central Hollywood, Hollywood, FL",26584
17031420200,"South Side, Chicago, IL",26583
37185950300,"Warrenton, NC",26583
26069000900,"Hale, MI",26583
34013005200,"Upper Clinton Hill, Newark, NJ",26583
36047032300,"Kings County, NY",26582
22071012300,"Broadmoor, New Orleans, LA",26580
41019050002,"Sutherlin, OR",26580
25013800600,"Memorial Square, Springfield, MA",26579
47067960600,"Sneedville, TN",26578
12081000304,"Bradenton, FL",26575
47037011001,"Talbot's Corner, Nashville, TN",26573
48201532001,"Greater Inwood, Houston, TX",26572
13059150600,"Athens, GA",26572
1081040902,"Auburn, AL",26572
40109103400,"Central Oklahoma City, Oklahoma City, OK",26571
45001950600,"Calhoun Falls, SC",26570
37081014411,"High Point, NC",26570
39049009337,"Glenbrook, Columbus, OH",26569
12103023500,"Historic Uptown, Saint Petersburg, FL",26569
12101031003,"Jasmine Lakes, Port Richey, FL",26569
39035151300,"East Cleveland, OH",26569
48355001500,"Central City, Corpus Christi, TX",26568
29161890800,"Rolla, MO",26568
6067009007,"Cordova Towne, Rancho Cordova, CA",26566
5069001800,"Pine Bluff, AR",26566
6037119340,"Panorama City, Los Angeles, CA",26566
6071004201,"Shirrells, San Bernardino, CA",26564
18067001200,"Fairlawn, Kokomo, IN",26564
6065042515,"Moreno Valley, CA",26562
19179960500,"Ottumwa, IA",26558
13067030800,"Marietta, GA",26556
39035193900,"Beachwood, OH",26555
5067480200,"Newport, AR",26555
48201211100,"Frenchtown, Houston, TX",26554
22033002700,"Mid City South, Baton Rouge, LA",26554
5131000800,"Fort Smith, AR",26552
40109104100,"Central Oklahoma City, Oklahoma City, OK",26552
2020000801,"Russian Jack Park, Anchorage, AK",26550
12095014504,"Orlando, FL",26549
26163516900,"Elmwood Park, Detroit, MI",26549
6065047201,"Desert Hot Springs, CA",26548
34013013100,"Irvington, NJ",26547
22079011700,"Pineville, LA",26547
37071033204,"Gastonia, NC",26547
40089098600,"Broken Bow, OK",26546
39089758300,"Buckeye Lake, OH",26546
37133000102,"Swansboro, NC",26546
51089010100,"Collinsville, VA",26545
24033802106,"Suitland-Silver Hill, MD",26544
1131034800,"Camden, AL",26544
37049960900,"New Bern, NC",26543
42101015700,"Norris Square, Philadelphia, PA",26543
12011100801,"Miramar, FL",26543
37051003204,"Fayetteville, NC",26542
47065002900,"Chattanooga, TN",26541
36005015700,"Bronx County, NY",26540
13163960300,"Louisville, GA",26539
45083023600,"Woodruff, SC",26538
28023950300,"Shubuta, MS",26535
22071001701,"Gentilly, New Orleans, LA",26534
36055008400,"Group 14621, Rochester, NY",26533
13245001200,"Augusta, GA",26531
37179020404,"Monroe, NC",26531
42133000100,"York, PA",26526
21095970700,"Baxter, KY",26526
20173002600,"South Central, Wichita, KS",26525
12117020902,"Sanford, FL",26524
11001009602,"Mayfair, Washington, DC",26524
26065005304,"Lansing, MI",26524
28047003000,"Pass Christian, MS",26523
48201240501,"Greenbriar Place North, Houston, TX",26522
39153502300,"Goodyear Heights, Akron, OH",26521
22033001103,"Lobdell/Woodale, Baton Rouge, LA",26520
4013092801,"Glendale, AZ",26520
12086009903,"Miami Gardens, FL",26520
40115574500,"Miami, OK",26516
37155960501,"Pembroke, NC",26516
39151700400,"Colonial Heights, Canton, OH",26515
26049002300,"Flint, MI",26515
6047001302,"Merced, CA",26514
26163542400,"Grandmont - Rosedale, Detroit, MI",26514
25013800900,"Liberty Heights, Springfield, MA",26513
35031940500,"Zuni, NM",26513
54011000101,"Huntington, WV",26512
34025805600,"Long Branch, NJ",26512
40109107001,"Central Oklahoma City, Oklahoma City, OK",26508
48291700200,"Cleveland, TX",26507
26125172400,"Oak Park, MI",26504
9003503700,"Upper Albany, Hartford, CT",26503
51590000900,"Danville, VA",26502
8031000600,"Jefferson Park, Denver, CO",26502
1121010301,"Talladega, AL",26501
1073005800,"Glen Iris, Birmingham, AL",26500
8031001901,"Central, Denver, CO",26499
1055010100,"Attalla, AL",26499
20037957500,"Pittsburg, KS",26498
4019001303,"Miracle Manor, Tucson, AZ",26497
12103025900,"Clearwater, FL",26496
36047030100,"Kings County, NY",26495
55059001000,"Kenosha, WI",26495
21093001500,"Elizabethtown, KY",26495
44007002600,"Smith Hill, Providence, RI",26494
45067950500,"Mullins, SC",26493
18041954300,"Connersville, IN",26492
17031838100,"Near West Side, Chicago, IL",26490
35027960400,"Lincoln County, NM",26490
21195931900,"Elkhorn City, KY",26490
51810040402,"Northwest, Virginia Beach, VA",26489
12009068502,"Cape Canaveral, FL",26488
11001009700,"Southeast Washington, Washington, DC",26488
18143966800,"Austin, IN",26487
28151000900,"Greenville, MS",26487
35047957200,"East Las Vegas, Las Vegas, NM",26487
12099001101,"West Palm Beach, FL",26484
5059020300,"Malvern, AR",26484
12061050301,"Vero Beach, FL",26482
4019002504,"Tucson, AZ",26482
4013114000,"Central City, Phoenix, AZ",26481
51077060101,"Fries, VA",26478
36005022500,"Bronx County, NY",26477
6037543201,"Compton, CA",26476
36005039300,"Bronx County, NY",26476
40109102400,"Central Oklahoma City, Oklahoma City, OK",26475
29095006600,"Plaza Area, Kansas City, MO",26474
21111004100,"Wilder Park, Louisville, KY",26472
24510170100,"Downtown, Baltimore, MD",26472
6037600802,"Morningside Park, Inglewood, CA",26471
48439106400,"Fort Worth, TX",26471
37051001603,"South View, Hope Mills, NC",26470
12127082604,"Bridgeport Heights, Daytona Beach, FL",26469
1073013200,"Midfield, AL",26468
36055008702,"Rochester, NY",26468
39049004820,"Hilltop, Columbus, OH",26467
1125010500,"Tuscaloosa, AL",26465
26163526300,"Detroit, MI",26464
39061026500,"Central Business District, Cincinnati, OH",26464
27053102900,"Near North, Minneapolis, MN",26463
39017000600,"Hamilton, OH",26462
12127082202,"Fairway, Daytona Beach, FL",26462
35035000200,"Alamogordo, NM",26461
54081000200,"Beckley, WV",26461
47097050600,"Henning, TN",26461
26163546500,"Franklin Park, Detroit, MI",26458
37085071401,"Cameron, NC",26458
4013113100,"Central City, Phoenix, AZ",26457
21059000200,"Owensboro, KY",26455
47157007100,"East Memphis, Memphis, TN",26453
21047200200,"Hopkinsville, KY",26450
49035102300,"Central City, Salt Lake City, UT",26450
2275000300,"Wrangell, AK",26449
36007000900,"Binghamton, NY",26448
12101032601,"Sunny Slope, Dade City, FL",26446
6037234700,"Park Mesa Heights, Los Angeles, CA",26446
4013116900,"Alhambra, Phoenix, AZ",26445
1099075800,"Peterman, AL",26445
42003100500,"Stanton Heights, Pittsburgh, PA",26444
29510115600,"Mount Pleasant, St. Louis, MO",26444
36119003300,"South Side, Mount Vernon, NY",26444
54059957700,"Gilbert, WV",26443
39035103602,"Ohio City, Cleveland, OH",26443
42045404700,"Chester, PA",26443
30111000300,"South Side, Billings, MT",26441
55079000302,"Maple Tree, Milwaukee, WI",26441
48293970100,"Coolidge, TX",26440
29095002200,"East Side, Kansas City, MO",26440
45079002602,"Rosewood, Columbia, SC",26439
4013117200,"Central City, Phoenix, AZ",26437
48355001100,"Central City, Corpus Christi, TX",26437
36005001900,"Bronx County, NY",26435
26125162200,"Southfield, MI",26434
12021010601,"East Naples, Naples, FL",26429
42101024300,"Germantown, Philadelphia, PA",26428
13089021909,"Pine Lake, GA",26428
36005017300,"Bronx County, NY",26426
55125940000,"Lac du Flambeau, WI",26425
36005022701,"Bronx County, NY",26424
39033974400,"Bucyrus, OH",26423
48469000301,"Victoria, TX",26422
12005001100,"Panama City, FL",26421
37119005609,"Harris - Houston, Charlotte, NC",26420
39153504600,"East Akron, Akron, OH",26419
48155950100,"Crowell, TX",26419
55079003800,"Grasslyn Manor, Milwaukee, WI",26419
5017080300,"Lake Village, AR",26413
35049000700,"Santa Fe, NM",26411
9009350200,"Waterbury, CT",26411
37159050201,"Salisbury, NC",26411
48027021000,"Temple, TX",26410
6065046102,"Blythe, CA",26410
12017451601,"Homosassa, FL",26409
47157022600,"Memphis, TN",26409
51730811200,"Petersburg, VA",26408
12086001301,"Upper East Side, Miami, FL",26407
13089023213,"Decatur, GA",26406
51520020300,"Bristol, VA",26405
37015960400,"Windsor, NC",26404
42133000400,"York, PA",26402
6003010000,"Markleeville, CA",26402
36047026100,"Kings County, NY",26401
42077001600,"Eighth Ward, Allentown, PA",26399
47113000200,"Jackson, TN",26399
54109002902,"Oceana, WV",26399
51630000400,"Fredericksburg, VA",26398
13297110400,"Monroe, GA",26398
8069000600,"Fort Collins, CO",26397
55079006100,"St. Joseph's, Milwaukee, WI",26397
48113007818,"Vickery Meadow, Dallas, TX",26397
42003561700,"Pittsburgh, PA",26397
42029305600,"Coatesville, PA",26397
37119003808,"Montclaire South, Charlotte, NC",26396
48189950100,"Plainview, TX",26395
12105011704,"Lakeland, FL",26395
39017012200,"Middletown, OH",26395
55025001401,"Burr Oaks, Madison, WI",26394
21071920400,"Grethel, KY",26394
12011050702,"Oakland Park, FL",26393
40031001902,"Lawton, OK",26392
28075010400,"Meridian, MS",26392
13299950800,"Waycross, GA",26392
39095005300,"East Toledo, Toledo, OH",26391
55101000400,"Racine, WI",26391
40109101600,"Central Oklahoma City, Oklahoma City, OK",26390
26039960300,"Grayling, MI",26387
21207960300,"Jamestown, KY",26387
4027011501,"Somerton, AZ",26386
25013801101,"Metro Center, Springfield, MA",26385
6037240500,"South Los Angeles, Los Angeles, CA",26385
12011050308,"Lauderdale Lakes, FL",26384
48189950200,"Plainview, TX",26384
48245002300,"Beaumont, TX",26379
13063040202,"Atlanta, GA",26378
12127082414,"Port Orange, FL",26378
36047112800,"Kings County, NY",26378
39095002401,"Ottawa, Toledo, OH",26377
36005023702,"Bronx County, NY",26375
53033007700,"Central District, Seattle, WA",26374
45011970100,"Williston, SC",26373
36047020300,"Kings County, NY",26369
40143001400,"Kendall-Whittier, Tulsa, OK",26368
45031011600,"Lamar, SC",26366
26125141300,"Pontiac, MI",26364
41051005000,"Northwest Portland, Portland, OR",26364
1017953800,"Five Points, AL",26362
39061003000,"The Heights, Cincinnati, OH",26360
47107970200,"Athens, TN",26358
45011970300,"Barnwell, SC",26357
28109950700,"Picayune, MS",26355
51650011600,"Downtown Hampton, Hampton, VA",26354
48201230600,"Northside, Houston, TX",26353
37193960500,"North Wilkesboro, NC",26353
24510200800,"Irvington, Baltimore, MD",26352
6037241001,"South Los Angeles, Los Angeles, CA",26352
17031010501,"Rogers Park, Chicago, IL",26352
1065040400,"Greensboro, AL",26350
47037015804,"Nashville, TN",26350
36065021900,"Rome, NY",26349
48201530500,"Independence Heights, Houston, TX",26348
22015010702,"Bossier City, LA",26348
21025920100,"Vancleve, KY",26347
19153001100,"Drake, Des Moines, IA",26344
6037241120,"South Los Angeles, Los Angeles, CA",26342
42011002600,"Reading, PA",26339
17201002301,"Rockford, IL",26339
37119001510,"Eastway, Charlotte, NC",26337
40109105600,"Central Oklahoma City, Oklahoma City, OK",26335
26161410100,"Ypsilanti, MI",26335
48101950100,"Paducah, TX",26335
36083040400,"Troy, NY",26333
45083021403,"Spartanburg, SC",26332
37067003701,"Winston-Salem, NC",26332
23029955300,"Princeton, ME",26332
1099075700,"Franklin, AL",26332
22051026100,"Harvey, LA",26331
34025807004,"Asbury Park, NJ",26331
1097003205,"Airmont, Mobile, AL",26330
36005037504,"Bronx County, NY",26329
36055005400,"Homestead Heights, Rochester, NY",26328
5119004105,"Chicot West I-30 South, Little Rock, AR",26326
48355000900,"Central City, Corpus Christi, TX",26324
18097340700,"Indianapolis, IN",26321
37021001300,"Asheville, NC",26318
17161023700,"Rock Island, IL",26318
4013060904,"Arizona Brisas, El Mirage, AZ",26315
36005017702,"Bronx County, NY",26314
39061001800,"Mount Auburn, Cincinnati, OH",26313
34017004600,"Bergen/Lafayette, Jersey City, NJ",26312
18097357600,"Bean Creek, Indianapolis, IN",26311
12101030410,"Bonita Village, Holiday, FL",26311
12033000500,"South Pensacola, Pensacola, FL",26308
45091060200,"Rock Hill, SC",26307
24510230300,"South Baltimore, Baltimore, MD",26307
9003500100,"Barry Square, Hartford, CT",26307
34013004700,"Weequahic, Newark, NJ",26305
13109970300,"Claxton, GA",26304
6037237710,"South Figueroa Corridor, Los Angeles, CA",26302
13079070100,"Roberta, GA",26302
26091061302,"Adrian, MI",26302
12011091802,"Highland Garden, Hollywood, FL",26299
22097961600,"Opelousas, LA",26298
1121010700,"Talladega, AL",26297
36005003700,"Bronx County, NY",26297
12117020901,"Sanford, FL",26297
34039039500,"Plainfield, NJ",26296
27053007801,"Whittier, Minneapolis, MN",26295
13019970400,"Nashville, GA",26295
13245010709,"Pepperidge, Augusta, GA",26293
48439104603,"Fort Worth, TX",26291
1005950300,"Louisville, AL",26291
37071032100,"Gastonia, NC",26290
24045000500,"Salisbury, MD",26289
51670820100,"Hopewell, VA",26288
13127000501,"Brunswick, GA",26287
26091061301,"Adrian, MI",26287
12115001101,"Sarasota, FL",26285
21013960800,"Middlesboro, KY",26284
47163040800,"Kingsport, TN",26283
17095000800,"Galesburg, IL",26283
4013113300,"Central City, Phoenix, AZ",26281
17115000500,"Near Westside, Decatur, IL",26280
45079010410,"Columbia, SC",26279
13067030700,"Marietta, GA",26278
17031500100,"Cottage Grove Heights, Chicago, IL",26278
32031000102,"Northeast Reno, Reno, NV",26278
39095007400,"Reynolds Corners, Toledo, OH",26277
48217960600,"Whitney, TX",26276
17031243500,"West Town, Chicago, IL",26276
45003020702,"North Augusta, SC",26274
21173920400,"Jeffersonville, KY",26273
26081001500,"West Grand, Grand Rapids, MI",26273
48029161901,"Atascosa, TX",26272
12105012504,"Davenport, FL",26272
35045000402,"Farmington, NM",26271
54067950300,"Swiss, WV",26270
6019002502,"Roosevelt, Fresno, CA",26270
17097862902,"North Chicago, IL",26269
12086000218,"North Miami, FL",26268
55079001100,"Fairfield, Milwaukee, WI",26267
18095001100,"Anderson, IN",26267
26163540600,"Detroit, MI",26266
48201332300,"South Side, Houston, TX",26264
48347950800,"Nacogdoches, TX",26264
8001007802,"North Aurora, Aurora, CO",26262
40031001700,"Lawton, OK",26261
36005022300,"Bronx County, NY",26261
37119001606,"Windsor Park, Charlotte, NC",26260
12033001402,"North Central Pensacola, Pensacola, FL",26258
13199970800,"Woodbury, GA",26255
48029130700,"Near East Side, San Antonio, TX",26255
48453002208,"Meadows At Trinity Crossing, Austin, TX",26253
40031000100,"Lawton, OK",26253
37183052409,"Southwest Raleigh, Raleigh, NC",26253
12001001521,"Gainesville, FL",26253
26163532300,"Boston Edison, Detroit, MI",26251
17031821402,"Calumet Park, IL",26250
42045402400,"Darby, PA",26250
1101006000,"Montgomery, AL",26250
26125141200,"Pontiac, MI",26249
48309000900,"Dean Highland, Waco, TX",26248
13043950100,"Metter, GA",26247
48181000502,"Denison, TX",26247
22071001723,"New Orleans East Area, New Orleans, LA",26245
6037240401,"South Los Angeles, Los Angeles, CA",26245
18089010900,"Gary, IN",26244
4013113501,"Central City, Phoenix, AZ",26244
19111490800,"Keokuk, IA",26243
32003004703,"Las Vegas, NV",26241
48113016100,"Grand Prairie, TX",26240
18097341700,"Indianapolis, IN",26238
34013009600,"North Broadway, Newark, NJ",26236
47069950600,"Saulsbury, TN",26235
17031250400,"Austin, Chicago, IL",26235
13241970302,"Lakemont, GA",26234
36055004702,"Group 14621, Rochester, NY",26232
26075006900,"Jackson, MI",26229
12105013103,"Auburndale, FL",26228
12101031405,"Tanglewood Terrace, New Port Richey, FL",26228
40143009008,"Tulsa, OK",26227
42101026302,"North Philadelphia, Philadelphia, PA",26226
37071032302,"Belmont, NC",26226
34013002500,"Lower Vailsburg, Newark, NJ",26223
36005017902,"Bronx County, NY",26220
13009970800,"Milledgeville, GA",26220
48113007804,"Dallas, TX",26219
48345950100,"Matador, TX",26217
8101003500,"Downtown, Pueblo, CO",26217
26163541700,"Detroit, MI",26216
37119005827,"Sterling, Charlotte, NC",26216
4001945001,"Saint Michaels, AZ",26215
28029950100,"Crystal Springs, MS",26215
28159950200,"Louisville, MS",26212
36047037900,"Kings County, NY",26212
26077001100,"Southside, Kalamazoo, MI",26211
26161412600,"Ypsilanti, MI",26211
25023510400,"Brockton, MA",26210
48029110700,"Five Points, San Antonio, TX",26209
51770002300,"Roanoke, VA",26209
12101031808,"Spring Hill, FL",26207
45029970600,"Walterboro, SC",26206
26163520200,"Wayne State, Detroit, MI",26206
21013960500,"Middlesboro, KY",26205
54045956700,"Logan, WV",26205
13067031113,"Marietta, GA",26203
26163539400,"Detroit, MI",26202
4013112507,"Maryvale Village, Phoenix, AZ",26201
13067031001,"Marietta, GA",26200
1123962400,"Dadeville, AL",26200
8101000600,"Northside, Pueblo, CO",26198
47037010402,"Madison, Nashville, TN",26198
36005004100,"Bronx County, NY",26197
51089011000,"Bassett, VA",26195
12115001102,"Sarasota, FL",26195
36069051800,"Geneva, NY",26194
39035105500,"Brooklyn Centre, Cleveland, OH",26191
6037600602,"Inglewood, CA",26191
18177001000,"Richmond, IN",26189
36047026900,"Kings County, NY",26189
39035152603,"Euclid, OH",26186
42101038300,"Hunting Park, Philadelphia, PA",26185
51041100404,"Richmond, VA",26184
1103000100,"Decatur, AL",26184
26065000700,"Lansing, MI",26184
35029000600,"Deming, NM",26180
13009970500,"Milledgeville, GA",26178
29095013203,"South Kansas City, Kansas City, MO",26178
12009064302,"Catalina, Melbourne, FL",26177
40101000700,"Muskogee, OK",26176
5069002300,"Altheimer, AR",26176
48201231300,"East Houston, Houston, TX",26175
39035105602,"Brooklyn Centre, Cleveland, OH",26174
29077005500,"Robberson, Springfield, MO",26174
40143008800,"West O'Main, Tulsa, OK",26173
22115950400,"Leesville, LA",26173
55079001800,"Silver Spring, Milwaukee, WI",26173
37025040800,"Kannapolis, NC",26170
13253200300,"Donalsonville, GA",26170
55031021100,"North End, Superior, WI",26170
39035105100,"Stockyards, Cleveland, OH",26166
13155950200,"Ocilla, GA",26165
1013952700,"Greenville, AL",26164
4013116400,"South Mountain Village, Phoenix, AZ",26163
4013113602,"Central City, Phoenix, AZ",26163
48453002201,"Las Cimas, Austin, TX",26163
21047200800,"Hopkinsville, KY",26161
12011030301,"Pompano Beach, FL",26159
32031002107,"Reno, NV",26156
17031834000,"Princeton Park, Chicago, IL",26154
12057001200,"Old Seminole Heights, Tampa, FL",26154
13097080301,"Douglasville, GA",26153
32003000700,"Downtown, Las Vegas, NV",26152
12095013512,"South Semoran, Orlando, FL",26152
11001009807,"Bellevue, Washington, DC",26151
37135010703,"Carrboro, NC",26151
18089010205,"Gary, IN",26150
35017964400,"Silver City, NM",26149
18097380300,"Carson Heights, Indianapolis, IN",26149
35057963202,"Moriarty, NM",26149
12055960501,"Avon Park, FL",26147
12101031807,"Gulf Coast Acres, Hudson, FL",26147
34021001800,"Top Road, Trenton, NJ",26145
27053003300,"Near North, Minneapolis, MN",26145
12086004206,"South Beach, Miami Beach, FL",26143
6037234501,"South Los Angeles, Los Angeles, CA",26142
13089023206,"Stone Mountain, GA",26142
36047029900,"Kings County, NY",26142
48439123600,"Fort Worth, TX",26140
26163503100,"Mohican Regent, Detroit, MI",26139
13179010207,"Hinesville, GA",26136
36111952000,"Kingston, NY",26135
12053040910,"Brooksville, FL",26134
13031110800,"Register, GA",26131
20209042400,"Riverview, Kansas City, KS",26131
22019001202,"Lake Charles, LA",26130
36061018200,"East Harlem, New York, NY",26128
12127080902,"Holly Hill, FL",26127
39035117800,"South - Collinwood, Cleveland, OH",26127
47045964400,"Dyersburg, TN",26125
36055009603,"Dutchtown, Rochester, NY",26124
31055006302,"North Omaha, Omaha, NE",26123
6007000401,"Chico, CA",26121
37155960401,"Maxton, NC",26119
36061021303,"Upper Manhattan, New York, NY",26116
17095001100,"Galesburg, IL",26116
40115574400,"Miami, OK",26115
8055960600,"Walsenburg, CO",26115
24043000700,"Hagerstown, MD",26115
47093006900,"Fort Sanders, Knoxville, TN",26114
45045003602,"Greenville, SC",26113
13215010801,"Columbus, GA",26112
1037961200,"Kellyton, AL",26111
1097005000,"Mobile, AL",26110
48303002300,"Clapp Park, Lubbock, TX",26110
39113050402,"Miamisburg, OH",26108
6001402800,"Downtown Oakland, Oakland, CA",26108
17031420100,"South Side, Chicago, IL",26107
12009060600,"Titus Village, Titusville, FL",26107
42101009300,"Haddington, Philadelphia, PA",26104
26163568500,"Norwayne, Westland, MI",26103
13259950100,"Richland, GA",26102
48029131000,"East Side, San Antonio, TX",26102
34017004500,"Bergen/Lafayette, Jersey City, NJ",26102
18097330806,"Indianapolis, IN",26099
48027022103,"Killeen, TX",26098
6001401000,"Longfellow, Oakland, CA",26097
18157000400,"Lincoln, Lafayette, IN",26097
21121930602,"Artemus, KY",26096
13277960900,"Tifton, GA",26093
54047953900,"Panther, WV",26093
12009062302,"Pineridge, Cocoa, FL",26093
13293010400,"Thomaston, GA",26089
18141003400,"Rum Village, South Bend, IN",26088
28099010400,"Philadelphia, MS",26088
6019003302,"McLane, Fresno, CA",26086
12103021900,"Historic Kenwood, Saint Petersburg, FL",26085
12057012002,"Tampa, FL",26084
55079009700,"Walnut Hill, Milwaukee, WI",26083
48113005400,"Cedar Crest, Dallas, TX",26082
13089023208,"Stone Mountain, GA",26082
42101008701,"Spruce Hill, Philadelphia, PA",26082
39035101101,"Edgewater, Cleveland, OH",26081
36001001400,"Center Square & Hudson/Park, Albany, NY",26081
13245010711,"Hephzibah, GA",26081
12083000402,"Fort McCoy, FL",26080
17031490600,"Longwood Manor, Chicago, IL",26079
37119005404,"Derita - Statesville, Charlotte, NC",26079
6037240700,"South Los Angeles, Los Angeles, CA",26078
16027020200,"Nampa, ID",26077
39061007800,"Northside, Cincinnati, OH",26075
55079002900,"Hampton Heights, Milwaukee, WI",26075
4019004320,"Tucson, AZ",26075
9009142300,"Fair Haven, New Haven, CT",26073
48113016705,"Lancaster, TX",26072
36093020200,"Schenectady, NY",26071
13303950700,"Tennille, GA",26071
4013113202,"Central City, Phoenix, AZ",26068
42003486800,"Duquesne, PA",26066
37153971000,"Hamlet, NC",26063
45045002104,"Greenville, SC",26063
12053040801,"Brooksville, FL",26062
27053003200,"Willard-Hay, Minneapolis, MN",26061
35061940300,"Bosque Farms, NM",26059
6037291110,"Harbor, Los Angeles, CA",26058
26163552400,"Hamtramck, MI",26058
48303000607,"South Overton, Lubbock, TX",26058
1101003200,"Montgomery, AL",26057
26033970900,"Kincheloe, Kinross Charter Township, MI",26056
48485013000,"Wichita Falls, TX",26056
39169001200,"Orrville, OH",26053
35023970000,"Animas, NM",26051
48353950300,"Sweetwater, TX",26051
9003500500,"Sheldon Charter Oak, Hartford, CT",26051
18097357000,"Bates-Hendricks, Indianapolis, IN",26049
21203950400,"Orlando, KY",26049
37047930400,"Whiteville, NC",26047
12009064602,"Melbourne, FL",26047
13089023506,"Decatur, GA",26047
10003015502,"New Castle, DE",26047
22071014400,"Uptown/Carrollton, New Orleans, LA",26046
45003021601,"Aiken, SC",26042
37051002501,"Fayetteville, NC",26040
13087970700,"Bainbridge, GA",26040
35061970101,"Los Lunas, NM",26039
12031010402,"Highlands, Jacksonville, FL",26039
47157021725,"Memphis, TN",26037
6037541200,"Compton, CA",26037
48113006002,"Five Mile Creek, Dallas, TX",26037
1089000601,"Huntsville, AL",26036
12071020102,"Diplomat, North Fort Myers, FL",26035
37119000500,"Fourth Ward, Charlotte, NC",26035
11001004600,"Northwest Washington, Washington, DC",26035
5031000101,"Jonesboro, AR",26034
26143971200,"Houghton Lake, MI",26034
29201781200,"Sikeston, MO",26032
36047027300,"Kings County, NY",26031
18053000100,"Marion, IN",26031
17031030703,"Edgewater, Chicago, IL",26030
47157010810,"Parkway Village, Memphis, TN",26030
13121010516,"College Park, GA",26029
1017954000,"La Fayette, AL",26027
37001020802,"Burlington, NC",26026
41051003302,"Northeast Portland, Portland, OR",26026
39049004620,"Central Hilltop, Columbus, OH",26023
36047037700,"Kings County, NY",26021
26091061600,"Adrian, MI",26021
40109108011,"Oklahoma City, OK",26021
36029006901,"Front Park, Buffalo, NY",26020
51650010701,"Willow Oaks, Hampton, VA",26016
29031881600,"Cape Girardeau, MO",26016
8041002200,"Southeast Colorado Springs, Colorado Springs, CO",26014
49037942000,"Montezuma Creek, UT",26013
36001001100,"Downtown, Albany, NY",26012
45085000500,"Lynchburg, SC",26011
27053101300,"Jordan, Minneapolis, MN",26009
13245001000,"Midtown, Augusta, GA",26009
13261950200,"Americus, GA",26008
45083021500,"Spartanburg, SC",26008
4019002801,"Tucson, AZ",26007
2122001200,"Seldovia, AK",26006
29019000700,"Columbia, MO",26004
48201231600,"East Little York/ Homestead, Houston, TX",26003
26145011500,"Bridgeport, Saginaw, MI",26003
40031001000,"Lawton, OK",26002
24033803509,"Dodge Park, Hyattsville, MD",26000
5131000100,"Fort Smith, AR",25998
39113070400,"Trotwood, OH",25998
12105015200,"Bartow, FL",25996
47157020542,"Raleigh, Memphis, TN",25996
48485011200,"Wichita Falls, TX",25995
45083021301,"Hillcrest, Spartanburg, SC",25995
39035103800,"Ohio City, Cleveland, OH",25995
26163524300,"Springwells Village, Detroit, MI",25994
4019002604,"Amphi, Tucson, AZ",25994
39035107101,"Downtown, Cleveland, OH",25994
22097961300,"Opelousas, LA",25991
22093040500,"Saint James, LA",25991
17031817500,"Maywood, IL",25990
41011000504,"Coos Bay, OR",25988
21065920400,"Irvine, KY",25988
11001007403,"Shipley, Washington, DC",25988
6037602506,"Hawthorne, CA",25986
34013004600,"Weequahic, Newark, NJ",25984
37093970103,"Raeford, NC",25980
36001002200,"Capitol Hill, Albany, NY",25980
18167011100,"Downtown, Terre Haute, IN",25979
54107000701,"Parkersburg, WV",25979
29097010100,"Joplin, MO",25977
32003002406,"Las Vegas, NV",25977
26163500100,"Regent Park, Detroit, MI",25976
37119005824,"Charlotte, NC",25970
37025040703,"Kannapolis, NC",25970
39035104900,"Clark - Fulton, Cleveland, OH",25969
10003002800,"Wilmington, DE",25968
39113070600,"Trotwood, OH",25968
13251970600,"Sylvania, GA",25967
6037234200,"Leimert Park, Los Angeles, CA",25967
26125142000,"Pontiac, MI",25965
4019002202,"South Park, Tucson, AZ",25964
45053950201,"Ridgeland, SC",25964
21129950200,"Beattyville, KY",25964
12086000410,"North Miami, FL",25963
1101000500,"Capitol Heights, Montgomery, AL",25962
46007941200,"Allen, SD",25962
5119002408,"John Barrow, Little Rock, AR",25961
26145001800,"Saginaw, MI",25957
11001009803,"Congress Heights, Washington, DC",25956
37119005916,"Yorkmount, Charlotte, NC",25955
37083930502,"Roanoke Rapids, NC",25955
47157021726,"Memphis, TN",25954
29077000502,"West Central, Springfield, MO",25953
4013115200,"Kalil Industrial Park, Phoenix, AZ",25953
26099245400,"Martin Luther King, Mount Clemens, MI",25950
21145030600,"Paducah, KY",25950
28095950600,"Aberdeen, MS",25948
29077003200,"Bissett, Springfield, MO",25947
45019005200,"Charleston, SC",25947
13089023102,"Decatur, GA",25946
12086001302,"Upper East Side, Miami, FL",25946
48113007823,"Vickery Meadow, Dallas, TX",25945
45045002106,"Greenville, SC",25945
17031750600,"South Side, Chicago, IL",25943
37091950200,"Cofield, NC",25942
51025930203,"Lawrenceville, VA",25940
6037237300,"South Los Angeles, Los Angeles, CA",25940
36067001600,"Northside, Syracuse, NY",25940
51670820300,"Hopewell, VA",25939
17031809200,"Evanston, IL",25938
36005039500,"Bronx County, NY",25938
36063020400,"Niagara Falls, NY",25937
39089759000,"Newark, OH",25933
13067030412,"Marietta, GA",25931
21111005600,"Southside, Louisville, KY",25931
19013001701,"Waterloo, IA",25929
4015951800,"Bullhead City, AZ",25929
12011050301,"Lauderdale Lakes, FL",25929
12095012201,"Pine Hills, FL",25928
34013008900,"Seventh Avenue, Newark, NJ",25927
12095013510,"Lake Frederica, Orlando, FL",25926
48129950300,"Clarendon, TX",25925
28047001900,"Gulfport, MS",25924
53049950300,"South Bend, WA",25922
13069010802,"Douglas, GA",25919
6071006204,"NE - Sterling, San Bernardino, CA",25919
5119002001,"65th Street West, Little Rock, AR",25917
4013115600,"Liberty, Phoenix, AZ",25915
47179060800,"Tree Streets, Johnson City, TN",25915
34013004200,"Upper Clinton Hill, Newark, NJ",25915
26007000400,"Alpena, MI",25915
48141001900,"Segundo Barrio, El Paso, TX",25915
29001950300,"Kirksville, MO",25913
37035010402,"Hickory, NC",25912
18091043000,"Michigan City, IN",25908
21235920700,"Williamsburg, KY",25905
17031834200,"South Shore, Chicago, IL",25902
1113030901,"Phenix City, AL",25900
2020001802,"Campbell Park, Anchorage, AK",25899
12086010801,"Homestead, FL",25898
25003900600,"Pittsfield, MA",25898
28047001300,"Biloxi, MS",25897
1077010600,"North Florence, Florence, AL",25895
6037242000,"South Los Angeles, Los Angeles, CA",25894
45075010200,"Holly Hill, SC",25893
29095009000,"South Kansas City, Kansas City, MO",25893
13225040302,"Fort Valley, GA",25893
13003960100,"Willacoochee, GA",25893
34013010400,"East Orange, NJ",25892
12011050306,"Lauderdale Lakes, FL",25892
47037017000,"12 South, Nashville, TN",25892
51680000801,"Westend, Lynchburg, VA",25892
45013010800,"Hilton Head Island, SC",25891
37131920200,"Rich Square, NC",25890
12086000124,"North Miami, FL",25889
13111050100,"Mineral Bluff, GA",25887
4019000200,"Menlo Park, Tucson, AZ",25883
55025001501,"Madison, WI",25881
17119402500,"Alton, IL",25881
42101026000,"North Philadelphia, Philadelphia, PA",25880
17115002000,"Decatur, IL",25879
47069950200,"Whiteville, TN",25879
40109101500,"Central Oklahoma City, Oklahoma City, OK",25878
5091020200,"Sand Flat, Texarkana, AR",25877
1123962100,"Alexander City, AL",25875
11001007605,"Fairlawn, Washington, DC",25874
54011000200,"Huntington, WV",25874
48231960800,"Greenville, TX",25873
47165020800,"Gallatin, TN",25871
5069002500,"Pine Bluff, AR",25870
12045960200,"Port Saint Joe, FL",25869
6067006500,"Del Paso Heights, Sacramento, CA",25867
24510250402,"Brooklyn, Baltimore, MD",25867
12057010203,"Greater Thonotosassa, Thonotosassa, FL",25866
29095009500,"Marlborough Heights/Marlborough Pride, Kansas City, MO",25864
10003015600,"New Castle, DE",25862
1125012405,"Tuscaloosa, AL",25862
39043040800,"Sandusky, OH",25861
22079012200,"Alexandria, LA",25858
13121003500,"Downtown, Atlanta, GA",25858
12083001401,"Ocala, FL",25857
24510261000,"Patterson Park, Baltimore, MD",25856
17077011100,"Carbondale, IL",25855
40109103200,"Central Oklahoma City, Oklahoma City, OK",25855
13021010200,"Macon, GA",25855
13007960100,"Newton, GA",25854
17081051100,"Mount Vernon, IL",25852
39095004800,"East Toledo, Toledo, OH",25852
9001073600,"East Side, Bridgeport, CT",25850
1121011400,"Sylacauga, AL",25849
22017023800,"Springlake, University Terrace, Shreveport, LA",25845
4019002100,"Las Vistas, Tucson, AZ",25845
48181000501,"Denison, TX",25842
12057013912,"Riverview, FL",25840
45007000800,"Anderson, SC",25836
48029130900,"East Side, San Antonio, TX",25836
39153506400,"Highland Square, Akron, OH",25836
4017940008,"Kykotsmovi Village, AZ",25835
26163542100,"Detroit, MI",25835
6019000600,"Downtown, Fresno, CA",25835
55105002300,"Beloit, WI",25834
36005012901,"Bronx County, NY",25832
36061020600,"East Harlem, New York, NY",25832
22101041100,"Franklin, LA",25830
36047025100,"Kings County, NY",25828
42003523100,"Nadine, Verona, PA",25822
51650010400,"Briarfield, Hampton, VA",25821
12099005203,"Lake Worth, FL",25821
5011950400,"Warren, AR",25820
28067950500,"Laurel, MS",25818
48453000402,"East Austin, Austin, TX",25817
37067003309,"Winston-Salem, NC",25814
13321950500,"Sylvester, GA",25814
12011091400,"Beverly Park, Hollywood, FL",25810
19153001700,"Martin Luther King Jr. Park, Des Moines, IA",25810
36005006900,"Bronx County, NY",25808
48113012210,"Eastwood Hills, Dallas, TX",25807
42101011900,"Wynnefield, Philadelphia, PA",25805
37051003313,"Jack Britt, Fayetteville, NC",25804
12101033013,"Moores, Zephyrhills, FL",25804
2170000701,"Wasilla, AK",25804
1069041000,"Dothan, AL",25803
42101010200,"Haddington, Philadelphia, PA",25803
26163523100,"Mexicantown - Southwest Detroit, Detroit, MI",25803
42045402500,"Darby, PA",25801
37023021400,"Morganton, NC",25800
36005014100,"Bronx County, NY",25800
12086002702,"Edgewater, Miami, FL",25799
32003004601,"North Las Vegas, NV",25798
47011010300,"Cleveland, TN",25798
12057012001,"Tampa, FL",25797
17115001000,"Decatur, IL",25797
17003957800,"Cairo, IL",25796
36005015100,"Bronx County, NY",25796
6019002601,"Roosevelt, Fresno, CA",25795
42133000600,"York, PA",25795
26163540800,"Detroit, MI",25794
36005023704,"Bronx County, NY",25793
17183011200,"Danville, IL",25793
36005038302,"Bronx County, NY",25793
47037013300,"Urbandale Nations, Nashville, TN",25792
12086000902,"Miami, FL",25788
39061027100,"Roselawn, Cincinnati, OH",25788
35005000600,"Roswell, NM",25787
22033003504,"Baton Rouge, LA",25785
13089022005,"Clarkston, GA",25781
13063040525,"Jonesboro, GA",25779
24510260202,"Parkside, Baltimore, MD",25779
40109104300,"Central Oklahoma City, Oklahoma City, OK",25779
49057201900,"Ogden, UT",25777
12057005302,"Palmetto Beach, Tampa, FL",25775
1123962600,"Camp Hill, AL",25774
1121012000,"Sylacauga, AL",25774
47065001800,"St. Elmo Improvement League, Chattanooga, TN",25773
12103025017,"Pine Bay, Saint Petersburg, FL",25773
47157022500,"Whitehaven, Memphis, TN",25773
2020002100,"Spenard, Anchorage, AK",25771
48201313300,"OST/ South Union, Houston, TX",25771
17097862800,"North Chicago, IL",25767
13285960700,"LaGrange, GA",25766
39029952200,"East End, East Liverpool, OH",25765
21051950400,"Manchester, KY",25765
6007003001,"Oroville, CA",25765
24510150800,"Garwyn Oaks, Baltimore, MD",25764
42073000600,"New Castle, PA",25764
6037238320,"South Figueroa Corridor, Los Angeles, CA",25764
12073000700,"Lakeview, Tallahassee, FL",25763
12086000414,"Miami, FL",25761
28035001000,"Hattiesburg, MS",25761
21235920800,"Williamsburg, KY",25760
11001007601,"Southeast Washington, Washington, DC",25760
51740212701,"Portsmouth, VA",25760
39049007550,"Cumberland Ridge, Columbus, OH",25759
12031010304,"Northside, Jacksonville, FL",25758
27053104100,"Harrison, Minneapolis, MN",25757
42077009700,"Hamilton District, Allentown, PA",25756
18105000602,"Bloomington, IN",25754
12019031400,"Green Cove Springs, FL",25754
26075000200,"Jackson, MI",25753
36005016500,"Bronx County, NY",25751
28113950600,"Magnolia, MS",25751
51810040200,"Northwest, Virginia Beach, VA",25749
12101032700,"Dade City, FL",25746
42133000500,"York, PA",25745
39093070400,"Elyria, OH",25744
9001074300,"East End, Bridgeport, CT",25743
4013114302,"Central City, Phoenix, AZ",25743
4013114402,"Central City, Phoenix, AZ",25743
39035126100,"Euclid - Green, Cleveland, OH",25743
28049010600,"Edwards, MS",25742
17031460100,"South Chicago, Chicago, IL",25742
12083000604,"Umatilla, FL",25738
51810045810,"Virginia Beach, VA",25738
35045942803,"Shiprock, NM",25736
29510105200,"Skinker DeBaliviere, St. Louis, MO",25736
39153508900,"University of Akron, Akron, OH",25736
20055960505,"Garden City, KS",25735
13081010300,"Cordele, GA",25734
32031940200,"Nixon, NV",25728
34013004100,"Upper Clinton Hill, Newark, NJ",25728
6037542501,"Compton, CA",25727
54039000100,"Charleston, WV",25727
39099801200,"Lansingville, Youngstown, OH",25726
17031834300,"Avalon Park, Chicago, IL",25725
36047025902,"Kings County, NY",25721
47093002900,"Knoxville, TN",25716
37085071203,"Spring Lake, NC",25715
28013950200,"Bruce, MS",25714
22071001744,"Little Woods, New Orleans, LA",25714
47157020512,"Springhill, Memphis, TN",25712
39035140701,"Cleveland Heights, OH",25712
8101002500,"State Fair, Pueblo, CO",25712
5119004107,"Upper Baseline, Little Rock, AR",25709
23019015500,"Exeter, ME",25709
5043490200,"Monticello, AR",25707
12086011101,"Homestead, FL",25706
51041100406,"Richmond, VA",25703
26149040200,"Three Rivers, MI",25702
34031181200,"Paterson, NJ",25701
12033002900,"Pen Haven, Pensacola, FL",25701
48375010600,"Amarillo, TX",25700
8041001900,"East Colorado Springs, Colorado Springs, CO",25698
42101009100,"West Powelton, Philadelphia, PA",25698
17001000800,"Quincy, IL",25698
42049000400,"Erie, PA",25698
28049001300,"Fondren, Jackson, MS",25696
22051020700,"Kenner, LA",25693
55079017400,"Forest Home Hills, Milwaukee, WI",25693
54011001800,"Huntington, WV",25692
39167020500,"Marietta, OH",25691
39035108201,"Goodrich - Kirtland Park, Cleveland, OH",25689
48439103500,"Fort Worth, TX",25685
45051051301,"Murrells Inlet, SC",25684
13295020902,"LaFayette, GA",25683
13105000400,"Elberton, GA",25681
51740211500,"Midtown, Portsmouth, VA",25680
48167725100,"Galveston, TX",25680
42071000800,"Lancaster, PA",25680
12005002701,"Gulf VIsta, Panama City Beach, FL",25680
22017022200,"Country Club Hills, Lakeshore Shopping, Shreveport, LA",25679
34013001600,"Fairmount, Newark, NJ",25676
5019953800,"Arkadelphia, AR",25676
4013092900,"Glendale, AZ",25674
12057001001,"Tampa, FL",25674
40109108010,"Oklahoma City, OK",25671
1055000500,"Gadsden, AL",25668
37081011905,"Summit Hills, Greensboro, NC",25668
6037241202,"South Los Angeles, Los Angeles, CA",25668
1091972900,"Demopolis, AL",25668
12023110202,"Lake City, FL",25667
45053950300,"Hardeeville, SC",25666
48183001300,"Longview, TX",25665
34013008100,"Central Business District, Newark, NJ",25665
12095012402,"Northwest Orlando, Orlando, FL",25665
39035152701,"Euclid, OH",25663
12086000504,"Opa-locka, FL",25663
48201314300,"South Main, Houston, TX",25662
26049012201,"Mount Morris, MI",25661
36063020500,"Niagara Falls, NY",25661
17121952700,"Centralia, IL",25659
12105014124,"Haines City, FL",25659
37021001100,"Asheville, NC",25657
21013960200,"Pineville, KY",25656
37155960600,"Lumberton, NC",25655
34017004300,"Bergen/Lafayette, Jersey City, NJ",25655
51700032006,"Jenkins, Newport News, VA",25655
17031842400,"South Side, Chicago, IL",25654
1005950600,"Eufaula, AL",25654
18083955300,"Vincennes, IN",25651
34013011100,"East Orange, NJ",25650
36047037300,"Kings County, NY",25650
36061021000,"East Harlem, New York, NY",25649
1047956702,"Selma, AL",25649
13063040516,"Jonesboro, GA",25647
47019070400,"Elizabethton, TN",25647
34039039300,"Plainfield, NJ",25647
36055007000,"19th Ward, Rochester, NY",25647
12009068601,"Cape Canaveral, FL",25646
45083023302,"Greer, SC",25646
26163540400,"Detroit, MI",25645
27053008200,"Lyndale, Minneapolis, MN",25645
22105954400,"Hammond, LA",25645
18003002000,"Creighton Home, Fort Wayne, IN",25644
8101000200,"Sky View, Pueblo, CO",25644
12011050307,"Lauderdale Lakes, FL",25637
11001007708,"Southeast Washington, Washington, DC",25637
37133001700,"Jacksonville, NC",25637
4027000404,"Yuma, AZ",25637
26065006600,"Lansing, MI",25637
34013013300,"Irvington, NJ",25636
51810044200,"Northeast Virginia Beach, Virginia Beach, VA",25636
51760071001,"Jahnke, Richmond, VA",25636
12099004402,"Lake Worth, FL",25635
13235950200,"Hawkinsville, GA",25635
13089021416,"Brookhaven, GA",25635
37091950402,"Ahoskie, NC",25634
39035115200,"South Broadway, Cleveland, OH",25633
48201331500,"Southeast Houston, Houston, TX",25632
34017004102,"McGinley Square, Jersey City, NJ",25627
51790000100,"Staunton, VA",25624
21131920200,"Warbranch, KY",25621
5131001202,"Fort Smith, AR",25620
36047122000,"Kings County, NY",25619
28105950700,"Starkville, MS",25619
45023020200,"Chester, SC",25616
36093021002,"Hamilton Hill, Schenectady, NY",25615
39113001800,"Old North Dayton, Dayton, OH",25615
13163960400,"Wadley, GA",25614
22019000600,"Lake Charles, LA",25613
13317010302,"Washington, GA",25613
51095080102,"Williamsburg, VA",25610
54107000801,"Parkersburg, WV",25610
37153970700,"Rockingham, NC",25608
12001000500,"Duckpond, Gainesville, FL",25605
29510116302,"Tower Grove South, St. Louis, MO",25604
29093950400,"Annapolis, MO",25602
13063040612,"Jonesboro, GA",25601
6099002100,"Modesto, CA",25601
40109103300,"Central Oklahoma City, Oklahoma City, OK",25600
34007601200,"Stockton, Camden, NJ",25599
46041941500,"Eagle Butte, SD",25598
20173001100,"The Elm, Wichita, KS",25598
13179010600,"Riceboro, GA",25596
39035104400,"Cleveland, OH",25589
36005018500,"Bronx County, NY",25588
37119001509,"Eastway, Charlotte, NC",25586
39035188105,"Warrensville Heights, OH",25583
26049010812,"Flint, MI",25581
36047121400,"Kings County, NY",25578
39061007300,"Winton Place, Cincinnati, OH",25578
32003003430,"Las Vegas, NV",25578
17031842100,"Humboldt Park, Chicago, IL",25578
46103010500,"Rapid City, SD",25577
35001000901,"Trumbull Village, Albuquerque, NM",25577
37093970101,"Raeford, NC",25576
13063040611,"Jonesboro, GA",25575
5057480500,"Hope, AR",25573
34031180700,"Paterson, NJ",25569
13031110403,"Statesboro, GA",25569
39061009200,"East Price Hill, Cincinnati, OH",25568
13033950400,"Waynesboro, GA",25568
20173002400,"Kellogg School, Wichita, KS",25567
48231960900,"Greenville, TX",25563
39141956400,"Chillicothe, OH",25563
18097352400,"Indianapolis, IN",25560
23001020400,"Lewiston, ME",25560
51199050500,"Yorktown, VA",25559
48027023500,"Killeen, TX",25559
8041004501,"Southeast Colorado Springs, Colorado Springs, CO",25558
9003417100,"New Britain, CT",25557
12011030201,"Pompano Beach, FL",25557
26163517200,"Downtown, Detroit, MI",25557
48453002105,"University Hills and Windsor Park, Austin, TX",25557
20061000300,"Junction City, KS",25557
37163971000,"Rose Hill, NC",25556
24510250205,"Lakeland, Baltimore, MD",25554
36085013301,"Richmond County, NY",25553
44007001200,"West End Providence, Providence, RI",25551
13171970300,"Barnesville, GA",25550
34013022900,"University Heights, Newark, NJ",25550
51710004500,"Middle Towne Arch, Norfolk, VA",25550
36081043200,"Queens County, NY",25548
12057002300,"Northwest Tampa, Tampa, FL",25547
12083000200,"Citra, FL",25545
28151001600,"Leland, MS",25545
5095950100,"Brinkley, AR",25544
13215000800,"Columbus, GA",25544
48453001812,"St. Johns, Austin, TX",25543
12099002006,"West Palm Beach, FL",25541
42101026600,"North Philadelphia, Philadelphia, PA",25541
37093970102,"Raeford, NC",25537
50007000400,"Old North End, Burlington, VT",25537
34013010700,"East Orange, NJ",25535
48439101403,"Fort Worth, TX",25535
5035030600,"Proctor, AR",25533
6001400600,"Bushrod, Oakland, CA",25533
1073013901,"Dolomite, Birmingham, AL",25531
39049002750,"Eastmoor, Columbus, OH",25530
48113005600,"Cedar Crest, Dallas, TX",25530
18053000600,"Marion, IN",25530
39035102900,"Clark - Fulton, Cleveland, OH",25528
12127082201,"Daytona Beach, FL",25527
18075963300,"Dunkirk, IN",25526
39049007721,"Columbus, OH",25526
55079000201,"Milwaukee, WI",25526
12103028500,"Gulfport, FL",25522
42107000602,"Shenandoah, PA",25522
5035031000,"Crawfordsville, AR",25522
26163506800,"Detroit, MI",25522
41033360100,"Wolf Creek, OR",25521
36005024300,"Bronx County, NY",25520
48113011200,"Dallas, TX",25519
42101006900,"Southwest Philadelphia, Philadelphia, PA",25519
12086009503,"Miami Gardens, FL",25517
12011100802,"West Park, FL",25517
5131000501,"Fort Smith, AR",25517
40109105500,"Central Oklahoma City, Oklahoma City, OK",25515
17031711300,"Auburn Gresham, Chicago, IL",25515
39155921600,"Cortland, OH",25513
4015951700,"Bullhead City, AZ",25511
39093022800,"Lorain, OH",25509
48201422401,"Southwest Houston, Houston, TX",25509
26025000700,"Battle Creek, MI",25507
45031011300,"Darlington, SC",25507
4013093104,"Glendale, AZ",25506
12001002220,"Gainesville, FL",25505
13089021204,"Atlanta, GA",25505
48113007819,"Vickery Meadow, Dallas, TX",25505
32003002404,"Las Vegas, NV",25500
2198000100,"Craig, AK",25498
36067003602,"Eastside, Syracuse, NY",25496
5035030702,"Marion, AR",25494
12103025307,"Friends Of Ridgecrest, Largo, FL",25493
26129950900,"Skidway Lake, Prescott, MI",25493
8003960300,"Alamosa, CO",25493
6037601302,"Inglewood, CA",25492
12103024602,"Lowe's City, Saint Petersburg, FL",25492
48167724700,"Galveston, TX",25491
45075010100,"Eutawville, SC",25490
36081008700,"Queens County, NY",25490
8031001600,"North, Denver, CO",25488
4021001000,"Coolidge, AZ",25487
6037240600,"South Los Angeles, Los Angeles, CA",25487
48201231900,"Northside, Houston, TX",25486
47091956200,"Mountain City, TN",25484
39093060100,"Oberlin, OH",25484
26049010501,"Flint, MI",25484
34007601000,"Biedman, Camden, NJ",25481
22015010400,"Bossier City, LA",25481
29189214300,"St. Louis, MO",25479
13063040302,"Forest Park, GA",25478
17001000400,"Quincy, IL",25476
18097341100,"Indianapolis, IN",25476
22071001735,"New Orleans East Area, New Orleans, LA",25476
4013060902,"Downtown, El Mirage, AZ",25476
39155933900,"Girard, OH",25474
32003001501,"Las Vegas, NV",25473
36001000100,"North Albany - Shaker Park, Menands, NY",25472
48313000400,"Madisonville, TX",25469
39061008100,"Cincinnati, OH",25467
21121930100,"Scalf, KY",25465
36047005300,"Kings County, NY",25465
45027960600,"Manning, SC",25465
48029130401,"East Side, San Antonio, TX",25465
26081003300,"Eastown, Grand Rapids, MI",25464
40143006801,"Tulsa, OK",25463
6067002800,"Central Oak Park, Sacramento, CA",25463
26163552800,"Hamtramck, MI",25462
12086009504,"Miami, FL",25461
26017280300,"Bay City, MI",25461
39035183402,"Shaker Heights, OH",25460
47125101305,"Clarksville, TN",25460
15003006202,"Kalihi - Palama, Honolulu, HI",25460
12033003400,"North Central Pensacola, Pensacola, FL",25459
48355001200,"Central City, Corpus Christi, TX",25459
6037240402,"South Los Angeles, Los Angeles, CA",25458
37185950103,"Macon, NC",25457
13191110200,"Townsend, GA",25457
13089023423,"Ellenwood, GA",25456
13063040522,"Riverdale, GA",25454
37081012604,"Southmont, Greensboro, NC",25453
26163538600,"Bagley, Detroit, MI",25452
37027030200,"Lenoir, NC",25450
4019004115,"Los Ranchitos, Tucson, AZ",25450
42003140500,"Point Breeze North, Pittsburgh, PA",25450
36047022700,"Kings County, NY",25448
13215010502,"Columbus, GA",25446
12086001103,"Miami, FL",25445
12105011603,"Lakeland, FL",25445
41039004800,"Amazon, Eugene, OR",25443
54075960300,"Hillsboro, WV",25439
13013180203,"Winder, GA",25439
13121010507,"College Park, GA",25438
12021011103,"South Naples, Naples, FL",25437
42043020100,"Harrisburg, PA",25436
34013005100,"Weequahic, Newark, NJ",25435
22071001737,"Little Woods, New Orleans, LA",25435
45065920200,"McCormick, SC",25430
32003002403,"Las Vegas, NV",25427
48303000302,"Arnett Benson, Lubbock, TX",25426
31055006102,"North Omaha, Omaha, NE",25423
38079941800,"Belcourt, ND",25421
35009000400,"Clovis, NM",25421
13309780100,"Glenwood, GA",25419
39023003400,"Springfield, OH",25419
12086009501,"Miami, FL",25418
47037010904,"Parkwood Estates, Nashville, TN",25417
37047931200,"Tabor City, NC",25415
1121010500,"Talladega, AL",25415
51630000500,"Fredericksburg, VA",25412
1077010200,"West Florence, Florence, AL",25411
48485011300,"Wichita Falls, TX",25410
39047926100,"Washington Court House, OH",25410
45023020300,"Chester, SC",25410
55079002100,"Old North Milwaukee, Milwaukee, WI",25408
26099264000,"Warren, MI",25408
13245010706,"Covington, Augusta, GA",25408
51700031300,"South Newport News, Newport News, VA",25405
36047053500,"Kings County, NY",25405
22055000100,"Downtown, Lafayette, LA",25404
1101005101,"Montgomery, AL",25404
35051962402,"Caballo, NM",25404
12105013400,"Winter Haven, FL",25401
26163540500,"Detroit, MI",25401
5079960600,"Gould, AR",25399
13121010513,"Union City, GA",25397
12095014302,"Pine Castle, FL",25395
18039002300,"Elkhart, IN",25394
1107050400,"Aliceville, AL",25394
36061023100,"Harlem, New York, NY",25393
45057010500,"Lancaster, SC",25390
17031250700,"Austin, Chicago, IL",25389
13069010801,"Douglas, GA",25388
4001944300,"Chinle, AZ",25387
42101024000,"Germantown, Philadelphia, PA",25387
23029955500,"Calais, ME",25385
47157022122,"Whitehaven, Memphis, TN",25384
51770002700,"Roanoke, VA",25383
13063040514,"Riverdale, GA",25382
40109103800,"Central Oklahoma City, Oklahoma City, OK",25382
40109106302,"College Park, Oklahoma City, OK",25381
1047957000,"Orrville, AL",25380
39139000500,"Mansfield, OH",25380
26161412300,"West Willow, Ypsilanti, MI",25377
12086010006,"Miami Gardens, FL",25375
36063021200,"Niagara Falls, NY",25374
10003002300,"Hilltop, Wilmington, DE",25371
37161960800,"Forest City, NC",25371
1089000403,"Huntsville, AL",25370
37067003002,"Winston-Salem, NC",25369
12099005601,"Lake Worth, FL",25369
17031430900,"South Shore, Chicago, IL",25367
28087001100,"Crawford, MS",25367
26163540900,"Detroit, MI",25367
29095017800,"Midtown - Westport, Kansas City, MO",25367
48167724500,"Galveston, TX",25366
48029110800,"Midtown, San Antonio, TX",25364
42101027800,"Olney-Oak Lane, Philadelphia, PA",25363
47037017100,"Melrose, Nashville, TN",25359
42101007200,"Angora, Philadelphia, PA",25359
13245001601,"Forest Hills, Augusta, GA",25358
17031843900,"South Side, Chicago, IL",25357
12099006502,"Delray Beach, FL",25357
45063020706,"West Columbia, SC",25356
51710005702,"Sewells Gardens, Norfolk, VA",25356
37081012804,"Woodlea, Greensboro, NC",25356
29510116500,"Tower Grove East, St. Louis, MO",25353
55079004900,"Sunset Heights, Milwaukee, WI",25349
27053105700,"Central Minneapolis, Minneapolis, MN",25347
8031003603,"North, Denver, CO",25347
55105000300,"Janesville, WI",25345
12057000800,"Tampa, FL",25345
9015800600,"Willimantic, Windham, CT",25341
17031825600,"Markham, IL",25341
34031264200,"Paterson, NJ",25337
8041005202,"Southeast Colorado Springs, Colorado Springs, CO",25337
4013117300,"Estrella Village, Phoenix, AZ",25337
6015000104,"Crescent City, CA",25336
25013801300,"McKnight, Springfield, MA",25336
12086002404,"Allapattah, Miami, FL",25336
18035001400,"Southside, Muncie, IN",25336
4019004508,"Tucson, AZ",25335
39093070500,"Elyria, OH",25334
12071001102,"Winkler, Fort Myers, FL",25331
36047031500,"Kings County, NY",25329
12069030914,"Mount Dora, FL",25328
28135950100,"Charleston, MS",25324
47029920501,"Newport, TN",25323
51760070802,"South Richmond, Richmond, VA",25323
21013960700,"Middlesboro, KY",25322
12119910401,"Lake Panasoffkee, FL",25320
19193001500,"Sioux City, IA",25319
21111003900,"Taylor Berry, Louisville, KY",25318
1097007400,"Rosedale, Mobile, AL",25317
12086002501,"Allapattah, Miami, FL",25316
6037237201,"South Los Angeles, Los Angeles, CA",25314
1073005103,"South Titusville, Birmingham, AL",25312
36061019000,"Harlem, New York, NY",25310
5119004007,"Little Rock, AR",25310
26163539600,"Detroit, MI",25308
26163530500,"Russell Woods, Detroit, MI",25307
22057020400,"Thibodaux, LA",25307
26163539300,"Detroit, MI",25305
35039940800,"Española, NM",25298
48449950700,"Mount Pleasant, TX",25297
12021000700,"Redevelopment Area, Naples, FL",25296
24510260203,"Frankford, Baltimore, MD",25295
39035101501,"Cudell, Cleveland, OH",25293
12053041305,"Spring Hill, FL",25292
34023005800,"New Brunswick, NJ",25291
13115001100,"Rome, GA",25291
47075930100,"Brownsville, TN",25289
39081001700,"Pleasant Hill, Steubenville, OH",25289
26163524900,"Delray, Detroit, MI",25288
48303002400,"Ballenger, Lubbock, TX",25288
41011000502,"Coos Bay, OR",25288
26163518000,"Art Center, Detroit, MI",25288
13089023214,"Decatur, GA",25287
21067003909,"Hamburg Area, Lexington, KY",25285
5119004103,"Chicot West I-30 South, Little Rock, AR",25284
39153503100,"Middlebury, Akron, OH",25284
40143007608,"South Peoria, Tulsa, OK",25283
21119960400,"Topmost, KY",25281
1097003404,"Cody, Mobile, AL",25278
21193970700,"Scuddy, KY",25277
39027964600,"Wilmington, OH",25274
36029004100,"Kenfield, Buffalo, NY",25271
12086002600,"Wynwood, Miami, FL",25268
48027022600,"Killeen, TX",25268
26147623000,"Port Huron, MI",25267
36055008200,"Group 14621, Rochester, NY",25266
6037241002,"South Los Angeles, Los Angeles, CA",25266
1125012404,"Tuscaloosa, AL",25265
22033003400,"Baton Rouge, LA",25264
1125012304,"Tuscaloosa, AL",25263
19013000100,"Waterloo, IA",25263
48245001200,"Oaks Historic District, Beaumont, TX",25262
25013800800,"Memorial Square, Springfield, MA",25262
35001002600,"Old Town, Albuquerque, NM",25261
13089023113,"Decatur, GA",25258
27053107000,"Powderhorn, Minneapolis, MN",25257
45069960302,"Bennettsville, SC",25255
17031711500,"Auburn Gresham, Chicago, IL",25255
18089011300,"Gary, IN",25253
48113012000,"Riverway Estates/Bruton Terrace, Dallas, TX",25253
36081025800,"Queens County, NY",25252
12101033011,"Zephyrhills, FL",25252
45023020900,"Great Falls, SC",25251
40089098700,"Idabel, OK",25249
4013114401,"Estrella Village, Phoenix, AZ",25249
36047026500,"Kings County, NY",25249
24510250600,"Brooklyn, Baltimore, MD",25248
13319960300,"Gordon, GA",25248
12086000413,"Miami, FL",25248
18003001100,"West Central, Fort Wayne, IN",25246
26163500700,"Detroit, MI",25246
35001003733,"Hodgin, Albuquerque, NM",25245
35041000200,"Portales, NM",25245
21049020202,"Winchester, KY",25245
13191110100,"Townsend, GA",25244
6037231710,"South Figueroa Corridor, Los Angeles, CA",25242
45051020200,"Loris, SC",25241
4001942600,"Dennehotso, AZ",25240
37067002001,"Winston-Salem, NC",25240
47157008900,"Memphis, TN",25239
13089023507,"Decatur, GA",25235
4012940300,"Parker, AZ",25233
39035119701,"Buckeye - Shaker, Cleveland, OH",25233
47037012702,"Haynes Area, Nashville, TN",25230
20125950500,"Independence, KS",25230
51770001200,"Old Southwest, Roanoke, VA",25229
6015000101,"Crescent City, CA",25228
1017953900,"Lanett, AL",25227
42101024400,"Germantown, Philadelphia, PA",25227
37155960702,"Lumberton, NC",25223
4021001900,"Eloy, AZ",25223
12055960300,"Avon Park, FL",25223
6029002000,"Oleander/Sunset, Bakersfield, CA",25223
17097862300,"Waukegan, IL",25223
13179010205,"Hinesville, GA",25220
36029005202,"Hamlin Park, Buffalo, NY",25220
36081097202,"Queens County, NY",25219
54049020500,"Fairmont, WV",25217
36047029500,"Kings County, NY",25216
55079002000,"Old North Milwaukee, Milwaukee, WI",25215
11001010600,"Near Northeast, Washington, DC",25215
36061018800,"Upper Manhattan, New York, NY",25214
18003002100,"Michigan Avenue, Fort Wayne, IN",25211
4013115900,"South Mountain Village, Phoenix, AZ",25210
55079010700,"Riverwest, Milwaukee, WI",25209
12105014103,"Poinciana, FL",25208
29201780700,"Sikeston, MO",25204
1089000503,"Huntsville, AL",25203
4013320002,"East Guadalupe, Guadalupe, AZ",25201
5077470400,"Marianna, AR",25201
25025080300,"Roxbury, Boston, MA",25201
37031970101,"Atlantic, NC",25199
29095016300,"East Side, Kansas City, MO",25199
42077001800,"Old Allentown, Allentown, PA",25197
27053102100,"Jordan, Minneapolis, MN",25196
48029171200,"Inner West Side, San Antonio, TX",25195
5131000200,"Fort Smith, AR",25192
13179010208,"Hinesville, GA",25191
37157041200,"Reidsville, NC",25191
37027030300,"Lenoir, NC",25189
36119002900,"South Side, Mount Vernon, NY",25185
9003503100,"Asylum Hill, Hartford, CT",25183
12057010808,"Tampa, FL",25181
15001021202,"Naalehu, HI",25181
6071006203,"NE - Sterling, San Bernardino, CA",25181
34013004400,"Weequahic, Newark, NJ",25179
36047023300,"Kings County, NY",25177
11001008903,"Carver / Langston, Washington, DC",25177
42003513800,"Braddock, PA",25176
25003900200,"Pittsfield, MA",25176
47011010800,"Cleveland, TN",25173
26081003800,"Burton Heights, Grand Rapids, MI",25171
20209044104,"Victory Hills, Kansas City, KS",25170
24510150900,"Windsor Hills, Baltimore, MD",25169
1113031200,"Pittsview, AL",25169
42003552300,"McKeesport, PA",25168
17031283200,"University Village / Little Italy, Chicago, IL",25166
28093950402,"Holly Springs, MS",25166
42101028100,"Logan/ Ogontz/ Fern Rock, Philadelphia, PA",25166
5077470200,"Moro, AR",25166
9009140500,"The Hill, New Haven, CT",25165
41051003601,"Northeast Portland, Portland, OR",25164
37045951100,"Shelby, NC",25164
29077001700,"Westside Community Betterment, Springfield, MO",25163
42101011300,"Overbrook, Philadelphia, PA",25163
45045004400,"Greenville, SC",25163
10003015400,"Wilmington, DE",25161
42081000800,"Williamsport, PA",25158
6001409200,"Sobrante Park, Oakland, CA",25158
22017023400,"Sunset Arcre, Garden Valley, Morningside, Shreveport, LA",25157
37067003500,"Winston-Salem, NC",25154
36061024200,"East Harlem, New York, NY",25154
36081027800,"Queens County, NY",25153
37193960600,"North Wilkesboro, NC",25151
36067005500,"Eastside, Syracuse, NY",25151
12011091801,"Highland Garden, Hollywood, FL",25147
39035118800,"University Circle, Cleveland, OH",25146
37119003807,"Montclaire South, Charlotte, NC",25144
48347951000,"Nacogdoches, TX",25144
24043000302,"Hagerstown, MD",25143
13121007704,"Southwest, Atlanta, GA",25139
26147624000,"Port Huron, MI",25138
12115002723,"North Port, FL",25137
22071000611,"New Aurora, New Orleans, LA",25136
21051950500,"Manchester, KY",25136
1097001800,"Bayview, Mobile, AL",25135
39035111500,"St. Clair - Superior, Cleveland, OH",25134
29095009600,"South Kansas City, Kansas City, MO",25133
48113001600,"Old East Dallas, Dallas, TX",25132
21059000500,"Owensboro, KY",25131
29077003100,"Westside Community Betterment, Springfield, MO",25130
17031817200,"Maywood, IL",25130
25023510900,"Downtown, Brockton, MA",25129
34031181300,"Paterson, NJ",25127
12103022200,"Saint Petersburg, FL",25127
12009060400,"Titusville, FL",25125
13115000600,"Rome, GA",25125
6037232200,"South Los Angeles, Los Angeles, CA",25124
48113011601,"Dallas, TX",25122
40109102600,"Central Oklahoma City, Oklahoma City, OK",25121
37051001902,"Douglas Byrd, Fayetteville, NC",25120
37155960101,"Saint Pauls, NC",25120
17031730700,"South Side, Chicago, IL",25119
37141920501,"Atkinson, NC",25119
40015162100,"Anadarko, OK",25118
34013004900,"Weequahic, Newark, NJ",25118
13179010204,"Allenhurst, GA",25118
13301970400,"Warrenton, GA",25117
39049002730,"Eastmoor, Columbus, OH",25117
13215010608,"Columbus, GA",25116
51700032225,"North Newport News, Newport News, VA",25116
39049009325,"Eastland, Columbus, OH",25114
39061021602,"Mount Healthy, OH",25114
17197882000,"Joliet, IL",25113
45075010500,"Bowman, SC",25112
45051040104,"Little River, SC",25112
6115040301,"Marysville, CA",25111
24510090100,"Ednor Gardens - Lakeside, Baltimore, MD",25109
34013000900,"Lower Roseville, Newark, NJ",25108
22117950300,"Franklinton, LA",25107
54075960102,"Durbin, WV",25106
47037016100,"Wedgewood-Houston, Nashville, TN",25105
36055008100,"Group 14621, Rochester, NY",25104
1073001100,"North Pratt, Birmingham, AL",25104
1097001001,"Georgia Avenue, Mobile, AL",25103
12099001700,"Old Northwood Historic District, West Palm Beach, FL",25102
24510150500,"Burleith-Leighton, Baltimore, MD",25101
1097007102,"Muddy Creek, Theodore, AL",25098
8101001000,"East Side, Pueblo, CO",25097
39035105400,"Brooklyn Centre, Cleveland, OH",25096
36083040500,"Troy, NY",25093
48201331601,"South Acres/ Crestmont Park, Houston, TX",25093
17031460500,"South Chicago, Chicago, IL",25093
26163518500,"Detroit, MI",25091
9009142400,"Fair Haven, New Haven, CT",25089
1073005104,"Glen Iris, Birmingham, AL",25087
12011010305,"Deerfield Beach, FL",25085
22071002402,"Gentilly, New Orleans, LA",25084
37071030902,"Dallas, NC",25080
47037010903,"Village By The Creek, Nashville, TN",25076
40123089200,"Ada, OK",25073
55105000100,"Janesville, WI",25073
48027022200,"Killeen, TX",25071
41029000202,"Medford, OR",25071
26049002600,"Flint, MI",25070
12075970700,"Inglis, FL",25070
48309002302,"Richland Hills, Waco, TX",25069
8101001400,"Mesa Junction, Pueblo, CO",25068
42101027901,"North Philadelphia, Philadelphia, PA",25067
42101011200,"Carroll Park, Philadelphia, PA",25065
17031430700,"South Side, Chicago, IL",25064
36029006701,"Bryant, Buffalo, NY",25063
13251970500,"Sylvania, GA",25063
36047030700,"Kings County, NY",25062
12045960100,"Wewahitchka, FL",25062
48113011103,"Oak Cliff, Dallas, TX",25059
47029920200,"Newport, TN",25059
36047027500,"Kings County, NY",25058
36063021100,"Niagara Falls, NY",25057
13089021913,"Stone Mountain, GA",25057
9009141600,"Dixwell, New Haven, CT",25055
48309001300,"North Waco, Waco, TX",25055
26081003900,"Roosevelt Park, Grand Rapids, MI",25053
29095001000,"Northeast Kansas City, Kansas City, MO",25052
54069000700,"Wheeling, WV",25052
48113010500,"West Dallas, Dallas, TX",25047
37165010102,"Laurinburg, NC",25046
1053970200,"Brewton, AL",25045
37155961900,"Rowland, NC",25043
12075970102,"Bronson, FL",25043
23009966200,"Bernard, Tremont, ME",25042
47063100300,"Morristown, TN",25042
45063020100,"Cayce, SC",25038
32003004713,"Las Vegas, NV",25038
1125010404,"Northport, AL",25036
12011042900,"Melrose Park, Fort Lauderdale, FL",25035
36081026000,"Queens County, NY",25032
37183052102,"Granite Ridge, Raleigh, NC",25032
36005006700,"Bronx County, NY",25030
1123962000,"Alexander City, AL",25030
21071920500,"Wheelwright, KY",25029
6001409100,"Brookfield Village, Oakland, CA",25028
25025080801,"Fenway/Kenmore, Boston, MA",25027
18089010400,"Gary, IN",25026
37057061300,"Lexington, NC",25026
32031001008,"Reno, NV",25025
45091061601,"York, SC",25025
5119002002,"Wakefield, Little Rock, AR",25024
47157003400,"Midtown, Memphis, TN",25024
26163570400,"Inkster, MI",25021
48029110500,"Inner West Side, San Antonio, TX",25020
45019003900,"North Charleston, SC",25019
37195000802,"Wilson, NC",25019
47163040600,"Kingsport, TN",25018
1055001600,"Gadsden, AL",25015
34017005801,"Greenville, Jersey City, NJ",25015
1103000700,"Decatur, AL",25012
29510127600,"Soulard, St. Louis, MO",25011
4019001304,"Keeling, Tucson, AZ",25011
21047201302,"Oak Grove, KY",25009
34007610300,"Cooper Grant, Camden, NJ",25008
17197881200,"Joliet, IL",25007
42003561400,"Pittsburgh, PA",25006
17031430800,"South Side, Chicago, IL",25004
12086000501,"Miami Gardens, FL",25002
13293010500,"Thomaston, GA",25001
39139001500,"Mansfield, OH",25000
37155960503,"Pembroke, NC",24999
13261950800,"De Soto, GA",24998
26035000900,"Harrison, MI",24996
4017942500,"Kayenta, AZ",24995
28105950400,"Starkville, MS",24995
36061018600,"Harlem, New York, NY",24994
26025003300,"Albion, MI",24994
24510260404,"Baltimore Highlands, Baltimore, MD",24993
17031671900,"Englewood, Chicago, IL",24991
42101017000,"North Philadelphia, Philadelphia, PA",24990
37021002000,"Asheville, NC",24990
13135050317,"Peachtree Corners, GA",24990
39151700200,"Canton, OH",24989
48113006001,"Oak Cliff, Dallas, TX",24988
29189210502,"St. Louis, MO",24987
12057000602,"Northwest Tampa, Tampa, FL",24985
13133950200,"Union Point, GA",24985
8041006100,"Colorado Springs, CO",24984
17031611600,"Back of the Yards, Chicago, IL",24983
26163539100,"Eight Mile Wyoming, Detroit, MI",24983
37081011601,"Rainbow/Meadowood, Greensboro, NC",24978
22043020300,"Colfax, LA",24977
34001000100,"Atlantic City, NJ",24976
12079110200,"Greenville, FL",24975
45079011901,"Hopkins, SC",24974
34013010900,"East Orange, NJ",24974
45041002202,"Lake City, SC",24973
34013010600,"East Orange, NJ",24972
32003004602,"North Las Vegas, NV",24971
47095960100,"Tiptonville, TN",24970
39049009334,"Linwood, Columbus, OH",24970
12086000411,"Miami, FL",24969
13009970400,"Milledgeville, GA",24968
37181960800,"Henderson, NC",24967
13027960400,"Quitman, GA",24964
37129010700,"Wilmington Medical Park, Wilmington, NC",24963
48225950400,"Crockett, TX",24962
13021010800,"Macon, GA",24962
36005023900,"Bronx County, NY",24961
17031460600,"South Chicago, Chicago, IL",24960
45079010411,"Columbia, SC",24959
22013970100,"Arcadia, LA",24958
17031250600,"Austin, Chicago, IL",24957
25013811400,"Holyoke, MA",24955
37081010200,"Greensboro, NC",24955
35053978301,"Socorro, NM",24951
34013001700,"Fairmount, Newark, NJ",24949
24510120700,"Remington, Baltimore, MD",24949
11001005001,"Logan Circle, Washington, DC",24946
45079002603,"Rosewood, Columbia, SC",24945
40023967200,"Hugo, OK",24943
37133001500,"Jacksonville, NC",24943
29051020700,"Jefferson City, MO",24942
39049008330,"Hilltop, Columbus, OH",24942
51740212500,"Portsmouth, VA",24937
48303000202,"Jackson-Mahon, Lubbock, TX",24936
45051070300,"Conway, SC",24935
35047957800,"East Las Vegas, Las Vegas, NM",24935
29510108200,"Baden, St. Louis, MO",24935
37183054500,"Southwest Raleigh, Raleigh, NC",24934
12057000300,"Tampa, FL",24932
42101008000,"West Philadelphia, Philadelphia, PA",24932
18089011100,"Gary, IN",24928
34017006700,"Bergen/Lafayette, Jersey City, NJ",24928
45045002001,"Greenville, SC",24926
36109000800,"Ithaca, NY",24925
12093910300,"Okeechobee, FL",24924
12099002900,"West Palm Beach, FL",24924
42091208904,"Pottstown, PA",24923
17031390500,"South Side, Chicago, IL",24923
48201331700,"South Acres/ Crestmont Park, Houston, TX",24920
42133001100,"York, PA",24920
12021011205,"Corkscrew, Immokalee, FL",24919
2020002000,"Spenard, Anchorage, AK",24918
39153503300,"Firestone Park, Akron, OH",24918
12101031006,"Embassy Hills, Port Richey, FL",24918
13273120200,"Dawson, GA",24913
36055007100,"19th Ward, Rochester, NY",24909
4019002300,"Tucson, AZ",24906
22019001400,"Lake Charles, LA",24904
31055004000,"Southeast Omaha, Omaha, NE",24903
55059001100,"Kenosha, WI",24902
37063000200,"Old North Durham, Durham, NC",24902
21117067000,"Covington, KY",24900
45085000100,"Rembert, SC",24900
26163536200,"Detroit, MI",24900
32003004710,"Las Vegas, NV",24898
24510280102,"Gwynn Oak, Baltimore, MD",24897
13185010402,"Valdosta, GA",24895
22127960300,"Winnfield, LA",24893
36029003700,"Schiller Park, Buffalo, NY",24889
18105000401,"Bloomington, IN",24888
18097330804,"Indianapolis, IN",24884
26163540700,"Detroit, MI",24883
48451001800,"San Angelo, TX",24882
28049010901,"Jackson, MS",24881
12011042500,"South Fort Lauderdale, Fort Lauderdale, FL",24880
21121930700,"Bryants Store, KY",24877
42101006300,"Southwest Philadelphia, Philadelphia, PA",24877
12105012410,"Haines City, FL",24877
36047038100,"Kings County, NY",24875
6077002201,"Park, Stockton, CA",24872
36029017000,"Grider, Buffalo, NY",24872
42003561000,"Pittsburgh, PA",24871
17201001200,"Rockford, IL",24871
47037015628,"Antioch, Nashville, TN",24871
36061019600,"East Harlem, New York, NY",24871
36047041100,"Kings County, NY",24867
45031010600,"Hartsville, SC",24867
34023005500,"New Brunswick, NJ",24867
13121003800,"Atlanta University Center, Atlanta, GA",24866
45019002701,"West Ashley, Charleston, SC",24863
22073005800,"West Monroe, LA",24862
11001007409,"Southeast Washington, Washington, DC",24860
22111960400,"Farmerville, LA",24859
21161960200,"Maysville, KY",24859
47091956000,"Shady Valley, TN",24858
18053000700,"Marion, IN",24856
1089002400,"Huntsville, AL",24854
29023950500,"Poplar Bluff, MO",24854
37119001801,"Coliseum Drive, Charlotte, NC",24852
42045404500,"Chester, PA",24849
18167000700,"Graham, Terre Haute, IN",24849
12099008203,"Belle Glade, FL",24848
13089022900,"Midway Woods, Decatur, GA",24847
42101008102,"West Philadelphia, Philadelphia, PA",24847
13033950900,"Midville, GA",24846
1073003600,"Belview Heights, Birmingham, AL",24845
34025807600,"Neptune City, NJ",24845
12009062400,"College Manor, Cocoa, FL",24845
17183000300,"Danville, IL",24844
12099002100,"Roosevelt Estates, West Palm Beach, FL",24843
37071030901,"Dallas, NC",24842
48201531900,"Acres Homes, Houston, TX",24842
48113007815,"Vickery Meadow, Dallas, TX",24840
36013030500,"Jamestown, NY",24840
48181002000,"Sherman, TX",24840
29077000600,"Grant Beach, Springfield, MO",24839
17031817700,"Maywood, IL",24838
37071031500,"Gastonia, NC",24838
17201001100,"Rockford, IL",24837
17031490902,"South Side, Chicago, IL",24837
48441011900,"Original Town South, Abilene, TX",24835
17031829302,"Chicago Heights, IL",24833
24510200701,"Allendale, Baltimore, MD",24833
47075930301,"Brownsville, TN",24833
26163545500,"Detroit, MI",24831
21045950100,"Hustonville, KY",24829
21111005200,"Old Louisville, Louisville, KY",24827
6037236100,"Baldwin Village, Los Angeles, CA",24823
12107950201,"Interlachen, FL",24823
28163950100,"Yazoo City, MS",24822
47093001600,"Knoxville, TN",24822
23001010100,"Auburn, ME",24820
6019000300,"Edison, Fresno, CA",24820
26163513700,"Jefferson Chalmers, Detroit, MI",24819
9009350400,"Waterbury, CT",24819
12086000503,"Opa-locka, FL",24818
36005006200,"Bronx County, NY",24816
34013002800,"West Side, Newark, NJ",24816
39049008230,"Lincoln Park West, Columbus, OH",24815
36111950900,"Oliverea, NY",24814
17031530503,"South Side, Chicago, IL",24812
25025090200,"Dudley / Brunswick King, Boston, MA",24811
37065020800,"Tarboro, NC",24811
48027020701,"Temple, TX",24811
29510124600,"Marine Villa, St. Louis, MO",24809
36005012102,"Bronx County, NY",24806
39139001600,"Mansfield, OH",24804
13153020300,"Warner Robins, GA",24804
51740210600,"Shea Terrace, Portsmouth, VA",24804
51810044806,"Northeast Virginia Beach, Virginia Beach, VA",24803
42101005600,"Southwest Philadelphia, Philadelphia, PA",24802
37155961801,"Rowland, NC",24801
48201230400,"Northeast Houston, Houston, TX",24799
47037013202,"Urbandale Nations, Nashville, TN",24797
39113080100,"Dayton, OH",24796
12117020101,"Sanford, FL",24796
36061020000,"Upper Manhattan, New York, NY",24796
37015960300,"Lewiston Woodville, NC",24796
1089001302,"Huntsville, AL",24794
12131950501,"Freeport, FL",24794
13261950100,"Andersonville, GA",24794
47037011700,"East Nashville, Nashville, TN",24786
48141001800,"Chihuahuita, El Paso, TX",24785
47037012701,"Talbot's Corner, Nashville, TN",24785
48201532200,"Northside, Houston, TX",24785
39151710200,"Alliance, OH",24784
13089023303,"Lithonia, GA",24783
48485010200,"Wichita Falls, TX",24783
13121011100,"Jefferson Park, East Point, GA",24782
39113070102,"Dayton, OH",24782
13275960800,"Thomasville, GA",24781
39049004900,"South Hilltop, Columbus, OH",24781
4017940011,"Pinon, AZ",24780
29189212102,"St. Louis, MO",24780
11001007804,"Lincoln Heights, Washington, DC",24780
17031826600,"Riverdale, IL",24780
26145001900,"Saginaw, MI",24780
36005017500,"Bronx County, NY",24779
25003900100,"Pittsfield, MA",24779
16011940000,"Pocatello, ID",24778
47125101304,"Clarksville, TN",24771
39061010300,"Riverside, Cincinnati, OH",24767
21145030100,"Paducah, KY",24765
12057002200,"Old Seminole Heights, Tampa, FL",24765
40123089100,"Ada, OK",24764
12099005102,"Lake Worth, FL",24762
40133583600,"Wewoka, OK",24756
18097355400,"Bosart Brown, Indianapolis, IN",24755
42077000800,"Jordan Heights, Allentown, PA",24754
18097355600,"Indianapolis, IN",24754
5091020400,"College Hill, Texarkana, AR",24752
12109020300,"St. Augustine, FL",24752
4013114200,"Central City, Phoenix, AZ",24752
48029110900,"Midtown, San Antonio, TX",24751
6001402400,"Oak Center, Oakland, CA",24749
23029955800,"Lubec, ME",24749
12081000105,"Bradenton, FL",24748
36067000501,"Northside, Syracuse, NY",24748
48201211200,"Northside, Houston, TX",24746
13133950100,"Greensboro, GA",24746
17031440201,"South Side, Chicago, IL",24744
11001008410,"Northeast Washington, Washington, DC",24743
26163537600,"Detroit, MI",24741
39145003400,"4th Ward, Portsmouth, OH",24740
36067006101,"Valley, Syracuse, NY",24738
37155960202,"Red Springs, NC",24734
4019004114,"Tucson, AZ",24734
17183000600,"Danville, IL",24734
12103026300,"Clearwater, FL",24732
5103950400,"Camden, AR",24731
21227010300,"Bowling Green, KY",24730
42101006600,"Elmwood, Philadelphia, PA",24730
45075011500,"Orangeburg, SC",24729
34017006800,"Bergen/Lafayette, Jersey City, NJ",24728
5069001901,"Pine Bluff, AR",24727
12107950300,"Hawthorne, FL",24727
6019000700,"Edison, Fresno, CA",24725
13089023505,"Decatur, GA",24723
27123033800,"Summit - University, Saint Paul, MN",24722
37119006109,"Beatties Ford - Trinity, Charlotte, NC",24722
34025807200,"Asbury Park, NJ",24721
24510250102,"Yale Heights, Baltimore, MD",24720
36061022400,"Harlem, New York, NY",24717
12103020302,"Coquina Key, Saint Petersburg, FL",24715
17031450300,"South Side, Chicago, IL",24715
12039020800,"Quincy, FL",24714
18105001101,"Bloomington, IN",24713
17143002100,"Peoria, IL",24712
6001401500,"Clawson, Oakland, CA",24709
39093071000,"Elyria, OH",24708
34023009300,"New Brunswick, NJ",24707
13059150500,"Athens, GA",24704
48037010700,"Texarkana, TX",24703
54047954503,"Welch, WV",24702
45045001205,"Greenville, SC",24700
47163040500,"Kingsport, TN",24699
26163510500,"Hamtramck, MI",24697
39113000500,"Fairview, Dayton, OH",24696
34013010800,"East Orange, NJ",24690
42011002200,"Reading, PA",24689
55105001800,"Beloit, WI",24687
22071001200,"Bywater, New Orleans, LA",24686
36047027900,"Kings County, NY",24684
37171930201,"Mount Airy, NC",24684
45053950202,"Ridgeland, SC",24680
40031000800,"Lawton, OK",24675
45059920700,"Clinton, SC",24674
12117020201,"Sanford, FL",24672
21227010100,"Bowling Green, KY",24671
5069000900,"Pine Bluff, AR",24670
12073002603,"Tallahassee, FL",24669
18089012300,"Gary, IN",24668
34013011200,"East Orange, NJ",24666
12095014609,"Southwest Orlando, Orlando, FL",24665
9009140600,"The Hill, New Haven, CT",24662
55079006000,"Uptown, Milwaukee, WI",24661
55079012300,"Martin Drive, Milwaukee, WI",24655
45091060402,"Rock Hill, SC",24653
36005002000,"Bronx County, NY",24650
36047003500,"Kings County, NY",24647
31055006101,"North Omaha, Omaha, NE",24646
15007940000,"Anahola, HI",24644
28089031000,"Camden, MS",24644
11001007504,"Historic Anacostia, Washington, DC",24643
28049010201,"Jackson, MS",24641
39095002000,"Toledo, OH",24640
26025002600,"Springfield, MI",24639
48201533000,"Acres Homes, Houston, TX",24638
39139000800,"Mansfield, OH",24638
37155961000,"Lumberton, NC",24637
17031827000,"Harvey, IL",24637
17143001800,"Peoria, IL",24636
39153507500,"Merriman Valley, Akron, OH",24635
42101008200,"Angora, Philadelphia, PA",24631
22071006400,"Mid-City, New Orleans, LA",24631
42049001400,"Erie, PA",24627
37051002002,"Douglas Byrd, Fayetteville, NC",24627
36055003200,"South Wedge, Rochester, NY",24626
26163541000,"Detroit, MI",24625
22071003307,"Dillard University, New Orleans, LA",24624
6077002503,"Seaport, Stockton, CA",24621
48231960600,"Commerce, TX",24618
45085000700,"Sumter, SC",24618
47157009901,"Frayser, Memphis, TN",24618
40019892800,"Ardmore, OK",24616
55025001605,"Madison, WI",24614
26163546800,"Franklin Park, Detroit, MI",24614
47157022024,"Whitehaven, Memphis, TN",24612
26163542200,"Grandmont - Rosedale, Detroit, MI",24612
1089000502,"Huntsville, AL",24611
17003957700,"Thebes, IL",24610
36061023400,"Harlem, New York, NY",24609
36061020800,"Harlem, New York, NY",24609
21237930200,"Campton, KY",24609
11001008904,"Carver / Langston, Washington, DC",24605
36087011505,"Spring Valley, NY",24604
36061025900,"Harlem, New York, NY",24603
12037970200,"Eastpoint, FL",24596
34033022000,"Salem, NJ",24595
13317010101,"Tignall, GA",24594
48245002100,"Beaumont, TX",24594
48439106101,"Echo Heights, Fort Worth, TX",24593
51680000203,"Lynchburg College, Lynchburg, VA",24592
39141956500,"Chillicothe, OH",24588
26125140900,"Pontiac, MI",24585
8031004102,"East, Denver, CO",24584
51700032212,"North Newport News, Newport News, VA",24584
12061050401,"Vero Beach, FL",24584
40143004600,"Tulsa, OK",24581
39113000801,"Hillcrest, Dayton, OH",24581
39061010004,"Westwood, Cincinnati, OH",24580
13239960300,"Georgetown, GA",24579
36061022800,"Harlem, New York, NY",24579
45041002600,"Timmonsville, SC",24578
36047035700,"Kings County, NY",24578
18003011303,"Fort Wayne, IN",24578
40143001200,"Crutchfield, Tulsa, OK",24577
55079012200,"Midtown, Milwaukee, WI",24577
37155960701,"Lumberton, NC",24575
11001009907,"Southeast Washington, Washington, DC",24572
29031880900,"Cape Girardeau, MO",24571
22071001746,"Little Woods, New Orleans, LA",24571
19163011400,"Davenport, IA",24571
26081002600,"Roosevelt Park, Grand Rapids, MI",24571
37119001507,"Oak Forest, Charlotte, NC",24571
21049020201,"Winchester, KY",24570
28003950500,"Corinth, MS",24566
36019101600,"Plattsburgh, NY",24565
55079013400,"Merrill Park, Milwaukee, WI",24564
29021001100,"Saint Joseph, MO",24563
4021001406,"Casa Grande, AZ",24563
48037010800,"Texarkana, TX",24562
22071007800,"Lower Garden District, New Orleans, LA",24561
39151702500,"Canton, OH",24561
47131965600,"Union City, TN",24560
37159050202,"Salisbury, NC",24560
13245010710,"Augusta, GA",24559
13127000504,"Brunswick, GA",24554
17031430200,"South Shore, Chicago, IL",24554
12047960300,"White Springs, FL",24552
39155933800,"Warren, OH",24552
42101028300,"Logan/ Ogontz/ Fern Rock, Philadelphia, PA",24551
24510280302,"West Forest Park, Baltimore, MD",24550
5037950500,"Wynne, AR",24550
36047053300,"Kings County, NY",24549
12127081200,"Seabreeze Historic District, Daytona Beach, FL",24549
37019020505,"Shallotte, NC",24549
36081002500,"Queens County, NY",24548
29510124300,"Benton Park, St. Louis, MO",24546
17019000700,"Champaign, IL",24546
29510125600,"Downtown, St. Louis, MO",24546
24019970600,"Cambridge, MD",24544
34017004400,"Bergen/Lafayette, Jersey City, NJ",24544
18095001000,"Anderson, IN",24544
26163517000,"Lafayette Park, Detroit, MI",24540
12057013703,"Greater Palm River Point CDC, Riverview, FL",24536
22051026800,"Marrero, LA",24535
6007000604,"Chico, CA",24534
18163001500,"Bellemeade Bayard Park, Evansville, IN",24533
27053007700,"Minneapolis, MN",24533
37153971100,"Hamlet, NC",24532
20061000100,"Junction City, KS",24532
29133950200,"Charleston, MO",24532
34007601102,"Rosedale, Camden, NJ",24530
36061019400,"East Harlem, New York, NY",24528
36005002702,"Bronx County, NY",24528
24045000100,"Salisbury, MD",24528
39035102800,"Clark - Fulton, Cleveland, OH",24527
36047113400,"Kings County, NY",24527
13255160900,"Griffin, GA",24525
13095011200,"Albany, GA",24524
13121010510,"Union City, GA",24524
37067000200,"Winston-Salem, NC",24523
21111003600,"Taylor Berry, Louisville, KY",24522
17031490400,"Roseland, Chicago, IL",24522
2290000400,"Yukon-Koyukuk County, AK",24521
28151002000,"Hollandale, MS",24521
36061021400,"Upper Manhattan, New York, NY",24521
47157022322,"Whitehaven, Memphis, TN",24521
36061020102,"Harlem, New York, NY",24521
28119950200,"Marks, MS",24520
26163539200,"Detroit, MI",24516
13063040415,"Jonesboro, GA",24516
4013109003,"Alhambra, Phoenix, AZ",24513
40143005900,"Tulsa, OK",24511
37119001300,"Plaza-Shamrock, Charlotte, NC",24509
12086000212,"North Miami Beach, FL",24508
17031530502,"South Side, Chicago, IL",24507
48201233600,"Clinton Park Tri-Community, Houston, TX",24507
29189215700,"University City, MO",24506
48453002108,"East MLK, Austin, TX",24504
21119960200,"Emmalena, KY",24503
35031943901,"Gallup, NM",24502
23019000600,"Bangor, ME",24500
45033970200,"Dillon, SC",24499
36005021100,"Bronx County, NY",24499
12107950700,"Palatka, FL",24498
20209041300,"Northwest, Kansas City, KS",24495
39035140301,"Cleveland Heights, OH",24493
22051025500,"Gretna, LA",24493
42101026700,"North Philadelphia, Philadelphia, PA",24491
26021020500,"Niles, MI",24489
40051000100,"Chickasha, OK",24487
6037600100,"South Los Angeles, Los Angeles, CA",24487
24510210200,"Pigtown, Baltimore, MD",24485
17031833000,"Near West Side, Chicago, IL",24484
26163566400,"Wayne, MI",24484
42043020300,"Midtown, Harrisburg, PA",24482
55079014900,"Avenues West, Milwaukee, WI",24482
55079002700,"Wahl Park, Milwaukee, WI",24473
34001012200,"Pleasantville, NJ",24473
17019000901,"Champaign, IL",24472
36047098200,"Kings County, NY",24472
34031183200,"Paterson, NJ",24471
28081950700,"Tupelo, MS",24469
5119004108,"Little Rock, AR",24468
36027221100,"Poughkeepsie, NY",24468
18039002700,"Elkhart, IN",24468
12099005810,"Boynton Beach, FL",24467
37119005401,"Hamilton Circle, Charlotte, NC",24465
18053000800,"Marion, IN",24463
12057003700,"Tampa, FL",24462
42101001400,"Graduate Hospital, Philadelphia, PA",24457
26065000800,"Lansing, MI",24454
11001009904,"Marshall Heights, Washington, DC",24454
48201530400,"Independence Heights, Houston, TX",24453
42039111600,"Meadville, PA",24452
22055000700,"Lafayette, LA",24452
13009970100,"Milledgeville, GA",24450
48405950200,"San Augustine, TX",24449
1087231601,"Tuskegee, AL",24447
37119001504,"Shannon Park, Charlotte, NC",24447
36061024301,"Upper Manhattan, New York, NY",24446
18097390900,"Kennedy King, Indianapolis, IN",24445
5099090100,"Prescott, AR",24442
6093000500,"Seiad Valley, CA",24441
42101024200,"Germantown, Philadelphia, PA",24440
41039004200,"Western, Eugene, OR",24440
40141070200,"Tipton, OK",24438
28083950100,"Schlater, MS",24437
22105954300,"Hammond, LA",24429
13121007400,"Hammond Park, Atlanta, GA",24429
36005006000,"Bronx County, NY",24428
40111000200,"Okmulgee, OK",24426
22071008200,"Lower Garden District, New Orleans, LA",24422
1073003001,"Bush Hills, Birmingham, AL",24422
37045950500,"Kings Mountain, NC",24422
40109104200,"Central Oklahoma City, Oklahoma City, OK",24421
48201422200,"Greater Fondren Southwest, Houston, TX",24416
4015950703,"Kingman, AZ",24415
8101000800,"East Side, Pueblo, CO",24415
51650011800,"Wythe, Hampton, VA",24415
28071950402,"Oxford, MS",24413
13127000900,"Brunswick, GA",24413
45039960400,"Winnsboro, SC",24412
17031710400,"South Side, Chicago, IL",24411
13067031310,"Austell, GA",24409
37021000100,"Downtown, Asheville, NC",24409
20209045100,"Rosedale, Kansas City, KS",24407
18097342600,"West Indianapolis, Indianapolis, IN",24407
45045002003,"Greenville, SC",24404
36063020900,"Niagara Falls, NY",24401
48113013011,"Highland Meadows, Dallas, TX",24401
35051962300,"Truth or Consequences, NM",24400
12039020102,"Havana, FL",24399
37119000700,"Optimist Park, Charlotte, NC",24398
1101001600,"Highland Park, Montgomery, AL",24396
48245002400,"Beaumont, TX",24393
40101000300,"Muskogee, OK",24392
8101002000,"Bessemer, Pueblo, CO",24392
6037240800,"South Los Angeles, Los Angeles, CA",24387
37057061500,"Lexington, NC",24386
24510260301,"Belair - Edison, Baltimore, MD",24385
48245006300,"Port Arthur, TX",24383
27053005901,"Central Minneapolis, Minneapolis, MN",24382
17031430102,"South Shore, Chicago, IL",24381
47125100100,"Clarksville, TN",24379
12095012202,"Orlando, FL",24379
28001000800,"Natchez, MS",24378
20209040600,"Northwest, Kansas City, KS",24374
17031660900,"Chicago Lawn, Chicago, IL",24370
48201312900,"MacGregor, Houston, TX",24369
29095002300,"East Community Team North, Kansas City, MO",24369
45045002302,"Greenville, SC",24367
26125160300,"Southfield, MI",24366
11001007407,"Barry Farm, Washington, DC",24363
6037242600,"South Los Angeles, Los Angeles, CA",24359
44007000400,"Upper South Providence, Providence, RI",24358
11001007503,"Historic Anacostia, Washington, DC",24358
37051002402,"Fayetteville, NC",24356
36005021301,"Bronx County, NY",24356
36005002300,"Bronx County, NY",24355
37051003305,"Westover, Fayetteville, NC",24355
26163513300,"Jefferson Chalmers, Detroit, MI",24352
37165010500,"Gibson, NC",24350
26163538900,"Detroit, MI",24350
48245000700,"Beaumont, TX",24348
17143001600,"Peoria, IL",24348
34013002400,"Lower Vailsburg, Newark, NJ",24347
22055001100,"Lafayette, LA",24347
13021011701,"Macon, GA",24345
48203020402,"Marshall, TX",24345
17163502603,"Cahokia, IL",24344
12011060302,"Lauderhill, FL",24342
8101002100,"Bessemer, Pueblo, CO",24339
12105011204,"Lakeland, FL",24338
42101019700,"Hunting Park, Philadelphia, PA",24337
17031730400,"South Side, Chicago, IL",24334
35001000903,"South San Pedro, Albuquerque, NM",24333
6037238000,"South Los Angeles, Los Angeles, CA",24332
12015010302,"Punta Gorda, FL",24332
51087200804,"Richmond, VA",24330
36047034700,"Kings County, NY",24329
26049001900,"Flint, MI",24329
34013023100,"West Side, Newark, NJ",24329
6037600303,"South Los Angeles, Los Angeles, CA",24327
36047020500,"Kings County, NY",24325
45089970700,"Greeleyville, SC",24325
13089023309,"Lithonia, GA",24324
45079012000,"Eastover, SC",24322
37001020200,"Burlington, NC",24321
4005944900,"Tuba City, AZ",24320
36047008500,"Kings County, NY",24320
47157022130,"Whitehaven, Memphis, TN",24320
22071000613,"Tall Timbers - Brechtel, New Orleans, LA",24319
45015020404,"Wando, SC",24318
48183001400,"Longview, TX",24315
39035117202,"Waterloo Arts District, Cleveland, OH",24314
8083941100,"Cortez, CO",24313
4019004067,"Tucson, AZ",24312
17031252201,"Austin, Chicago, IL",24310
48201230700,"Northside, Houston, TX",24309
37031970603,"Newport, NC",24309
12011030202,"Pompano Beach, FL",24307
47059090100,"Greeneville, TN",24306
45011970200,"Blackville, SC",24301
22071013000,"Uptown/Carrollton, New Orleans, LA",24300
37071033400,"Gastonia, NC",24299
22071001720,"New Orleans East Area, New Orleans, LA",24293
13309780200,"Alamo, GA",24289
1101003100,"Montgomery, AL",24289
34013009200,"Mount Pleasant/Lower Broadway, Newark, NJ",24289
26163506700,"Detroit, MI",24286
40109108309,"Northwest Oklahoma City, Oklahoma City, OK",24285
13021013102,"Macon, GA",24283
35035000500,"Alamogordo, NM",24282
45067950100,"Marion, SC",24281
12103025800,"Clearwater, FL",24281
48245002000,"Beaumont, TX",24280
11001009801,"Southeast Washington, Washington, DC",24277
48201313400,"Southeast Houston, Houston, TX",24273
48439104602,"Glencrest, Fort Worth, TX",24272
34013003100,"Springfield/Belmont, Newark, NJ",24272
1015001300,"Anniston, AL",24272
21111012801,"Louisville, KY",24271
17031250200,"Austin, Chicago, IL",24271
48201231000,"East Houston, Houston, TX",24270
28049003400,"Alta Woods, Jackson, MS",24270
18095001700,"Anderson, IN",24267
37031970302,"Beaufort, NC",24267
12101031703,"Moon Lake Estates, New Port Richey, FL",24267
51049930200,"Farmville, VA",24266
51760070900,"South Richmond, Richmond, VA",24266
39153504500,"South Akron, Akron, OH",24265
36055009400,"Central Business District, Rochester, NY",24265
27053002700,"Willard-Hay, Minneapolis, MN",24262
48203020401,"Marshall, TX",24260
13121010604,"Atlanta, GA",24259
48439105902,"Fort Worth, TX",24259
26077001000,"Edison, Kalamazoo, MI",24258
42071001000,"Lancaster, PA",24258
42101007300,"Southwest Philadelphia, Philadelphia, PA",24258
48113002200,"Old East Dallas, Dallas, TX",24257
18065976500,"New Castle, IN",24254
44007001100,"Federal Hill, Providence, RI",24254
1127020400,"Jasper, AL",24254
6037238100,"South Los Angeles, Los Angeles, CA",24248
42101024800,"East Germantown, Philadelphia, PA",24248
18097357400,"Indianapolis, IN",24247
47157003600,"Midtown, Memphis, TN",24245
5069001401,"Pine Bluff, AR",24245
26163517100,"Lafayette Park, Detroit, MI",24243
12103028300,"Gulfport, FL",24243
40109103900,"Central Oklahoma City, Oklahoma City, OK",24241
36015000100,"Elmira, NY",24241
2185000200,"North Slope County, AK",24238
12081000604,"Bradenton, FL",24238
54011000900,"Huntington, WV",24238
12099005202,"Lake Worth, FL",24236
24510271002,"Winston - Govans, Baltimore, MD",24235
12105011400,"Lakeland, FL",24235
26017280700,"Bay City, MI",24235
4027011406,"San Luis, AZ",24234
12037970304,"Eastpoint, FL",24234
26163501000,"Detroit, MI",24234
17031843300,"Douglas Park, Chicago, IL",24233
25013801401,"Bay, Springfield, MA",24232
29510124100,"Gravois Park, St. Louis, MO",24230
10003001500,"Cool Spring, Wilmington, DE",24230
48201310200,"East Downtown, Houston, TX",24230
45075010700,"Orangeburg, SC",24229
48041000400,"Bryan, TX",24229
39035121500,"Corlett, Cleveland, OH",24228
54061010102,"Morgantown, WV",24227
39035188104,"Warrensville Heights, OH",24225
11001009102,"Brentwood, Washington, DC",24223
4019003702,"Tucson, AZ",24219
37025041901,"Concord, NC",24216
42011001300,"Reading, PA",24214
27053106000,"Phillips, Minneapolis, MN",24213
39035140702,"Cleveland Heights, OH",24213
11001003500,"Northwest Washington, Washington, DC",24211
17031711000,"Auburn Gresham, Chicago, IL",24210
9001074400,"East End, Bridgeport, CT",24209
24510120600,"Old Goucher, Baltimore, MD",24207
22025000200,"Jonesville, LA",24207
17031250300,"Austin, Chicago, IL",24205
6037600202,"South Los Angeles, Los Angeles, CA",24204
18091040900,"Michigan City, IN",24203
18097352600,"Indianapolis, IN",24202
13093970200,"Vienna, GA",24200
12033003201,"Northwest Pensacola, Pensacola, FL",24199
17031251400,"Austin, Chicago, IL",24199
26163538300,"Detroit, MI",24199
12057002900,"Tampa Heights, Tampa, FL",24196
34013005000,"South Broad Street, Newark, NJ",24196
29095003400,"East Community Team South, Kansas City, MO",24192
12057010817,"Cross Fletcher, Tampa, FL",24191
12086010011,"Miami Gardens, FL",24190
44007000500,"Lower South Providence, Providence, RI",24190
39095001100,"Lagrange, Toledo, OH",24187
29189210501,"St. Louis, MO",24187
48313000100,"Midway, TX",24186
22033000400,"Mid City North, Baton Rouge, LA",24185
21121930300,"Gray, KY",24183
31055005400,"North Omaha, Omaha, NE",24183
13189950200,"Thomson, GA",24183
25025090901,"Dorchester, Boston, MA",24179
39035101300,"Edgewater, Cleveland, OH",24178
6023940000,"Hoopa, CA",24177
22071009600,"East Riverside, New Orleans, LA",24176
17031827300,"Harvey, IL",24176
18097360101,"Indianapolis, IN",24175
17143000600,"Peoria, IL",24174
26163539500,"Detroit, MI",24172
36047025901,"Kings County, NY",24172
34017005500,"Greenville, Jersey City, NJ",24169
40125500200,"Shawnee, OK",24168
34031182301,"Paterson, NJ",24168
12086010001,"Miami Gardens, FL",24166
35001002000,"Santa Barbara-Martineztown, Albuquerque, NM",24164
24510030200,"Little Italy, Baltimore, MD",24161
37083930501,"Roanoke Rapids, NC",24161
13059140400,"Athens, GA",24159
42043021100,"Harrisburg, PA",24159
13121008800,"Bolton, Atlanta, GA",24159
12071040302,"Sunshine, Lehigh Acres, FL",24157
17031730201,"South Side, Chicago, IL",24156
29029950700,"Roach, MO",24156
17031711100,"South Side, Chicago, IL",24156
39049009323,"Leawood, Columbus, OH",24155
45009960300,"Olar, SC",24154
36061023000,"Harlem, New York, NY",24153
21189930100,"Booneville, KY",24152
4005945000,"Tuba City, AZ",24151
39081000400,"La Belle, Steubenville, OH",24151
39035183603,"Shaker Heights, OH",24147
12097040801,"Davenport, FL",24146
26163538500,"Bagley, Detroit, MI",24144
39081001300,"Steubenville, OH",24142
24510130400,"Woodbrook, Baltimore, MD",24140
4013115300,"South Mountain Village, Phoenix, AZ",24140
37081010300,"Greensboro, NC",24140
36047036300,"Kings County, NY",24134
12081000106,"Bradenton, FL",24133
34007602000,"Fairview, Camden, NJ",24133
28157950200,"Woodville, MS",24133
45051030102,"Longs, SC",24132
13205090500,"Pelham, GA",24130
51710006400,"Ingleside, Norfolk, VA",24129
48439106516,"Woodhaven, Fort Worth, TX",24127
37051000800,"Terry Sanford, Fayetteville, NC",24126
47037019200,"East Nashville, Nashville, TN",24125
5069001502,"Pine Bluff, AR",24122
4019000800,"Santa Rita Park, Tucson, AZ",24116
25013801200,"Metro Center, Springfield, MA",24116
36005005300,"Bronx County, NY",24114
51760070601,"South Richmond, Richmond, VA",24114
40143003400,"Tulsa, OK",24113
18089011200,"Gary, IN",24110
39139000400,"Mansfield, OH",24110
30085940002,"Poplar, MT",24105
53073940000,"Bellingham, WA",24104
35047957500,"Las Vegas, NM",24101
51760070801,"Piney Knolls, Richmond, VA",24100
39035103100,"Detroit - Shoreway, Cleveland, OH",24095
12105012002,"Lakeland, FL",24094
5035030302,"West Memphis, AR",24091
21037050600,"Newport, KY",24090
12086011403,"Florida City, FL",24088
48309002700,"Heart of Texas, Waco, TX",24088
13063040303,"Forest Park, GA",24088
45091060502,"Rock Hill, SC",24087
45071950201,"Newberry, SC",24087
13263960300,"Box Springs, GA",24085
13121010601,"College Park, GA",24085
1055000900,"Gadsden, AL",24084
9003500300,"South Green, Hartford, CT",24083
13087970300,"Bainbridge, GA",24083
21231920300,"Monticello, KY",24077
45051050900,"Myrtle Beach, SC",24073
29510117200,"Shaw, St. Louis, MO",24072
45021970302,"Gaffney, SC",24070
35049940900,"Española, NM",24070
39153508399,"Kenmore, Akron, OH",24069
22061960300,"Grambling, LA",24067
12031011000,"Northside, Jacksonville, FL",24066
12095012000,"Orlando, FL",24064
36047091200,"Kings County, NY",24061
39049002770,"Eastmoor, Columbus, OH",24060
17031530300,"South Side, Chicago, IL",24055
36005036902,"Bronx County, NY",24055
54045956900,"Logan, WV",24054
12086000409,"Miami, FL",24054
21067001500,"Meadows/Loudon, Lexington, KY",24054
22079012100,"Alexandria, LA",24054
22019001500,"Lake Charles, LA",24051
12057013503,"Greater Palm River Point CDC, Tampa, FL",24049
18035000500,"Muncie, IN",24048
45079011800,"Hopkins, SC",24047
51680001400,"Liberty University, Lynchburg, VA",24045
42101010100,"Carroll Park, Philadelphia, PA",24041
28065950100,"Prentiss, MS",24039
29189211900,"St. Louis, MO",24038
13089023422,"Decatur, GA",24037
36047090600,"Kings County, NY",24034
13245010708,"South Augusta, Hephzibah, GA",24032
48439106102,"Fort Worth, TX",24030
45079011607,"Columbia, SC",24030
39049008710,"Deshler Park, Columbus, OH",24027
51710003100,"Fairmont Park, Norfolk, VA",24027
39153510100,"Barberton, OH",24026
42091203901,"Norristown, PA",24023
24510150701,"Hanlon Longwood, Baltimore, MD",24022
17161023500,"Longview, Rock Island, IL",24019
12033003000,"Northwest Pensacola, Pensacola, FL",24019
29095016100,"18th And Vine And Downtown East, Kansas City, MO",24019
18163001900,"STAR, Evansville, IN",24018
45019002702,"West Ashley, Charleston, SC",24018
42003512900,"Braddock, PA",24011
21093000500,"Radcliff, KY",24007
12011010702,"Pompano Beach, FL",24006
51087201003,"Richmond, VA",24001
26125141500,"Pontiac, MI",24001
12057014010,"Sun City Center, FL",24001
42101028400,"North Philadelphia, Philadelphia, PA",24000
1103000400,"Decatur, AL",24000
5119003606,"Jacksonville, AR",23999
12005002200,"Panama City, FL",23999
39061010002,"Westwood, Cincinnati, OH",23999
12011030302,"Pompano Beach, FL",23999
1089002200,"Huntsville, AL",23996
48485011400,"Wichita Falls, TX",23996
28051950400,"Lexington, MS",23995
1045020700,"Ozark, AL",23995
32003000201,"Las Vegas, NV",23993
34007601300,"Marlton, Camden, NJ",23993
39113000600,"Dayton, OH",23993
36093021400,"Mount Pleasant, Schenectady, NY",23991
48041000500,"Bryan, TX",23990
45061920100,"Bishopville, SC",23990
12095015901,"Winter Park, FL",23990
18097390700,"Hawthorne, Indianapolis, IN",23989
42085033200,"Sharon, PA",23982
39113001100,"North Riverdale, Dayton, OH",23982
28027950500,"Clarksdale, MS",23977
40013796400,"Durant, OK",23976
13059130300,"Athens, GA",23975
8041002800,"Southeast Colorado Springs, Colorado Springs, CO",23975
25013801902,"Six Corners, Springfield, MA",23975
1097002200,"Woodlawn, Mobile, AL",23974
1127021600,"Quinton, AL",23973
12086000903,"Miami, FL",23971
29510127000,"North Riverfront, St. Louis, MO",23969
36061017402,"East Harlem, New York, NY",23967
1087231500,"Notasulga, AL",23966
21151010300,"Richmond, KY",23965
24510151000,"Dorchester, Baltimore, MD",23964
45003021400,"Aiken, SC",23964
13089022007,"Clarkston, GA",23962
36047028502,"Kings County, NY",23962
24510080500,"Darley Park, Baltimore, MD",23960
48029131100,"East Side, San Antonio, TX",23959
12071001101,"Fort Myers, FL",23958
42043021500,"Harrisburg, PA",23956
12011060402,"Lauderhill, FL",23956
12086002502,"Allapattah, Miami, FL",23955
12031011200,"Lake Forest Hills, Jacksonville, FL",23952
9003502800,"Frog Hollow, Hartford, CT",23949
37181960900,"Henderson, NC",23949
5123960100,"Heth, AR",23948
26135970500,"Mio, MI",23944
36055004800,"Group 14621, Rochester, NY",23944
39035188103,"Warrensville Heights, OH",23944
29510119200,"Central West End, St. Louis, MO",23942
37133001102,"Jacksonville, NC",23942
12081000305,"Bradenton, FL",23942
42101007000,"Southwest Philadelphia, Philadelphia, PA",23941
48485011100,"Wichita Falls, TX",23940
39061026600,"Dayton, OH",23939
13075960200,"Adel, GA",23938
48361020200,"Orange, TX",23935
18089020800,"Hammond, IN",23933
51830370200,"Williamsburg, VA",23932
26081003700,"Garfield Park, Grand Rapids, MI",23932
37063000101,"Durham, NC",23932
12127080901,"Flomich Garden Holly Hill, Daytona Beach, FL",23932
36061023200,"Harlem, New York, NY",23931
26163501900,"Morningside, Detroit, MI",23930
22073011100,"West Monroe, LA",23926
17201002700,"Rockford, IL",23925
26163524800,"Boynton, Detroit, MI",23924
39151710500,"Alliance, OH",23924
36037940100,"Basom, NY",23922
35001001400,"Barelas, Albuquerque, NM",23921
24510070100,"Baltimore, MD",23921
26145001300,"Saginaw, MI",23921
36005014900,"Bronx County, NY",23919
20045000300,"Lawrence, KS",23919
40109104000,"Central Oklahoma City, Oklahoma City, OK",23918
45053950100,"Pineland, SC",23918
37051003500,"Pine Forest, Spring Lake, NC",23917
45019003104,"North Charleston, SC",23916
45075010400,"Elloree, SC",23915
51081880200,"Skippers, VA",23915
13121007703,"Atlanta, GA",23913
12061050402,"Vero Beach, FL",23913
47163040200,"Kingsport, TN",23912
13275960700,"Thomasville, GA",23911
39017013000,"Middletown, OH",23909
36055000200,"Edgerton, Rochester, NY",23908
37183052001,"East Raleigh, Raleigh, NC",23907
39153501100,"Elizabeth Park Valley, Akron, OH",23907
9003501700,"Clay Arsenal, Hartford, CT",23903
48245000600,"Beaumont, TX",23903
39049006000,"South Columbus, Columbus, OH",23902
26125172500,"Ferndale, MI",23901
36061021600,"Harlem, New York, NY",23900
48245005400,"Port Arthur, TX",23900
17031460302,"South Chicago, Chicago, IL",23899
36061021500,"Harlem, New York, NY",23898
48201220800,"Northeast Houston, Houston, TX",23897
24510090500,"Better Waverly, Baltimore, MD",23896
47163042701,"Bristol, TN",23895
21111012701,"Louisville, KY",23890
13021013201,"Macon, GA",23889
13089023421,"Decatur, GA",23889
11001010900,"Southwest Washington, Washington, DC",23884
17031730500,"South Side, Chicago, IL",23883
28087001000,"Columbus, MS",23882
26121000601,"Nelson, Muskegon, MI",23880
39119912100,"Zanesville, OH",23879
55079004100,"Lincoln Creek, Milwaukee, WI",23876
12031017100,"Five Points, Jacksonville, FL",23874
1055000200,"Gadsden, AL",23870
12057000902,"Temple Crest, Tampa, FL",23870
48245001700,"Beaumont, TX",23869
13175950800,"Dublin, GA",23867
26075001300,"Jackson, MI",23865
28133950100,"Drew, MS",23865
9009141500,"Newhallville, New Haven, CT",23864
22073000402,"Monroe, LA",23863
6037235202,"Park Mesa Heights, Los Angeles, CA",23863
12001001902,"Gainesville, FL",23861
48201530300,"Independence Heights, Houston, TX",23861
37187950200,"Plymouth, NC",23860
26049003100,"Flint, MI",23857
39023000500,"Florenceville, Springfield, OH",23856
13089023428,"Lithonia, GA",23855
13087970800,"Attapulgus, GA",23853
37191000601,"Dudley, Brogden, NC",23852
17031421200,"Park Manor, Chicago, IL",23850
47179060900,"Johnson City, TN",23850
12086000404,"Miami, FL",23848
51800065400,"Suffolk, VA",23847
24510260402,"Frankford, Baltimore, MD",23846
48113010902,"Oak Cliff, Dallas, TX",23846
5119002700,"North Little Rock, AR",23846
45079010501,"Columbia, SC",23845
55079186300,"Westown, Milwaukee, WI",23843
39049008720,"Edgewood, Columbus, OH",23843
11001009906,"Marshall Heights, Washington, DC",23841
21111003500,"Algonquin, Louisville, KY",23841
13185011402,"Valdosta, GA",23840
19163010600,"Davenport, IA",23838
36029007102,"Columbus, Buffalo, NY",23836
39049004300,"Grandview South, Columbus, OH",23835
47145030500,"Rockwood, TN",23835
17031710800,"Auburn Gresham, Chicago, IL",23832
39151701500,"Canton, OH",23831
55079014600,"Avenues West, Milwaukee, WI",23822
47069950400,"Bolivar, TN",23821
17031420300,"South Side, Chicago, IL",23819
4019001200,"El Rio Acres, Tucson, AZ",23818
42049001900,"Little Italy, Erie, PA",23817
40109106301,"Central Oklahoma City, Oklahoma City, OK",23816
34013022700,"South Broad Street, Newark, NJ",23815
37067000100,"Winston-Salem, NC",23814
39049008813,"South Columbus, Columbus, OH",23814
13253200100,"Donalsonville, GA",23813
37051003307,"Seventy-First, Fayetteville, NC",23811
36047038500,"Kings County, NY",23810
51650012000,"Wythe, Hampton, VA",23809
17031839200,"Bronzeville, Chicago, IL",23808
40143000300,"Louisville Heights, Tulsa, OK",23805
34013001000,"University Heights, Newark, NJ",23801
18177000900,"Richmond, IN",23801
32003005703,"Searchlight, NV",23800
48453000901,"Blackshear-Prospect Hill, Austin, TX",23798
21019030200,"Ashland, KY",23796
37051003304,"Westover, Fayetteville, NC",23796
26163507900,"Highland Park, MI",23794
1077011000,"North Florence, Florence, AL",23788
13139000701,"Gainesville, GA",23788
42101025200,"East Germantown, Philadelphia, PA",23786
1001020200,"Prattville, AL",23785
36047030300,"Kings County, NY",23781
55079002300,"Lincoln Park, Milwaukee, WI",23778
47157002500,"Crosstown, Memphis, TN",23778
1073011904,"Pine Knoll Vista, Birmingham, AL",23776
34001001300,"Atlantic City, NJ",23773
35001000603,"La Mesa, Albuquerque, NM",23771
9003501500,"North End, Hartford, CT",23771
21111000900,"Shawnee, Louisville, KY",23769
5131000400,"Fort Smith, AR",23769
13139000800,"Gainesville, GA",23769
39099804200,"North Heights, Youngstown, OH",23766
26143970200,"Saint Helen, Richfield Township, MI",23765
39049005900,"South Columbus, Columbus, OH",23765
22065960200,"Tallulah, LA",23765
22051025700,"Gretna, LA",23765
26081002500,"East Hills, Grand Rapids, MI",23763
34021002200,"Wilbur II, Trenton, NJ",23761
42101008302,"Cobbs Creek, Philadelphia, PA",23761
28085950500,"Brookhaven, MS",23760
42101007101,"Southwest Philadelphia, Philadelphia, PA",23758
18003001600,"Harvester Community, Fort Wayne, IN",23758
12033002803,"Twin Oaks, Pensacola, FL",23752
42011000100,"Reading, PA",23751
22071000603,"Algiers, New Orleans, LA",23751
5119003800,"North Little Rock, AR",23751
12083000100,"Reddick, FL",23749
36005016900,"Bronx County, NY",23748
48113007821,"Vickery Meadow, Dallas, TX",23748
12081001501,"Palmetto, FL",23747
39035103400,"Detroit - Shoreway, Cleveland, OH",23746
28025950200,"Pheba, MS",23745
45019003600,"North Charleston, SC",23744
37119001100,"Chantilly, Charlotte, NC",23743
12083001003,"Dunnellon, FL",23743
26065003602,"Lansing, MI",23741
17143001500,"Averyville, Peoria, IL",23741
11001005900,"Northwest Washington, Washington, DC",23740
48439104605,"Glencrest Civic League, Fort Worth, TX",23740
36005036700,"Bronx County, NY",23739
9009140800,"West River, New Haven, CT",23734
2261000100,"Copper Center, AK",23732
22051027602,"Bridge City, LA",23732
1047957100,"Sardis, AL",23729
29095008000,"Blue Hills, Kansas City, MO",23728
12033002200,"Aero Vista, Pensacola, FL",23726
39049000710,"North Linden, Columbus, OH",23725
18097355100,"Tuxedo Park, Indianapolis, IN",23725
12031011100,"Lake Forest, Jacksonville, FL",23724
36067005100,"Southside, Syracuse, NY",23723
55079014700,"Avenues West, Milwaukee, WI",23723
17031510300,"Jeffrey Manor, Chicago, IL",23722
48183001200,"Longview, TX",23722
22071004500,"Bayou St. John, New Orleans, LA",23720
13193000300,"Oglethorpe, GA",23719
9003524400,"North End, Hartford, CT",23719
22101041600,"Franklin, LA",23718
6037234901,"Park Mesa Heights, Los Angeles, CA",23715
45013001101,"Saint Helena Island, SC",23715
5077470300,"Marianna, AR",23715
18089012600,"Gary, IN",23713
12063210200,"Campbellton, FL",23712
24510150300,"Coppin Heights, Baltimore, MD",23711
48441010400,"Sears Park Area, Abilene, TX",23711
48113010903,"Oak Cliff, Dallas, TX",23706
29077000700,"Midtown, Springfield, MO",23705
47125100200,"Clarksville, TN",23701
42003550900,"McKeesport, PA",23701
42003220600,"Central Northside, Pittsburgh, PA",23700
37001020502,"Burlington, NC",23696
12073002509,"Tallahassee, FL",23695
42129800100,"Arnold, PA",23695
48201211700,"Northside, Houston, TX",23693
12107950400,"Hawthorne, FL",23692
37051001400,"Cape Fear, Fayetteville, NC",23692
39035121800,"Lee - Miles, Cleveland, OH",23692
51710001600,"Titustown, Norfolk, VA",23687
36027220100,"Poughkeepsie, NY",23687
2090001700,"Salcha, AK",23684
13063040519,"Atlanta, GA",23683
30013000800,"Great Falls, MT",23682
24510090400,"Better Waverly, Baltimore, MD",23682
24510060200,"Baltimore, MD",23680
36029016400,"South Ellicott, Buffalo, NY",23678
12127082903,"New Smyrna Beach, FL",23676
17115000200,"Decatur, IL",23676
13215010702,"Columbus, GA",23672
39151700300,"Canton, OH",23668
37081014501,"High Point, NC",23667
5073470100,"Lafayette County, AR",23666
42101014600,"North Philadelphia, Philadelphia, PA",23665
55079003900,"Roosevelt Grove, Milwaukee, WI",23664
51087201002,"Richmond, VA",23664
5059020200,"Malvern, AR",23664
11001007406,"Southeast Washington, Washington, DC",23663
17031251300,"South Austin, Chicago, IL",23663
12131950400,"Ponce de Leon, FL",23661
39095003000,"Toledo, OH",23661
12057013505,"Greater Palm River Point CDC, Tampa, FL",23656
42003111400,"Garfield, Pittsburgh, PA",23653
18163001700,"Evansville, IN",23650
17201002800,"Rockford, IL",23650
55105001500,"Beloit, WI",23645
17031821500,"Riverdale, IL",23643
26163542600,"Detroit, MI",23643
26025000600,"Battle Creek, MI",23639
29189213600,"St. Louis, MO",23637
5035030807,"Clarkedale, AR",23633
36029004401,"Kensington, Buffalo, NY",23631
51690000300,"Martinsville, VA",23631
36047001500,"Kings County, NY",23628
42101019502,"Fairhill, Philadelphia, PA",23627
34013003900,"Springfield/Belmont, Newark, NJ",23627
40143000400,"United Neighborhood of Springdale, Tulsa, OK",23626
12031012100,"Northwest, Jacksonville, FL",23625
36005003300,"Bronx County, NY",23623
35049010203,"Santa Fe, NM",23623
17031490800,"Roseland, Chicago, IL",23621
21037050500,"Newport, KY",23621
47065001400,"Highland Park, Chattanooga, TN",23620
28025950400,"West Point, MS",23620
34013005400,"Upper Clinton Hill, Newark, NJ",23616
13063040518,"Jonesboro, GA",23612
36029007101,"Lakeview, Buffalo, NY",23612
29077000501,"West Central, Springfield, MO",23608
26049001200,"Flint, MI",23608
42003261500,"Perry South, Pittsburgh, PA",23607
35007950500,"Raton, NM",23606
45067950200,"Marion, SC",23604
53063003000,"East Central, Spokane, WA",23603
13121003600,"Castleberry Hill, Atlanta, GA",23594
51650011900,"Wythe, Hampton, VA",23593
12011042700,"South Fort Lauderdale, Fort Lauderdale, FL",23592
12109021002,"St. Augustine, FL",23592
42101008400,"Cobbs Creek, Philadelphia, PA",23590
24510180200,"Poppleton, Baltimore, MD",23589
8031004101,"East, Denver, CO",23588
1109188900,"Troy, AL",23588
12086002201,"Little Haiti, Miami, FL",23587
48113011300,"Dallas, TX",23586
34021002100,"Greenwood & Hamilton, Trenton, NJ",23586
48439105006,"High Crest Addition, Fort Worth, TX",23583
36055005800,"Beechwood, Rochester, NY",23583
37081012705,"Woodmere Park, Greensboro, NC",23583
37093970401,"Lumber Bridge, NC",23578
1097002100,"Navco, Mobile, AL",23578
37191001900,"Goldsboro, NC",23577
13245010508,"Augusta, GA",23577
39049002100,"Victorian Village, Columbus, OH",23573
24510271700,"Central Park Heights, Baltimore, MD",23573
18097356400,"Indianapolis, IN",23571
45025950501,"Cheraw, SC",23569
11001008702,"Eckington, Washington, DC",23567
17163501400,"East Saint Louis, IL",23564
9009140700,"Dwight, New Haven, CT",23562
17031430101,"South Shore, Chicago, IL",23562
24510160801,"Edmondson, Baltimore, MD",23560
21101020300,"Henderson, KY",23560
21111000400,"Shawnee, Louisville, KY",23556
42101008702,"West Philadelphia, Philadelphia, PA",23556
55079002600,"Old North Milwaukee, Milwaukee, WI",23556
1047956300,"Selma, AL",23554
13063040204,"Atlanta, GA",23554
39035104300,"Tremont, Cleveland, OH",23553
1097001002,"Washington Square, Mobile, AL",23549
28049003500,"Jackson, MS",23549
45067950400,"Mullins, SC",23544
47011010700,"Cleveland, TN",23544
12011060401,"Lauderhill, FL",23544
26163530400,"Oakman Blvd., Detroit, MI",23543
51710005901,"Norview, Norfolk, VA",23543
13303950400,"Sandersville, GA",23540
39049009326,"Eastland, Columbus, OH",23538
48423000400,"Downtown, Tyler, TX",23536
29159480600,"Sedalia, MO",23533
39095004200,"Southside, Toledo, OH",23533
51650010900,"Phoebus, Hampton, VA",23532
22071007000,"Gert Town, New Orleans, LA",23531
4019000900,"Barrio Santa Rosa, Tucson, AZ",23530
48201332400,"Southeast Houston, Houston, TX",23528
47149041900,"Murfreesboro, TN",23528
36005005100,"Bronx County, NY",23523
37063001802,"Durham, NC",23522
47075930500,"Stanton, TN",23522
34013001800,"Fairmount, Newark, NJ",23521
47037010106,"Whites Creek, Nashville, TN",23519
12099008302,"South Bay, FL",23518
27053126000,"Phillips, Minneapolis, MN",23513
45045002202,"Greenville, SC",23512
45069960400,"McColl, SC",23511
24510250500,"Curtis Bay, Baltimore, MD",23511
42101016200,"Norris Square, Philadelphia, PA",23511
1073003802,"Central Park, Birmingham, AL",23509
12099005101,"Lake Worth, FL",23509
22071005000,"Mid-City, New Orleans, LA",23507
12029970102,"Old Town, FL",23504
24510200600,"Baltimore, MD",23503
54011001600,"Huntington, WV",23503
48201331300,"Southeast Houston, Houston, TX",23502
2150000100,"Kodiak, AK",23500
45019001600,"Charleston, SC",23500
12031010900,"Northside, Jacksonville, FL",23498
36093021001,"Seward Place, Schenectady, NY",23497
13225040200,"Fort Valley, GA",23496
32003004402,"North Las Vegas, NV",23496
36047038700,"Kings County, NY",23491
26163536900,"Detroit, MI",23490
12099008001,"Pahokee, FL",23485
37051001901,"Douglas Byrd, Fayetteville, NC",23482
27137001600,"Central Hillside, Duluth, MN",23482
6019000200,"Edison, Fresno, CA",23481
23001020100,"Lewiston, ME",23481
1107050300,"Carrollton, AL",23480
26069000800,"Hale, MI",23478
13051003601,"Savannah, GA",23478
37183052002,"Southeast Raleigh, Raleigh, NC",23478
35049000300,"Santa Fe, NM",23473
35045943000,"Kirtland, NM",23471
22083970500,"Rayville, LA",23469
39023001000,"Springfield, OH",23469
39101000900,"Marion, OH",23464
34013023000,"West Side, Newark, NJ",23462
36007001100,"Downtown, Binghamton, NY",23461
28011950200,"Rosedale, MS",23461
37051002300,"Fayetteville, NC",23458
45075010800,"Orangeburg, SC",23457
11001009811,"Southeast Washington, Washington, DC",23456
37015960200,"Aulander, NC",23455
42101003002,"Newbold, Philadelphia, PA",23450
37057060800,"Thomasville, NC",23448
26163517500,"Medical Center, Detroit, MI",23448
39035108400,"Goodrich - Kirtland Park, Cleveland, OH",23447
45069960301,"Bennettsville, SC",23446
12115000102,"Main Street Merchants, Sarasota, FL",23444
42101024900,"East Germantown, Philadelphia, PA",23441
13099090100,"Damascus, GA",23440
29095005300,"East Side, Kansas City, MO",23440
51770000100,"Roanoke, VA",23434
51740211700,"Portsmouth, VA",23434
42101009500,"Haddington, Philadelphia, PA",23432
22071006500,"Mid-City, New Orleans, LA",23432
1121011800,"Sylacauga, AL",23431
36047024700,"Kings County, NY",23430
36005014701,"Bronx County, NY",23428
36047025500,"Kings County, NY",23427
26163570500,"Inkster, MI",23427
13121010512,"Union City, GA",23425
22033000701,"Mid City North, Baton Rouge, LA",23424
36055009602,"Dutchtown, Rochester, NY",23422
42049001700,"Erie, PA",23421
1081040602,"Auburn, AL",23419
48027022900,"Killeen, TX",23418
42101008101,"Angora, Philadelphia, PA",23417
22033005100,"Mid City North, Baton Rouge, LA",23411
45009960200,"Bamberg, SC",23410
37081014000,"High Point, NC",23407
39061002600,"Clifton Heights, Cincinnati, OH",23407
1119011600,"Cuba, AL",23406
17031827400,"Harvey, IL",23406
9003503000,"Frog Hollow, Hartford, CT",23406
9003501800,"Clay Arsenal, Hartford, CT",23406
40109104700,"Capitol Hill, Oklahoma City, OK",23405
12099002300,"Pleasant City, West Palm Beach, FL",23405
48113008801,"Cedar Crest, Dallas, TX",23403
12073000303,"Tallahassee, FL",23403
42101002100,"Point Breeze, Philadelphia, PA",23400
8001007801,"North Aurora, Aurora, CO",23399
24510160600,"Mosher, Baltimore, MD",23398
48113010101,"West Dallas, Dallas, TX",23397
17031730202,"Brainerd, Chicago, IL",23394
39035119501,"Buckeye - Shaker, Cleveland, OH",23393
17177000700,"Freeport, IL",23392
26163534100,"Detroit, MI",23392
45013000600,"Beaufort, SC",23392
17115000300,"Decatur, IL",23390
36065021000,"Utica, NY",23390
29095003700,"East Side, Kansas City, MO",23389
1031011300,"Enterprise, AL",23388
29095007802,"Swope Parkway - Elmwood, Kansas City, MO",23388
42101002200,"Newbold, Philadelphia, PA",23388
37083930600,"Roanoke Rapids, NC",23386
38085940800,"Solen, ND",23385
1125012501,"Tuscaloosa, AL",23385
17031838000,"Near West Side, Chicago, IL",23385
39023001102,"Springfield, OH",23383
17031500200,"South Side, Chicago, IL",23382
41051003401,"North Portland, Portland, OR",23380
13093970300,"Vienna, GA",23378
29023950700,"Poplar Bluff, MO",23378
42101024500,"East Germantown, Philadelphia, PA",23374
39035188107,"Warrensville Heights, OH",23374
17031690500,"Greater Grand Crossing, Chicago, IL",23371
26163500900,"Detroit, MI",23369
22071000605,"Algiers, New Orleans, LA",23369
25013801800,"Old Hill, Springfield, MA",23366
21111001100,"Chickasaw, Louisville, KY",23366
54039000900,"Charleston, WV",23365
9001070500,"South End, Bridgeport, CT",23364
28133950600,"Indianola, MS",23364
26163520700,"Downtown, Detroit, MI",23362
26163521900,"Woodbridge, Detroit, MI",23361
39095002800,"Center City, Toledo, OH",23358
37195001000,"Stantonsburg, NC",23354
18097331000,"Devington, Indianapolis, IN",23352
12109021003,"St. Augustine, FL",23350
34007601101,"Dudley, Camden, NJ",23349
6037238200,"South Los Angeles, Los Angeles, CA",23349
36047030900,"Kings County, NY",23348
18141000600,"Near Northwest, South Bend, IN",23348
28075010700,"Meridian, MS",23347
47157003800,"Midtown, Memphis, TN",23346
39049007534,"Framingham, Columbus, OH",23345
51730810900,"Petersburg, VA",23343
29189215900,"University City, MO",23341
17201002100,"Rockford, IL",23341
44007000700,"Upper South Providence, Providence, RI",23340
24510160802,"Edmondson, Baltimore, MD",23339
37089931100,"Hendersonville, NC",23338
45069960500,"Clio, SC",23338
13245000200,"Harrisburg, Augusta, GA",23338
1113030902,"Fort Mitchell, AL",23338
29019001503,"Columbia, MO",23336
48201211000,"Northside, Houston, TX",23334
6019000501,"Roosevelt, Fresno, CA",23332
42043020400,"Midtown, Harrisburg, PA",23332
12107951402,"Crescent City, FL",23331
1085781000,"Hayneville, AL",23331
1101001300,"South Hull, Montgomery, AL",23330
39153507400,"Elizabeth Park Valley, Akron, OH",23330
42101020200,"North Philadelphia, Philadelphia, PA",23329
48303000201,"Lubbock, TX",23329
13121010603,"College Park, GA",23327
17183000100,"Danville, IL",23324
18089012200,"Gary, IN",23322
45027960500,"Manning, SC",23322
37155961100,"Lumberton, NC",23321
47157020523,"Memphis, TN",23321
13045910502,"Carrollton, GA",23319
28083950400,"Greenwood, MS",23317
39155921100,"Warren, OH",23317
12086001006,"Miami, FL",23315
12099005701,"Boynton Beach, FL",23314
17031817300,"Maywood, IL",23313
1015000800,"Anniston, AL",23313
26163542300,"Grandmont - Rosedale, Detroit, MI",23312
47093001500,"North Knoxville, Knoxville, TN",23310
17031241000,"Humboldt Park, Chicago, IL",23309
12033002100,"South Pensacola, Pensacola, FL",23308
17031661000,"Chicago Lawn, Chicago, IL",23305
42101020102,"North Philadelphia, Philadelphia, PA",23303
42101008802,"West Philadelphia, Philadelphia, PA",23302
40109102500,"Central Oklahoma City, Oklahoma City, OK",23302
55079186100,"Midtown, Milwaukee, WI",23300
45007012300,"Anderson, SC",23300
51760041100,"Fan District, Richmond, VA",23299
22071006300,"Mid-City, New Orleans, LA",23299
39061007900,"Northside, Cincinnati, OH",23297
1105687000,"Marion, AL",23296
28075000800,"Meridian, MS",23296
37063002009,"Durham, NC",23293
42101019800,"Hunting Park, Philadelphia, PA",23292
36001000600,"Central Avenue, Albany, NY",23291
21047200300,"Hopkinsville, KY",23290
37155962002,"Maxton, NC",23289
5051010900,"Hot Springs, AR",23289
36047005900,"Kings County, NY",23286
18089011000,"Gary, IN",23285
24043000400,"Hagerstown, MD",23284
26163546600,"Franklin Park, Detroit, MI",23283
39035102700,"Stockyards, Cleveland, OH",23283
4015940400,"Peach Springs, AZ",23282
13121007706,"Atlanta, GA",23281
4005945100,"Leupp, AZ",23279
47189030700,"Lebanon, TN",23279
18039002600,"Elkhart, IN",23278
37081012608,"Fairview Homes, Greensboro, NC",23277
42133001600,"York, PA",23276
42101016300,"North Philadelphia, Philadelphia, PA",23274
13261950600,"Americus, GA",23273
42071000100,"Lancaster, PA",23272
12011042800,"Melrose Manors, Fort Lauderdale, FL",23271
29095008900,"South Kansas City, Kansas City, MO",23266
26077000500,"West Douglas, Kalamazoo, MI",23265
22071000602,"Algiers, New Orleans, LA",23265
4013108601,"Encanto Village, Phoenix, AZ",23263
13063040410,"Conley, GA",23263
39035103900,"Ohio City, Cleveland, OH",23262
39155920800,"Warren, OH",23260
48455950500,"Trinity, TX",23258
28049000302,"Jackson, MS",23248
54039000700,"Charleston, WV",23248
48453002110,"East MLK, Austin, TX",23246
26163546700,"Franklin Park, Detroit, MI",23246
42101026500,"North Philadelphia, Philadelphia, PA",23244
29095016500,"East Side, Kansas City, MO",23244
37007920400,"Wadesboro, NC",23243
39049005620,"South Columbus, Columbus, OH",23239
48245011800,"Port Arthur, TX",23238
12086009400,"Miami Gardens, FL",23238
47065003300,"Chattanooga, TN",23236
26163504900,"Osborn, Detroit, MI",23235
12086000408,"Miami, FL",23234
39153509000,"Middlebury, Akron, OH",23233
29510127300,"The Gate, St. Louis, MO",23232
48309000700,"Sanger-Heights, Waco, TX",23231
47037011400,"East Nashville, Nashville, TN",23229
17031250800,"Austin, Chicago, IL",23229
53015000502,"Highlands, Longview, WA",23229
45079010805,"Columbia, SC",23227
12081000103,"Bradenton, FL",23227
39093023100,"Lorain, OH",23224
8101001100,"East Side, Pueblo, CO",23224
4001944901,"Ganado, AZ",23223
12095014503,"Orlando, FL",23222
1073003100,"Fairview, Birmingham, AL",23221
5137950201,"Pleasant Grove, AR",23218
28049010902,"Jackson, MS",23218
13315960100,"Abbeville, GA",23213
12091022600,"Fort Walton Beach, FL",23213
12057013501,"Greater Palm River Point CDC, Tampa, FL",23212
37051003002,"Gray's Creek, Fayetteville, NC",23211
12057013702,"Riverview, FL",23207
48073950400,"Jacksonville, TX",23207
28093950401,"Holly Springs, MS",23207
42077001000,"Jordan Heights, Allentown, PA",23205
37129010200,"Ardmore, Wilmington, NC",23204
13089023803,"Atlanta, GA",23204
12115001000,"Bayou Oaks, Sarasota, FL",23204
39099814100,"Belle Vista, Youngstown, OH",23202
12057004600,"Northwest Tampa, Tampa, FL",23202
17031826700,"Riverdale, IL",23199
4001944902,"Ganado, AZ",23197
5069001903,"Pine Bluff, AR",23196
51650010601,"Downtown Hampton, Hampton, VA",23194
22041950300,"Winnsboro, LA",23193
39035117400,"South - Collinwood, Cleveland, OH",23193
28151001400,"Greenville, MS",23192
13031110404,"Statesboro, GA",23192
1073013002,"Mason City, Birmingham, AL",23187
21111002300,"Portland, Louisville, KY",23186
26163536500,"Detroit, MI",23186
13099090200,"Blakely, GA",23184
26021002000,"Benton Harbor, MI",23179
18067000200,"Kokomo, IN",23178
45089970501,"Kingstree, SC",23174
48309000400,"Waco, TX",23174
45075010600,"Orangeburg, SC",23172
42101017702,"North Philadelphia, Philadelphia, PA",23170
45079010804,"Columbia, SC",23169
42003561500,"Pittsburgh, PA",23169
40147000200,"Bartlesville, OK",23167
29023950400,"Poplar Bluff, MO",23166
55101000500,"Racine, WI",23166
36065026400,"Utica, NY",23164
34013003700,"West Side, Newark, NJ",23163
12095014502,"Orlando, FL",23163
13215011500,"Columbus, GA",23160
54047954200,"Berwind, WV",23159
5107480300,"West Helena, Helena-West Helena, AR",23158
18097360102,"Indianapolis, IN",23154
27053125900,"Phillips, Minneapolis, MN",23152
45085001802,"Sumter, SC",23152
37119005308,"Hidden Valley, Charlotte, NC",23152
21117061600,"Covington, KY",23152
42101027700,"Logan/ Ogontz/ Fern Rock, Philadelphia, PA",23151
28049000301,"Jackson, MS",23150
36047034300,"Kings County, NY",23150
29189211500,"Berkeley, MO",23149
6037236202,"Baldwin Village, Los Angeles, CA",23149
48201332200,"South Side, Houston, TX",23142
22029000200,"Ferriday, LA",23140
5147490200,"Augusta, AR",23140
37021000300,"Historic Montford, Asheville, NC",23137
42101007400,"Southwest Philadelphia, Philadelphia, PA",23136
24510190200,"Pratt Monroe, Baltimore, MD",23132
34021000900,"Hanover Academy, Trenton, NJ",23130
55079004800,"Sherman Park, Milwaukee, WI",23128
13153020700,"Warner Robins, GA",23121
1101000400,"Montgomery, AL",23121
1089000702,"Huntsville, AL",23121
39049008210,"Valleyview Heights, Columbus, OH",23119
12011040801,"South Middle River, Fort Lauderdale, FL",23119
36029002702,"Broadway - Fillmore, Buffalo, NY",23119
26163535300,"Detroit, MI",23115
12095017501,"Apopka, FL",23114
21111005300,"University, Louisville, KY",23112
22071002300,"St. Roch, New Orleans, LA",23111
47157010220,"Alta Vista, Memphis, TN",23109
11001007502,"Southeast Washington, Washington, DC",23104
18089012400,"Gary, IN",23104
28063950100,"Fayette, MS",23102
25027732001,"Great Brook Valley, Worcester, MA",23100
28047003600,"Biloxi, MS",23100
1055000600,"Gadsden, AL",23099
9009141300,"West New Haven, New Haven, CT",23098
37049960600,"New Bern, NC",23098
42101003701,"South Philadelphia, Philadelphia, PA",23096
17031390100,"Kenwood, Chicago, IL",23092
13017960400,"Fitzgerald, GA",23091
36061021800,"Upper Manhattan, New York, NY",23091
40109105201,"Central Oklahoma City, Oklahoma City, OK",23089
39035105300,"Clark - Fulton, Cleveland, OH",23088
39049008812,"Marion Franklin, Columbus, OH",23087
1089003000,"Huntsville, AL",23085
48245000900,"Beaumont, TX",23084
12086010207,"Miami, FL",23082
1073003500,"Wylam, Birmingham, AL",23081
4017940010,"Pinon, AZ",23080
6037243100,"South Los Angeles, Los Angeles, CA",23080
39049002200,"Italian Village, Columbus, OH",23080
22033003101,"Scotlandville, Baton Rouge, LA",23080
35047957400,"Las Vegas, NM",23078
17031231200,"Humboldt Park, Chicago, IL",23077
1101001500,"Montgomery, AL",23076
51760021100,"Fulton Hill, Richmond, VA",23074
13121008903,"Bolton, Atlanta, GA",23073
55079009100,"Uptown, Milwaukee, WI",23072
29155470400,"Caruthersville, MO",23068
45045002108,"Greenville, SC",23067
24510270701,"Harford - Echodale - Perring Parkway, Baltimore, MD",23066
11001009204,"Edgewood, Washington, DC",23063
26125142700,"Pontiac, MI",23061
13245010511,"Augusta, GA",23059
47157008000,"Sherwood Forest, Memphis, TN",23056
24510250207,"Cherry Hill, Baltimore, MD",23054
42101015101,"North Philadelphia, Philadelphia, PA",23052
6037234902,"Park Mesa Heights, Los Angeles, CA",23052
5119002403,"John Barrow, Little Rock, AR",23051
20177004000,"Monroe, Topeka, KS",23049
39061009800,"West Price Hill, Cincinnati, OH",23044
35017964600,"Hurley, NM",23044
5057480200,"Fulton, AR",23043
39035101400,"Cudell, Cleveland, OH",23043
13215010602,"Columbus, GA",23042
37051001700,"Douglas Byrd, Fayetteville, NC",23041
45043920400,"Georgetown, SC",23039
51041100600,"Petersburg, VA",23038
25013801901,"Six Corners, Springfield, MA",23037
36047029300,"Kings County, NY",23036
1097000903,"Leinkauf, Mobile, AL",23035
39093071400,"Elyria, OH",23032
18097322100,"Meridian-Kessler, Indianapolis, IN",23032
35055952300,"Taos County, NM",23031
18097354500,"Indianapolis, IN",23031
12103028600,"Saint Petersburg, FL",23030
26163537500,"Belmont, Detroit, MI",23029
1037961000,"Goodwater, AL",23029
37183051000,"Raleigh, NC",23028
13051003602,"Avondale, Savannah, GA",23020
47157022410,"Westhaven, Memphis, TN",23020
45045002005,"Greenville, SC",23019
12081000306,"Bradenton, FL",23019
32003003431,"Las Vegas, NV",23016
13245011000,"Downtown, Augusta, GA",23014
17031381900,"South Side, Chicago, IL",23014
1073005701,"Jones Valley, Birmingham, AL",23012
37183051101,"Raleigh, NC",23009
37123960401,"Mount Gilead, NC",23009
28035000200,"The Oaks, Hattiesburg, MS",23008
21111000300,"Portland, Louisville, KY",23006
22071003100,"Seventh Ward, New Orleans, LA",23006
39095010300,"Southside, Toledo, OH",23005
37117970400,"Oak City, NC",23004
21117060300,"Covington, KY",23003
29189212002,"St. Louis, MO",23001
39061011000,"Roselawn, Cincinnati, OH",23001
20209041200,"Northeast, Kansas City, KS",23000
37035011000,"Hickory, NC",22999
36001000700,"West Hill, Albany, NY",22998
5051010800,"Hot Springs, AR",22997
36027220201,"Poughkeepsie, NY",22997
9003501300,"North End, Hartford, CT",22995
17031440102,"East Chatham, Chicago, IL",22993
48327950300,"Menard, TX",22993
36047091000,"Kings County, NY",22991
22071001736,"New Orleans East Area, New Orleans, LA",22990
39035117500,"South - Collinwood, Cleveland, OH",22989
28049003300,"Jackson, MS",22986
41051003301,"Alberta, Portland, OR",22986
37083931000,"Halifax, NC",22985
42101001500,"South Philadelphia, Philadelphia, PA",22985
13245010513,"Augusta, GA",22984
9003503300,"Asylum Hill, Hartford, CT",22982
13059140300,"Athens, GA",22981
12039020400,"Chattahoochee, FL",22981
5051010600,"Hot Springs, AR",22980
39049003800,"Near East Columbus, Columbus, OH",22978
36047027700,"Kings County, NY",22976
24510271801,"Arlington, Baltimore, MD",22976
17167000900,"Enos Park, Springfield, IL",22975
39049007512,"Brittany Hills, Columbus, OH",22971
10003000300,"Baynard Village, Wilmington, DE",22970
1063060200,"Boligee, AL",22969
36047113200,"Kings County, NY",22969
40109102900,"Central Oklahoma City, Oklahoma City, OK",22968
36055009200,"Upper Falls, Rochester, NY",22968
26163544200,"Riverdale, Detroit, MI",22968
22033001600,"Mid City South, Baton Rouge, LA",22967
45075010300,"Vance, SC",22965
26049001300,"Flint, MI",22964
1073010401,"Bessemer, AL",22963
13067030411,"Marietta, GA",22961
26065001200,"Eastside, Lansing, MI",22959
12071080300,"Woodford Park, Fort Myers, FL",22959
36055008000,"Group 14621, Rochester, NY",22958
5069001402,"Pine Bluff, AR",22953
40063484600,"Wetumka, OK",22950
48113007826,"Lake Highlands, Dallas, TX",22950
22095070800,"Reserve, LA",22950
29095016200,"Beacon Hill, Kansas City, MO",22946
36063940001,"Sanborn, NY",22941
45091060300,"Rock Hill, SC",22941
34031181702,"Paterson, NJ",22940
48439104601,"Eastland, Fort Worth, TX",22938
26049013600,"Flint, MI",22938
22119031700,"Minden, LA",22936
37155961602,"Fairmont, NC",22934
36061022000,"Harlem, New York, NY",22934
35049010204,"Santa Fe, NM",22934
17183000400,"Danville, IL",22932
18095000300,"Anderson, IN",22932
28143950200,"Tunica, MS",22929
22035000100,"Lake Providence, LA",22928
12031010800,"Northside, Jacksonville, FL",22927
24021750300,"Frederick, MD",22924
54011001000,"Huntington, WV",22921
22033000200,"Mid City North, Baton Rouge, LA",22920
13063040510,"Riverdale, GA",22917
17031431400,"South Shore, Chicago, IL",22916
36047121000,"Kings County, NY",22916
39061006400,"Bond Hill, Cincinnati, OH",22915
29095008700,"Kansas City, MO",22914
24019970500,"Cambridge, MD",22914
30047940700,"Arlee, MT",22913
48029130402,"Artesia, San Antonio, TX",22910
29189214200,"St. Louis, MO",22904
34013004802,"Dayton/Weequahic Park, Newark, NJ",22903
13095010900,"Albany, GA",22902
45057010800,"Lancaster, SC",22900
29510118600,"Forest Park Southeast, St. Louis, MO",22898
21067001900,"Lexington, KY",22897
29175490300,"Moberly, MO",22897
12095012100,"Orlando, FL",22892
48029130200,"East Side, San Antonio, TX",22892
45061920302,"Bishopville, SC",22891
13095010500,"Albany, GA",22890
36105951900,"Swan Lake, NY",22888
45019001000,"Cannonborough Elliotborough, Charleston, SC",22887
45045002201,"Greenville, SC",22887
35013000401,"Las Cruces, NM",22886
42101001300,"Graduate Hospital, Philadelphia, PA",22886
13121005200,"Ormewood Park, Atlanta, GA",22885
18095000800,"Anderson, IN",22885
48201230800,"Northside, Houston, TX",22882
5051011500,"Hot Springs, AR",22879
45067950800,"Gresham, SC",22879
39061006300,"Bond Hill, Cincinnati, OH",22877
17031826902,"Harvey, IL",22876
28135950300,"Tutwiler, MS",22875
17031251600,"Austin, Chicago, IL",22872
13089023310,"Lithonia, GA",22872
17031491200,"South Side, Chicago, IL",22867
36029001500,"Emslie, Buffalo, NY",22867
37183050400,"Downtown, Raleigh, NC",22866
37105030200,"Sanford, NC",22862
34013013200,"Irvington, NJ",22862
25013811600,"Holyoke, MA",22862
34007600400,"Bergen Square, Camden, NJ",22862
19013000700,"Waterloo, IA",22861
20177001200,"Central Highland Park, Topeka, KS",22860
48453000804,"East Austin, Austin, TX",22859
2020001000,"Fairview, Anchorage, AK",22858
39095003100,"Scott Park, Toledo, OH",22857
18097358000,"Indianapolis, IN",22857
12127090702,"Collier Park, DeLand, FL",22856
12055960102,"Avon Park, FL",22856
39095001800,"Lagrange, Toledo, OH",22855
37129010800,"Wilmington, NC",22854
41051003402,"North Portland, Portland, OR",22852
37081014408,"High Point, NC",22851
37129010502,"Devon Park, Wilmington, NC",22850
35047957300,"East Las Vegas, Las Vegas, NM",22849
12117020102,"Sanford, FL",22847
39095000900,"Lagrange, Toledo, OH",22846
12095018000,"Winter Park, FL",22846
21147960100,"Parkers Lake, KY",22846
1065040500,"Greensboro, AL",22845
24510180300,"Hollins Market, Baltimore, MD",22843
29095005801,"Boulevard Village, Kansas City, MO",22842
13121007602,"Adams Park, Atlanta, GA",22842
35039941000,"Dulce, NM",22841
48201332100,"South Side, Houston, TX",22841
17031251700,"Austin, Chicago, IL",22841
17081051000,"Mount Vernon, IL",22840
17031611800,"South Side, Chicago, IL",22838
38005940100,"Oberon, ND",22837
40143002301,"Kendall-Whittier, Tulsa, OK",22835
47079969300,"Paris, TN",22834
24510160500,"Bridgeview-Greenlawn, Baltimore, MD",22834
26163524700,"Boynton, Detroit, MI",22833
29510124200,"Benton Park West, St. Louis, MO",22831
26163508000,"Chaldean Town, Highland Park, MI",22830
12099005702,"Boynton Beach, FL",22830
42045405200,"Chester, PA",22828
37191000700,"Mount Olive, NC",22826
39061004100,"East Walnut HIlls, Cincinnati, OH",22826
51760070602,"South Richmond, Richmond, VA",22824
26163530200,"Martin Park, Detroit, MI",22822
20209040200,"Northeast, Kansas City, KS",22819
22071013900,"Central City, New Orleans, LA",22819
11001007901,"Northeast Washington, Washington, DC",22816
45041000300,"Quinby, SC",22814
1005950200,"Clayton, AL",22811
37117970600,"Robersonville, NC",22810
13067031311,"Austell, GA",22809
13193000100,"Marshallville, GA",22809
48439106300,"Fort Worth, TX",22807
51800075601,"Suffolk, VA",22804
6019000902,"Edison, Fresno, CA",22804
51760010500,"Edgewood, Richmond, VA",22803
26163521500,"North Corktown, Detroit, MI",22803
25025080601,"Boston, MA",22802
37165010600,"Wagram, NC",22797
29095007900,"North Town Fork Creek, Kansas City, MO",22797
20125951200,"Coffeyville, KS",22796
24510200702,"Saint Joseph's, Baltimore, MD",22796
12105013300,"Winter Haven, FL",22795
17031690900,"Greater Grand Crossing, Chicago, IL",22795
4001944201,"Chinle, AZ",22792
39113003402,"University Park, Dayton, OH",22792
36007000500,"Binghamton, NY",22788
13021013101,"Macon, GA",22788
18177000500,"Richmond, IN",22786
17031490901,"South Side, Chicago, IL",22785
45079010408,"Columbia, SC",22783
26163540200,"Detroit, MI",22782
18097357300,"Indianapolis, IN",22782
17031251200,"Austin, Chicago, IL",22782
48201231500,"East Little York/ Homestead, Houston, TX",22778
37067001902,"Winston-Salem, NC",22777
5057480300,"Hope, AR",22777
35043940900,"Cuba, NM",22772
18003002900,"Pontiac Place, Fort Wayne, IN",22771
22051027701,"Marrero, LA",22771
1073010500,"Bessemer, AL",22771
51730811300,"Petersburg, VA",22771
37067000900,"Winston-Salem, NC",22770
12073001802,"Tallahassee, FL",22769
45079011702,"Columbia, SC",22767
10003000601,"Wilmington, DE",22766
26163505100,"Osborn, Detroit, MI",22763
9009350300,"Waterbury, CT",22762
34013004300,"Upper Clinton Hill, Newark, NJ",22761
13193000200,"Ideal, GA",22755
11001009810,"Southeast Washington, Washington, DC",22753
48453002202,"Austin, TX",22752
13245010707,"Hephzibah, GA",22751
17031710600,"South Side, Chicago, IL",22750
12086001401,"Little Haiti, Miami, FL",22749
48439104604,"Mitchell Boulevard, Fort Worth, TX",22743
39003013400,"Lima, OH",22735
13121004900,"Grant Park, Atlanta, GA",22730
12033001900,"South Pensacola, Pensacola, FL",22730
22051023700,"Metairie, LA",22727
11001007408,"Southeast Washington, Washington, DC",22722
39155920900,"Warren, OH",22719
13051003800,"Fernwood/Parkwood, Savannah, GA",22719
29095017100,"East Side, Kansas City, MO",22717
36061025700,"Harlem, New York, NY",22717
1073000100,"Birmingham, AL",22717
18163001100,"Glenwood, Evansville, IN",22717
9003501200,"North End, Hartford, CT",22717
24510090600,"Coldstream - Homestead - Montebello, Baltimore, MD",22715
13051002200,"Victory Manor/East Hill/Donwood, Savannah, GA",22708
26163520400,"Midtown, Detroit, MI",22707
39049008811,"South Columbus, Columbus, OH",22701
26125142500,"Pontiac, MI",22700
32003003616,"North Las Vegas, NV",22698
29095006700,"Midtown - Westport, Kansas City, MO",22697
47157020524,"Raleigh, Memphis, TN",22696
12086010500,"Goulds, FL",22696
17031252102,"Austin, Chicago, IL",22694
39035121700,"Lee - Miles, Cleveland, OH",22692
8031002403,"Five Points, Denver, CO",22692
35031940300,"Zuni, NM",22691
48201211300,"Greater Fifth Ward, Houston, TX",22691
39049002510,"North Central Columbus, Columbus, OH",22687
34013002600,"West Side, Newark, NJ",22686
28049010203,"Jackson, MS",22685
48201313700,"South Side, Houston, TX",22684
12081001502,"Palmetto, FL",22683
39035118700,"University Circle, Cleveland, OH",22681
28027950300,"Clarksdale, MS",22681
47157021731,"Memphis, TN",22680
39035122100,"Lee - Miles, Cleveland, OH",22679
1101005700,"Ramer, AL",22677
45029970500,"Walterboro, SC",22676
17031691200,"Greater Grand Crossing, Chicago, IL",22675
39035117201,"North Collinwood, Cleveland, OH",22673
45013001102,"Saint Helena Island, SC",22672
41029000100,"Medford, OR",22672
39093023300,"Lorain, OH",22666
47163042802,"Bristol, TN",22665
18097356900,"Bates-Hendricks, Indianapolis, IN",22661
42071000900,"Lancaster, PA",22660
4017940100,"Cibecue, AZ",22657
36047036100,"Kings County, NY",22657
37081012805,"Rotherwood, Greensboro, NC",22656
42125704100,"Washington, PA",22656
18097322400,"Indianapolis, IN",22655
42071000400,"Lancaster, PA",22653
12011060303,"Lauderhill, FL",22653
18003002300,"Fort Wayne, IN",22652
1073005702,"West End Manor, Birmingham, AL",22651
21111002800,"Algonquin, Louisville, KY",22649
48453002304,"Riverside, Austin, TX",22648
1089000301,"Huntsville, AL",22645
37035010700,"Hickory, NC",22643
55079185900,"Lindsay Heights, Milwaukee, WI",22641
37157041400,"Reidsville, NC",22640
18097360302,"Indianapolis, IN",22638
36047018501,"Kings County, NY",22636
6001410500,"Acorn, Oakland, CA",22636
32003003617,"North Las Vegas, NV",22636
5027950500,"Magnolia, AR",22634
48423000202,"Tyler, TX",22634
47157022321,"Valley Forge, Memphis, TN",22633
28029950400,"Hazlehurst, MS",22631
55079002800,"Hampton Heights, Milwaukee, WI",22629
29095005700,"East Side, Kansas City, MO",22627
4001944100,"Lukachukai, AZ",22625
47157022023,"Whitehaven, Memphis, TN",22625
36047045300,"Kings County, NY",22621
13245010504,"Augusta, GA",22621
42101017601,"Fairhill, Philadelphia, PA",22621
40109103500,"Central Oklahoma City, Oklahoma City, OK",22620
51760041300,"Randolph, Richmond, VA",22619
48439106002,"Fort Worth, TX",22618
20061000200,"Junction City, KS",22616
47065003200,"Chattanooga, TN",22615
24510250203,"Cherry Hill, Baltimore, MD",22615
18089030300,"East Chicago, IN",22614
17031420600,"South Side, Chicago, IL",22613
17091011000,"Hopkins Park, IL",22613
36061022200,"Upper Manhattan, New York, NY",22611
29095008800,"Self Help Neighborhood Council, Kansas City, MO",22604
36055007900,"Group 14621, Rochester, NY",22602
13215010701,"Columbus, GA",22600
5123960400,"Forrest City, AR",22598
21067001600,"Hamburg Area, Lexington, KY",22596
12086002004,"Little Haiti, Miami, FL",22596
18097322500,"Indianapolis, IN",22595
17091012300,"Kankakee, IL",22595
39003013300,"Lima, OH",22594
13089022700,"Oakhurst, Decatur, GA",22594
13095000900,"Albany, GA",22594
34001011900,"Pleasantville, NJ",22591
48029191900,"East Side, San Antonio, TX",22590
13273120400,"Dawson, GA",22590
34013023200,"South Broad Street, Newark, NJ",22590
29510123100,"Fox Park, St. Louis, MO",22587
22071001722,"New Orleans East Area, New Orleans, LA",22587
36047028300,"Kings County, NY",22585
18097340600,"Indianapolis, IN",22584
13191110300,"Darien, GA",22584
26163571000,"Inkster, MI",22583
36055003000,"Rochester, NY",22582
26163526200,"Detroit, MI",22581
45013000100,"Seabrook, SC",22580
55079010600,"Brewer's Hill, Milwaukee, WI",22577
13215002300,"Columbus, GA",22576
18097354800,"Indianapolis, IN",22576
48201231400,"Northeast Houston, Houston, TX",22574
45051060308,"Conway, SC",22573
39035104100,"Tremont, Cleveland, OH",22573
21111011302,"Newburg, Louisville, KY",22573
47113000400,"Jackson, TN",22571
24510151200,"Park Circle, Baltimore, MD",22569
45015020202,"Pineville, SC",22566
28095950800,"Aberdeen, MS",22564
39035119401,"Buckeye - Shaker, Cleveland, OH",22560
1065040300,"Sawyerville, AL",22560
13051003501,"Midtown, Savannah, GA",22558
39035154700,"Garfield Heights, OH",22556
37119001400,"North Charlotte, Charlotte, NC",22554
12109020400,"Lincolnville, St. Augustine, FL",22553
36055004602,"Group 14621, Rochester, NY",22549
37153970600,"Rockingham, NC",22549
1073001200,"Thomas, Birmingham, AL",22548
39153501900,"Downtown, Akron, OH",22547
26161410700,"Ypsilanti, MI",22546
36005014500,"Bronx County, NY",22545
51690000400,"Martinsville, VA",22542
12095018700,"Orlando, FL",22541
34007610400,"Lanning Square, Camden, NJ",22540
26163505500,"Detroit, MI",22538
37119005301,"Sugar Creek, Charlotte, NC",22536
45039960100,"Blair, SC",22534
51087200805,"Richmond, VA",22534
45079002200,"Melrose Heights, Columbia, SC",22534
45079002604,"Columbia, SC",22531
39145003200,"New Boston, OH",22529
26163533200,"Detroit, MI",22529
18097360402,"Northeastwood, Indianapolis, IN",22527
39035119100,"University Circle, Cleveland, OH",22525
39035115800,"South Broadway, Cleveland, OH",22524
45079010702,"Columbia, SC",22522
39035104600,"Clark - Fulton, Cleveland, OH",22520
28047000300,"Biloxi, MS",22519
12086000412,"Miami, FL",22518
29095003800,"East Side, Kansas City, MO",22518
18089031000,"East Chicago, IN",22517
55079004300,"Rufus King, Milwaukee, WI",22514
39095002100,"Old West End, Toledo, OH",22512
12071000700,"Fort Myers, FL",22511
37051003311,"Westover, Fayetteville, NC",22511
41051002203,"Eliot, Portland, OR",22510
39093023200,"Lorain, OH",22508
34007600900,"Cramer Hill, Camden, NJ",22507
12086002800,"Wynwood, Miami, FL",22501
1097001100,"Texas Street, Mobile, AL",22500
39099801000,"Lansingville, Youngstown, OH",22500
13089021911,"Stone Mountain, GA",22498
28051950200,"Lexington, MS",22496
51740212702,"Portsmouth, VA",22494
37051003600,"Pine Forest, Spring Lake, NC",22494
29510127400,"Lafayette Square, St. Louis, MO",22493
21051950100,"Oneida, KY",22490
45079003100,"Midtown - Downtown, Columbia, SC",22490
25013802000,"South End, Springfield, MA",22490
37071033100,"Gastonia, NC",22489
5103950600,"Camden, AR",22489
39049009331,"Eastmoor, Columbus, OH",22487
28089030600,"Canton, MS",22486
36067003601,"Eastside, Syracuse, NY",22484
26163516200,"Detroit, MI",22484
1089000701,"Huntsville, AL",22483
1077010700,"East Florence, Florence, AL",22482
26163507000,"Krainz Woods, Detroit, MI",22482
13089023107,"Decatur, GA",22482
36061024302,"Upper Manhattan, New York, NY",22480
26163539000,"Eight Mile Wyoming, Detroit, MI",22476
18097330900,"Devington, Indianapolis, IN",22473
17031827100,"Harvey, IL",22472
42003010300,"Uptown, Pittsburgh, PA",22472
29095016000,"18th And Vine And Downtown East, Kansas City, MO",22470
6023010102,"Hoopa, CA",22469
11001008803,"Northeast Washington, Washington, DC",22468
47157022111,"Whitehaven, Memphis, TN",22467
36067001400,"Northside, Syracuse, NY",22467
12086003001,"Overtown, Miami, FL",22466
18003003000,"Pettit-Rudisill, Fort Wayne, IN",22463
42133001500,"York, PA",22461
22051020505,"Kenner, LA",22460
55078940102,"Keshena, WI",22457
17031440900,"South Side, Chicago, IL",22451
48309000800,"Brookview, Waco, TX",22450
1089000202,"Huntsville, AL",22448
37057061600,"Lexington, NC",22446
17031491300,"Roseland, Chicago, IL",22445
22071000400,"Whitney, New Orleans, LA",22445
26163546900,"Detroit, MI",22444
13081010100,"Cordele, GA",22444
35053978303,"Socorro, NM",22443
20173000900,"Fairmount, Wichita, KS",22443
1031011000,"Enterprise, AL",22441
17031530501,"South Side, Chicago, IL",22439
37047930900,"Whiteville, NC",22438
12031016300,"Southside, Jacksonville, FL",22438
22071000604,"Behrman, New Orleans, LA",22438
5139951000,"El Dorado, AR",22437
17031839600,"Bronzeville, Chicago, IL",22436
37017950200,"White Oak, NC",22434
39113001200,"Riverdale, Dayton, OH",22431
18097357200,"Fountain Square, Indianapolis, IN",22430
12085000800,"Stuart, FL",22430
47157010610,"Parkway Village, Memphis, TN",22430
47037016300,"Edgehill, Nashville, TN",22429
47037016000,"South Nashville, Nashville, TN",22423
36047028100,"Kings County, NY",22421
34013001900,"Lower Vailsburg, Newark, NJ",22418
45031011400,"Darlington, SC",22417
1101002900,"Montgomery, AL",22417
47037016200,"Edgehill, Nashville, TN",22412
26075001000,"Jackson, MI",22411
26163503300,"Osborn, Detroit, MI",22410
37119004400,"Charlotte, NC",22408
26163535400,"Fiskhorn, Detroit, MI",22407
39049007551,"Northeast Columbus, Columbus, OH",22406
36067003800,"Westside, Syracuse, NY",22399
48027020800,"Temple, TX",22398
39061009400,"East Price Hill, Cincinnati, OH",22398
21067000101,"Lexington, KY",22391
21117060900,"Austinburg, Covington, KY",22391
28107950100,"Sardis, MS",22388
48257050500,"Terrell, TX",22388
47025970400,"Clairfield, TN",22387
17031430400,"Grand Crossing, Chicago, IL",22386
13121011305,"East Point, GA",22385
21019030300,"Ashland, KY",22385
18035002800,"Downtown, Muncie, IN",22384
18163001300,"Tepe Park, Evansville, IN",22382
42003120300,"Lincoln-Lemington-Belmar, Pittsburgh, PA",22382
24510110100,"Downtown, Baltimore, MD",22380
48293970400,"Mexia, TX",22378
47065011444,"Chattanooga, TN",22377
12086003601,"Overtown, Miami, FL",22375
48113011104,"Oak Cliff, Dallas, TX",22374
29510126600,"Old North St. Louis, St. Louis, MO",22372
22071007501,"Holly Grove, New Orleans, LA",22371
35049001203,"Santa Fe, NM",22369
4001945002,"Houck, AZ",22367
4001944000,"Fort Defiance, AZ",22367
22033000100,"Mid City North, Baton Rouge, LA",22366
18097350400,"Mapleton - Fall Creek, Indianapolis, IN",22366
10003002200,"Hilltop, Wilmington, DE",22366
22071009700,"East Riverside, New Orleans, LA",22365
42101019900,"North Philadelphia, Philadelphia, PA",22363
26163505200,"LaSalle College Park, Detroit, MI",22363
39113000802,"Santa Clara, Dayton, OH",22361
48201313600,"OST/ South Union, Houston, TX",22360
42003560400,"Pittsburgh, PA",22358
12127090500,"DeLand, FL",22358
21189930200,"Ricetown, KY",22356
26121000500,"McLaughlin, Muskegon, MI",22354
1015000200,"Anniston, AL",22354
24510090700,"Coldstream - Homestead - Montebello, Baltimore, MD",22353
42101007102,"Southwest Philadelphia, Philadelphia, PA",22352
21047200400,"Hopkinsville, KY",22350
12057003200,"V. M. Ybor, Tampa, FL",22350
47157006300,"Cooper-Young, Memphis, TN",22347
13245010507,"Augusta, GA",22342
48303001300,"Slaton-Bean, Lubbock, TX",22340
45083020701,"Park Hills, Spartanburg, SC",22340
28047002000,"Gulfport, MS",22339
48201331200,"Southeast Houston, Houston, TX",22337
39007000701,"Ashtabula, OH",22337
12011041700,"Central Fort Lauderdale, Fort Lauderdale, FL",22335
22071003702,"Fairgrounds, New Orleans, LA",22333
17031381400,"South Side, Chicago, IL",22331
37067002702,"Winston-Salem, NC",22324
39035122200,"Lee - Miles, Cleveland, OH",22323
36047115600,"Kings County, NY",22321
13121007705,"Greenbriar, Atlanta, GA",22320
12073002004,"Tallahassee, FL",22319
21111001000,"Parkland, Louisville, KY",22317
51590001000,"Danville, VA",22316
42101020500,"North Philadelphia, Philadelphia, PA",22315
29510116400,"Gravois Park, St. Louis, MO",22312
1073002100,"South Eastlake, Birmingham, AL",22312
45083021700,"Spartanburg, SC",22310
39061008501,"Mount Airy, Cincinnati, OH",22305
37185950400,"Warrenton, NC",22302
29510108300,"Baden, St. Louis, MO",22301
26163531500,"Dexter-Linwood, Detroit, MI",22298
48201230100,"Northeast Houston, Houston, TX",22293
35055940100,"El Prado, NM",22289
42101013200,"North Philadelphia, Philadelphia, PA",22289
42003561900,"Lincoln-Lemington-Belmar, Pittsburgh, PA",22288
17031440800,"South Side, Chicago, IL",22284
34013003500,"West Side, Newark, NJ",22283
47157020521,"Memphis, TN",22283
47075930400,"Brownsville, TN",22282
21095970500,"Harlan County, KY",22280
12011010304,"Deerfield Beach, FL",22280
13121004300,"Atlanta University Center, Atlanta, GA",22274
12033001300,"Southeast Pensacola, Pensacola, FL",22274
39035188106,"Warrensville Heights, OH",22270
13051003302,"Cloverdale, Savannah, GA",22268
1073013100,"Tarpley City, Birmingham, AL",22265
26065006700,"Downtown, Lansing, MI",22264
13133950303,"Greensboro, GA",22263
21047200100,"Hopkinsville, KY",22263
39101000100,"Marion, OH",22262
18035000600,"Old West End, Muncie, IN",22260
42049000100,"Erie, PA",22258
17031271400,"East Garfield Park, Chicago, IL",22257
29510127500,"Downtown West, St. Louis, MO",22254
26163525000,"Delray, Detroit, MI",22251
13285960600,"LaGrange, GA",22250
48201230900,"Northeast Houston, Houston, TX",22247
47037012802,"Bordeaux Area, Nashville, TN",22247
55079002400,"Old North Milwaukee, Milwaukee, WI",22245
18097355900,"Fountain Square, Indianapolis, IN",22244
22017021300,"Highland, Stoner Hill, Shreveport, LA",22243
21111003700,"South Louisville, Louisville, KY",22242
37065021000,"Tarboro, NC",22238
13089023603,"Decatur, GA",22237
39095001202,"Toledo, OH",22235
13215010607,"Columbus, GA",22232
24510280101,"Reisterstown Station, Baltimore, MD",22227
22017020500,"Freestate, North Highlands, Shreveport, LA",22227
22051026900,"Marrero, LA",22227
6037236203,"Crenshaw, Los Angeles, CA",22226
47093001700,"Belle Morris, Knoxville, TN",22221
13095001000,"Albany, GA",22220
42101017201,"Allegheny West, Philadelphia, PA",22219
6037571600,"Carmelitos, Long Beach, CA",22218
34017005300,"Bergen/Lafayette, Jersey City, NJ",22216
42049000300,"Erie, PA",22214
1125011901,"Tuscaloosa, AL",22213
17031670900,"Englewood, Chicago, IL",22213
47179062000,"Johnson City, TN",22211
20209040800,"Northeast, Kansas City, KS",22209
12031000100,"Northside, Jacksonville, FL",22208
45067950300,"Mullins, SC",22207
11001004702,"Northwest Washington, Washington, DC",22206
39049002710,"Broadleigh, Columbus, OH",22205
12057010501,"Tampa, FL",22205
26025001000,"Battle Creek, MI",22204
32003003700,"North Las Vegas, NV",22204
36029001600,"Broadway - Fillmore, Buffalo, NY",22202
12071000504,"Fort Myers, FL",22201
48439103602,"Fort Worth, TX",22199
48201331900,"South Park, Houston, TX",22198
13105000300,"Elberton, GA",22196
17031081900,"Cabrini-Green, Chicago, IL",22196
37147002001,"Greenville, NC",22195
6037237900,"South Los Angeles, Los Angeles, CA",22195
27053110000,"Bryant, Minneapolis, MN",22194
18097352700,"Indianapolis, IN",22191
42085033400,"Farrell, PA",22189
18089010203,"Gary, IN",22188
42101010900,"Mantua, Philadelphia, PA",22187
12057003100,"Ybor Heights, Tampa, FL",22185
1035960200,"Evergreen, AL",22184
12103025505,"Clearwater, FL",22183
34011020503,"Bridgeton, NJ",22182
12086001402,"Little Haiti, Miami, FL",22181
28149950200,"Vicksburg, MS",22180
39145003500,"Portsmouth, OH",22180
26163516100,"Detroit, MI",22179
8101001200,"Lower East Side, Pueblo, CO",22179
39153501700,"University of Akron, Akron, OH",22178
39113000100,"Northern Hills, Dayton, OH",22178
45085001100,"Sumter, SC",22174
48113005901,"Cedar Crest, Dallas, TX",22170
20177000400,"Topeka, KS",22168
12031011600,"Magnolia Gardens, Jacksonville, FL",22168
12031011800,"Northwest, Jacksonville, FL",22168
42021000300,"Johnstown, PA",22167
37083930100,"Weldon, NC",22166
37051000500,"Douglas Byrd, Fayetteville, NC",22164
12086008304,"Miami, FL",22164
47119010500,"Columbia, TN",22161
28059041800,"Moss Point, MS",22159
21151010400,"Richmond, KY",22159
6001401600,"McClymonds, Oakland, CA",22158
28035000300,"Hattiesburg, MS",22158
26163535000,"Barton - McFarland, Detroit, MI",22154
45043920600,"Georgetown, SC",22154
45019000700,"Radcliffeborough, Charleston, SC",22154
12111380100,"Fort Pierce, FL",22154
12099001500,"Riviera Beach, FL",22153
26163540300,"Detroit, MI",22153
13037950200,"Edison, GA",22151
17031231100,"Humboldt Park, Chicago, IL",22150
45079001100,"Columbia, SC",22145
51680001900,"Fairview Heights, Lynchburg, VA",22145
48201332000,"Southeast Houston, Houston, TX",22139
42101008500,"Cobbs Creek, Philadelphia, PA",22137
37063001303,"North Carolina Central University, Durham, NC",22136
37063000301,"Walltown, Durham, NC",22131
17031710900,"Auburn Gresham, Chicago, IL",22131
17197882500,"Joliet, IL",22128
13021013302,"Macon, GA",22127
13089022009,"Clarkston, GA",22125
26163525400,"Detroit, MI",22124
26077000600,"Vine, Kalamazoo, MI",22122
37063000402,"Old West Durham, Durham, NC",22119
37093970202,"Raeford, NC",22116
21111000800,"Shawnee, Louisville, KY",22114
1073013300,"Bessemer, AL",22114
37155961802,"Fairmont, NC",22113
28125950100,"Rolling Fork, MS",22112
34011020100,"Bridgeton, NJ",22111
9011870300,"New London, CT",22111
13259950400,"Lumpkin, GA",22110
18089011800,"Gary, IN",22110
29021001200,"Saint Joseph, MO",22107
22071000702,"Holy Cross, New Orleans, LA",22107
42101016800,"North Philadelphia, Philadelphia, PA",22107
45013000200,"Beaufort, SC",22105
42101006500,"Philadelphia, PA",22105
37181960500,"Henderson, NC",22104
26163514500,"Detroit, MI",22103
17031611900,"Back of the Yards, Chicago, IL",22103
11001007401,"Barry Farm, Washington, DC",22097
1073005200,"West End Manor, Birmingham, AL",22096
39035151200,"East Cleveland, OH",22095
39153506200,"West Akron, Akron, OH",22094
36055005500,"North Marketview Heights, Rochester, NY",22093
29155470200,"Hayti, MO",22092
45049920500,"Estill, SC",22091
29095005601,"East Side, Kansas City, MO",22089
13121008000,"Venetian Hills, Atlanta, GA",22087
22071008400,"Central City, New Orleans, LA",22087
34001002400,"Atlantic City, NJ",22086
48201313500,"South Side, Houston, TX",22086
42101003200,"Point Breeze, Philadelphia, PA",22083
26163504800,"Detroit, MI",22082
17031430500,"South Side, Chicago, IL",22082
54039000800,"Charleston, WV",22081
12011040901,"Central Fort Lauderdale, Fort Lauderdale, FL",22080
42101017100,"Allegheny West, Philadelphia, PA",22080
42049000700,"Erie, PA",22079
47157007500,"South Memphis, Memphis, TN",22076
39035111202,"St. Clair - Superior, Cleveland, OH",22075
42003483800,"Homestead, PA",22074
48183001500,"Longview, TX",22073
21111002100,"Portland, Louisville, KY",22072
40143000900,"Tulsa, OK",22071
29021001000,"Saint Joseph, MO",22069
39095005400,"La Onda, Toledo, OH",22068
36029004001,"Leroy, Buffalo, NY",22068
39093097300,"Lorain, OH",22067
13051004500,"Midtown, Savannah, GA",22064
1073010301,"Bessemer, AL",22061
37021000400,"Five Points, Asheville, NC",22056
31055006000,"North Omaha, Omaha, NE",22055
5091020500,"College Hill, Texarkana, AR",22053
47065002400,"East Lake, Chattanooga, TN",22050
29095007700,"North Town Fork Creek, Kansas City, MO",22048
22033003103,"Scotlandville, Baton Rouge, LA",22048
37083930800,"Hollister, NC",22047
22051020600,"Kenner, LA",22047
47053966900,"Humboldt, TN",22046
12081000704,"Bradenton, FL",22045
48029130600,"East Side, San Antonio, TX",22043
24510151300,"Central Park Heights, Baltimore, MD",22041
8101002200,"Bessemer, Pueblo, CO",22040
13089023112,"Decatur, GA",22040
48113011105,"Oak Cliff, Dallas, TX",22039
24510271600,"Edgecomb, Baltimore, MD",22039
13087970400,"Bainbridge, GA",22038
36047002901,"Kings County, NY",22035
36005013500,"Bronx County, NY",22034
26163513600,"Detroit, MI",22033
12039020701,"Quincy, FL",22032
29510108100,"Baden, St. Louis, MO",22031
40109101400,"Central Oklahoma City, Oklahoma City, OK",22030
18141000400,"LaSalle Area, South Bend, IN",22029
26125141700,"Pontiac, MI",22029
28049000700,"Queens-Magnolia Terrace, Jackson, MS",22028
47157002700,"Binghampton, Memphis, TN",22024
42003120800,"Larimer, Pittsburgh, PA",22023
5119004700,"Downtown, Little Rock, AR",22021
17031440101,"East Chatham, Chicago, IL",22020
22071011100,"Freret, New Orleans, LA",22019
29095016900,"East Side, Kansas City, MO",22016
26163536100,"Fitzgerald, Detroit, MI",22016
13099090500,"Jakin, GA",22015
1119011300,"Livingston, AL",22014
24510120400,"Barclay, Baltimore, MD",22014
17163502900,"East Saint Louis, IL",22012
18163001200,"Goosetown, Evansville, IN",22011
45075011100,"Orangeburg, SC",22009
11001008804,"Northeast Washington, Washington, DC",22008
27053005902,"Phillips, Minneapolis, MN",22008
34025807003,"Asbury Park, NJ",22007
17031829700,"Sauk Village, IL",22005
17031710200,"Auburn Gresham, Chicago, IL",22004
18003004400,"Oxford, Fort Wayne, IN",21996
18105000601,"Bloomington, IN",21995
24510200100,"Lexington, Baltimore, MD",21994
35031943500,"Crownpoint, NM",21993
48303000605,"North Overton, Lubbock, TX",21993
37119004000,"Westerly Hills, Charlotte, NC",21992
17031390400,"Kenwood, Chicago, IL",21987
42101011100,"Carroll Park, Philadelphia, PA",21986
37133000800,"Jacksonville, NC",21986
18141000200,"Far Northwest, South Bend, IN",21984
42101009600,"Haddington, Philadelphia, PA",21984
12099001200,"West Palm Beach, FL",21983
34001001900,"Atlantic City, NJ",21981
36055005100,"Group 14621, Rochester, NY",21980
42071014700,"Lancaster, PA",21980
13089023411,"Decatur, GA",21978
21067000900,"Lexington, KY",21977
51590001100,"Danville, VA",21975
36081097203,"Queens County, NY",21966
28047003900,"Biloxi, MS",21965
12069030504,"Leesburg, FL",21961
36029002502,"Willert Park, Buffalo, NY",21960
39035119600,"Woodland Hills, Cleveland, OH",21958
35006946100,"Cibola County, NM",21956
45011970500,"Barnwell, SC",21956
26163503600,"Osborn, Detroit, MI",21955
42101019501,"Fairhill, Philadelphia, PA",21952
13121011306,"Atlanta, GA",21951
39113000900,"Five Oaks, Dayton, OH",21950
48201331100,"Southeast Houston, Houston, TX",21950
48245006100,"Port Arthur, TX",21950
48113016607,"Dallas, TX",21949
13089023410,"Decatur, GA",21947
42133001200,"York, PA",21944
21071920600,"McDowell, KY",21943
21111004301,"Jacobs, Louisville, KY",21943
34025807300,"Asbury Park, NJ",21943
42003250700,"California-Kirkbride, Pittsburgh, PA",21943
48277000600,"Paris, TX",21941
35001940700,"Albuquerque, NM",21938
47065001300,"Ridgedale, Chattanooga, TN",21938
13319960400,"Irwinton, GA",21937
24510080302,"Berea, Baltimore, MD",21937
29095008100,"Eastern 49-63, Kansas City, MO",21933
36065021500,"Utica, NY",21933
37119005510,"West Sugar Creek, Charlotte, NC",21932
26159010600,"Covert, MI",21931
39049004700,"Central Hilltop, Columbus, OH",21930
12009064902,"Booker Heights, Melbourne, FL",21928
13131950300,"Cairo, GA",21927
45061920500,"Mayesville, SC",21923
51710005701,"Partra, Norfolk, VA",21920
13121008101,"Westwood Terrace, Atlanta, GA",21919
18097351900,"Martindale-Brightwood, Indianapolis, IN",21919
13215011200,"Columbus, GA",21919
42101028000,"Olney-Oak Lane, Philadelphia, PA",21918
39153504200,"South Akron, Akron, OH",21914
28049002400,"Jackson, MS",21914
48145000400,"Marlin, TX",21913
13175950300,"Dublin, GA",21911
26163533400,"Petosky-Otsego, Detroit, MI",21910
37131920401,"Gaston, NC",21908
39151714200,"Massillon, OH",21907
28063950200,"Fayette, MS",21906
45079002800,"Midtown - Downtown, Columbia, SC",21903
27137001900,"Downtown - Waterfront, Duluth, MN",21903
4013116100,"South Mountain Village, Phoenix, AZ",21898
22071000200,"McDonough, New Orleans, LA",21898
47157010620,"Parkway Village, Memphis, TN",21897
34013001400,"Fairmount, Newark, NJ",21897
17031843400,"Lawndale, Chicago, IL",21897
45019003105,"North Charleston, SC",21895
36061022600,"Harlem, New York, NY",21893
22071013200,"Leonidas, New Orleans, LA",21893
26163503200,"Osborn, Detroit, MI",21891
51550020200,"South Norfolk, Chesapeake, VA",21890
17031560200,"South Side, Chicago, IL",21890
34007601500,"Whitman Park, Camden, NJ",21888
25013811700,"Downtown, Holyoke, MA",21887
17031670400,"Englewood, Chicago, IL",21887
47093000800,"South Knoxville, Knoxville, TN",21886
45049920300,"Yemassee, SC",21885
12111380901,"Fort Pierce, FL",21885
22055000200,"Lafayette, LA",21885
29189216000,"University City, MO",21878
21037050100,"Newport, KY",21874
28119950300,"Lambert, MS",21871
42021000200,"Johnstown, PA",21871
13023790200,"Cochran, GA",21871
37131920300,"Garysburg, NC",21871
42011001200,"Reading, PA",21868
18053000200,"Marion, IN",21865
42101003100,"South Philadelphia, Philadelphia, PA",21860
12057012900,"Plant City, FL",21859
45027960802,"Summerton, SC",21857
47157011010,"Oakhaven, Memphis, TN",21857
51131930100,"Exmore, VA",21856
24510260403,"Cedonia, Baltimore, MD",21855
26163501300,"Morningside, Detroit, MI",21851
26081001400,"Belknap Lookout, Grand Rapids, MI",21849
47065012300,"East Chattanooga Neighborhood Association, Chattanooga, TN",21848
18141002300,"LaSalle Park, South Bend, IN",21847
18035001600,"Thomas Park - Avondale, Muncie, IN",21843
2020000901,"Airport Heights Community Council, Anchorage, AK",21839
42013101900,"Altoona, PA",21838
47065002500,"East Lake, Chattanooga, TN",21837
6025012400,"Niland, CA",21836
12107950800,"Palatka, FL",21834
51760010700,"Northside, Richmond, VA",21832
36007001300,"Binghamton, NY",21832
54039001200,"Charleston, WV",21832
24510120300,"Harwood, Baltimore, MD",21829
17031540102,"Golden Gate, Chicago, IL",21829
17031381800,"South Side, Chicago, IL",21828
36047090800,"Kings County, NY",21826
34031181500,"Paterson, NJ",21823
48423000700,"Tyler, TX",21820
51540000401,"Ridge St., Charlottesville, VA",21819
40143001300,"United Neighborhood of Springdale, Tulsa, OK",21817
36083040600,"Troy, NY",21816
36067003200,"Downtown, Syracuse, NY",21815
29095007500,"Eastern 49-63, Kansas City, MO",21814
40031000200,"Lawton, OK",21813
13063040306,"Forest Park, GA",21813
1097002302,"Maryvale, Mobile, AL",21810
51710005800,"Norfolk, VA",21807
51730810500,"Petersburg, VA",21806
39035101700,"Cudell, Cleveland, OH",21805
31055005901,"North Omaha, Omaha, NE",21803
45023021000,"Great Falls, SC",21803
1013953100,"Greenville, AL",21800
12031010700,"Northside, Jacksonville, FL",21799
39153504400,"South Akron, Akron, OH",21798
34007601900,"Morgan Village, Camden, NJ",21798
12011030500,"Pompano Beach, FL",21798
37051001903,"Douglas Byrd, Fayetteville, NC",21796
13089023504,"Decatur, GA",21794
28163950200,"Yazoo City, MS",21792
26163535500,"Fiskhorn, Detroit, MI",21792
9003501400,"Upper Albany, Hartford, CT",21791
51650010502,"Briarfield, Hampton, VA",21787
47125100900,"Clarksville, TN",21786
39145003600,"2nd Ward, Portsmouth, OH",21786
36061023502,"Harlem, New York, NY",21786
28001000200,"Natchez, MS",21784
17031292200,"Lawndale, Chicago, IL",21783
18163001400,"Ballard, Evansville, IN",21782
39035154300,"Garfield Heights, OH",21782
26049010305,"Mount Morris, MI",21781
48355000500,"Central City, Corpus Christi, TX",21777
17031252202,"Austin, Chicago, IL",21776
45045002303,"Greenville, SC",21775
45079010803,"Columbia, SC",21772
26163540100,"Detroit, MI",21771
36055005300,"North Marketview Heights, Rochester, NY",21771
39049002520,"Eastgate, Columbus, OH",21770
21111004302,"Hazelwood, Louisville, KY",21769
39151700500,"Canton, OH",21768
39095002402,"Ottawa, Toledo, OH",21768
26163545200,"Grandale, Detroit, MI",21768
4013116000,"South Mountain Village, Phoenix, AZ",21765
6065044521,"Whitewater, CA",21759
39049000820,"North Linden, Columbus, OH",21759
35043940700,"Algodones, NM",21756
39139000600,"Mansfield, OH",21754
26077000100,"Eastside, Kalamazoo, MI",21752
13063040203,"Atlanta, GA",21751
13071970300,"Moultrie, GA",21751
17031711400,"South Side, Chicago, IL",21750
26163516300,"Islandview, Detroit, MI",21749
42043021400,"Harrisburg, PA",21748
39035151800,"East Cleveland, OH",21745
17031827600,"Markham, IL",21741
5035031100,"Earle, AR",21741
51760011100,"Northside, Richmond, VA",21740
17031824300,"Robbins, IL",21739
21111000200,"Portland, Louisville, KY",21738
1073003002,"College Hills, Birmingham, AL",21733
28011950701,"Cleveland, MS",21731
34021001102,"West End, Trenton, NJ",21730
24510030100,"Perkins Homes, Baltimore, MD",21730
37013930300,"Washington, NC",21729
26163501100,"Detroit, MI",21728
36001000200,"Arbor Hill, Albany, NY",21725
36005002701,"Bronx County, NY",21722
30005940100,"Harlem, MT",21719
17167002400,"Springfield, IL",21717
12031002501,"Northwest, Jacksonville, FL",21717
39095006600,"Scott Park, Toledo, OH",21717
51770001100,"Roanoke, VA",21717
26163532600,"Detroit, MI",21717
12057002100,"Southeast Seminole Heights, Tampa, FL",21717
17031836000,"Bronzeville, Chicago, IL",21716
36071000501,"Newburgh, NY",21714
26163537700,"Detroit, MI",21711
39017014400,"Middletown, OH",21708
13261950300,"Americus, GA",21708
12117020302,"Sanford, FL",21707
47093006600,"Knoxville, TN",21706
26163503400,"Osborn, Detroit, MI",21705
51760021000,"East End, Richmond, VA",21703
37135011300,"Chapel Hill, NC",21703
34021001700,"North Trenton, Trenton, NJ",21699
39049008730,"South Columbus, Columbus, OH",21692
29189212200,"St. Louis, MO",21692
13121007806,"Fairburn Road/ Wisteria Lane, Atlanta, GA",21688
13071970800,"Moultrie, GA",21688
17031670300,"Englewood, Chicago, IL",21686
21117060700,"Westside, Covington, KY",21685
39061004702,"Linwood, Cincinnati, OH",21684
42007604500,"Aliquippa, PA",21683
28067950700,"Laurel, MS",21681
2170000401,"Wasilla, AK",21680
26161411200,"Ypsilanti, MI",21679
36067002400,"Northside, Syracuse, NY",21678
13021012600,"Macon, GA",21677
28089030500,"Canton, MS",21675
1125012800,"Tuscaloosa, AL",21673
12099004903,"Lake Worth, FL",21673
22069000400,"Natchitoches, LA",21672
27053102800,"Willard-Hay, Minneapolis, MN",21668
39049007520,"Northeast Columbus, Columbus, OH",21667
17031420700,"South Side, Chicago, IL",21665
48453000802,"East Austin, Austin, TX",21664
36065021201,"Utica, NY",21662
1097000200,"Central Business District, Mobile, AL",21660
12039020300,"Quincy, FL",21657
36055006900,"Plymouth-Exchange, Rochester, NY",21656
22071010600,"Uptown/Carrollton, New Orleans, LA",21656
13121008201,"Collier Heights, Atlanta, GA",21651
26081003100,"Madison Area, Grand Rapids, MI",21649
48347950700,"Nacogdoches, TX",21648
12086001005,"Miami, FL",21647
47093002600,"Knoxville, TN",21644
28087000600,"Columbus, MS",21644
39061005500,"Madisonville, Cincinnati, OH",21643
26125141600,"Pontiac, MI",21641
51800065100,"Suffolk, VA",21640
5001480400,"Stuttgart, AR",21640
37183052101,"Southeast Raleigh, Raleigh, NC",21639
6075023103,"Bayview, San Francisco, CA",21638
26163511300,"Detroit, MI",21637
39035110801,"North Broadway, Cleveland, OH",21636
39095001700,"Lagrange, Toledo, OH",21634
13243790100,"Randolph County, GA",21634
17163502800,"East Saint Louis, IL",21630
18141001000,"Northeast South Bend, South Bend, IN",21629
47157001700,"Crosstown, Memphis, TN",21628
39023001101,"Springfield, OH",21627
48309000100,"Brazos, Waco, TX",21625
17031681100,"Englewood, Chicago, IL",21624
47157003000,"Binghampton, Memphis, TN",21621
1073010602,"Fairfield, AL",21620
21111006600,"Old Louisville, Louisville, KY",21620
9009350100,"Waterbury, CT",21615
12099001801,"North Shore, West Palm Beach, FL",21615
12011060304,"Lauderhill, FL",21615
26025003600,"Albion, MI",21613
54045956200,"Holden, WV",21613
45087030200,"Union, SC",21610
39101000200,"Marion, OH",21605
26163507500,"Highland Park, MI",21604
12001002217,"Gainesville, FL",21604
45019003800,"North Charleston, SC",21603
37097060400,"Statesville, NC",21603
47157010000,"Frayser, Memphis, TN",21602
55101000300,"Racine, WI",21601
28087000900,"Columbus, MS",21597
26163534300,"Detroit, MI",21596
29095016400,"East Community Team South, Kansas City, MO",21595
13067030414,"Marietta, GA",21593
29069360100,"Malden, MO",21593
47157022112,"Whitehaven, Memphis, TN",21592
24510271001,"Baltimore, MD",21592
48113005500,"Cedar Crest, Dallas, TX",21591
26163531400,"Dexter-Linwood, Detroit, MI",21590
37071032900,"Gastonia, NC",21587
26163541100,"Detroit, MI",21586
4013114301,"Central City, Phoenix, AZ",21585
48113020200,"Dallas, TX",21583
47037014200,"FANG, Nashville, TN",21582
20209040400,"Northwest, Kansas City, KS",21580
42003210700,"Manchester, Pittsburgh, PA",21577
18097355700,"Indianapolis, IN",21575
13021011702,"Macon, GA",21574
35045943100,"Tohatchi, NM",21572
29095005200,"East Side, Kansas City, MO",21568
42003561200,"Pittsburgh, PA",21564
17097863100,"North Chicago, IL",21562
18097355000,"Englewood, Indianapolis, IN",21561
26163500300,"Detroit, MI",21560
18097357100,"Fountain Square, Indianapolis, IN",21556
37093970201,"Raeford, NC",21555
28151001700,"Leland, MS",21553
35001001600,"Silver Hill, Albuquerque, NM",21553
13089023108,"Decatur, GA",21552
55079004400,"Williamsburg Heights, Milwaukee, WI",21550
24510060400,"Baltimore, MD",21548
13273120300,"Dawson, GA",21547
42101009200,"West Powelton, Philadelphia, PA",21546
47157011020,"Oakhaven, Memphis, TN",21546
17201003200,"Rockford, IL",21545
42101015600,"Norris Square, Philadelphia, PA",21545
37081014406,"High Point, NC",21543
37141920204,"Maple Hill, NC",21541
17031836700,"East Garfield Park, Chicago, IL",21539
13141480400,"Sparta, GA",21539
26163537800,"Detroit, MI",21539
22051028100,"Kenner, LA",21534
12071000302,"Piedmont Gardens, Fort Myers, FL",21532
8031002402,"North, Denver, CO",21530
22045031000,"New Iberia, LA",21528
26163507100,"Grixdale, Detroit, MI",21528
18097350600,"Devington, Indianapolis, IN",21526
26163546000,"Warrendale, Detroit, MI",21525
42003030500,"Crawford-Roberts, Pittsburgh, PA",21521
51760010600,"Ginter Park Terrace, Richmond, VA",21520
48453002109,"MLK, Austin, TX",21520
12095017600,"Apopka, FL",21520
17031080400,"Old Town, Chicago, IL",21514
26163506200,"Detroit, MI",21512
29077001800,"Springfield, MO",21511
1047957300,"Selma, AL",21508
17163502500,"East Saint Louis, IL",21505
17031681000,"Englewood, Chicago, IL",21502
12095018300,"Haralson Estates, Orlando, FL",21500
18097330803,"Indianapolis, IN",21499
12001001400,"Gainesville, FL",21499
26163516600,"Elmwood Park, Detroit, MI",21498
2090000300,"Fairbanks, AK",21497
21111006500,"Shelby Park, Louisville, KY",21497
17077011200,"Carbondale, IL",21497
24510120500,"Greenmount West, Baltimore, MD",21491
12033000800,"Southeast Pensacola, Pensacola, FL",21487
36029004200,"LaSalle, Buffalo, NY",21486
47037012200,"East Nashville, Nashville, TN",21486
47157021900,"Oakhaven, Memphis, TN",21486
13099090400,"Blakely, GA",21486
42003261400,"Perry South, Pittsburgh, PA",21484
51740213200,"Park View, Portsmouth, VA",21484
36055006300,"19th Ward, Rochester, NY",21484
12086001701,"Brownsville, Miami, FL",21483
51740210500,"Port Norfolk, Portsmouth, VA",21478
13237960202,"Eatonton, GA",21478
1101002100,"Montgomery, AL",21477
22117950800,"Bogalusa, LA",21472
42101009400,"Haddington, Philadelphia, PA",21472
26163533600,"Detroit, MI",21472
40109105800,"Central Oklahoma City, Oklahoma City, OK",21469
12086007101,"Coconut Grove, Miami, FL",21466
18097350900,"Mapleton - Fall Creek, Indianapolis, IN",21466
22033000601,"Mid City North, Baton Rouge, LA",21462
12001001520,"Gainesville, FL",21460
17031470100,"South Side, Chicago, IL",21459
42101010500,"Mill Creek, Philadelphia, PA",21459
51760030200,"Downtown, Richmond, VA",21458
12031015502,"Arlington, Jacksonville, FL",21454
48029130500,"East Side, San Antonio, TX",21452
36001000800,"Sheridan Hollow, Albany, NY",21452
48113008703,"Cedar Crest, Dallas, TX",21452
48375012000,"Amarillo, TX",21451
1017954400,"Lanett, AL",21448
12127081500,"Kingston, Daytona Beach, FL",21447
37119000400,"Charlotte, NC",21445
48027022801,"Killeen, TX",21445
26163506600,"Detroit, MI",21443
5031000602,"Jonesboro, AR",21442
48201313800,"OST/ South Union, Houston, TX",21441
51710000201,"Bay View, Norfolk, VA",21440
28021950100,"Hermanville, MS",21439
48113020500,"West Dallas, Dallas, TX",21438
37021001000,"Asheville, NC",21438
48201533300,"Acres Homes, Houston, TX",21438
13021012400,"Macon, GA",21435
42003130600,"East Hills, Pittsburgh, PA",21434
48309001100,"North Waco, Waco, TX",21434
21067001800,"Lexington, KY",21432
26049003200,"Flint, MI",21431
48113010904,"Oak Cliff, Dallas, TX",21428
6047001601,"Merced, CA",21427
37155960201,"Lumber Bridge, NC",21424
37151030302,"Asheboro, NC",21422
17031381500,"Bronzeville, Chicago, IL",21420
29510126700,"Hyde Park, St. Louis, MO",21417
46113940800,"Pine Ridge, SD",21416
29510106700,"Kingsway East, St. Louis, MO",21416
42045405400,"Chester, PA",21415
39017000400,"Hamilton, OH",21413
17031420400,"South Side, Chicago, IL",21410
39113070700,"Dayton, OH",21407
26163506500,"Krainz Woods, Detroit, MI",21406
17163504500,"East Saint Louis, IL",21397
22017022100,"Queensborough, Shreveport, LA",21395
1101006100,"Montgomery, AL",21393
51760060900,"South Richmond, Richmond, VA",21391
45031010100,"Darlington, SC",21389
55079004700,"Franklin Heights, Milwaukee, WI",21387
13115002100,"Rome, GA",21386
1055001300,"Gadsden, AL",21385
13245010512,"Augusta, GA",21385
1023956700,"Lisman, AL",21385
42043020800,"Uptown, Harrisburg, PA",21384
45019003400,"North Charleston, SC",21382
45061920600,"Lynchburg, SC",21379
17031251100,"Austin, Chicago, IL",21374
42101008301,"Cobbs Creek, Philadelphia, PA",21373
48201550200,"Greater Greenspoint, Houston, TX",21370
45045000900,"Southernside, Greenville, SC",21370
48395960200,"Calvert, TX",21369
36047002300,"Kings County, NY",21368
26163533500,"Detroit, MI",21364
12005001800,"Millville Holmes, Panama City, FL",21363
47157022210,"Westwood, Memphis, TN",21363
17183000200,"Danville, IL",21361
42101013100,"North Philadelphia, Philadelphia, PA",21356
12107951401,"Crescent City, FL",21345
12021011204,"Corkscrew, Immokalee, FL",21344
39035120500,"Union - Miles Park, Cleveland, OH",21342
31055005300,"Erskine Park, Omaha, NE",21340
1073013801,"Bessemer, AL",21340
12086002202,"Little Haiti, Miami, FL",21339
12117020202,"Sanford, FL",21338
48245005100,"Port Arthur, TX",21338
34013006600,"Springfield/Belmont, Newark, NJ",21337
26163539700,"Detroit, MI",21336
37159052000,"Salisbury, NC",21336
9009140200,"The Hill, New Haven, CT",21334
13121006900,"Custer/McDonough/Guice, Atlanta, GA",21333
10001041300,"Dover, DE",21332
28095950700,"Aberdeen, MS",21332
23019940000,"Old Town, ME",21330
39035120802,"Mount Pleasant, Cleveland, OH",21329
13121006100,"Bush Mountain, Atlanta, GA",21328
5069001501,"Pine Bluff, AR",21327
39017014000,"Middletown, OH",21326
45045001502,"Pleasant Valley, Greenville, SC",21326
17031691400,"South Side, Chicago, IL",21324
47063100800,"Morristown, TN",21324
34007600200,"Gateway, Camden, NJ",21323
37057061400,"Lexington, NC",21323
37119004302,"Thomasboro - Hoskins, Charlotte, NC",21316
12009062301,"Cocoa Modern Manors, Cocoa, FL",21314
1073003803,"Oakwood Place, Birmingham, AL",21314
21145030500,"Paducah, KY",21310
1101005603,"Montgomery, AL",21308
24510080102,"Belair - Edison, Baltimore, MD",21306
12103020301,"Bayou Shores, Saint Petersburg, FL",21305
1097002400,"Rickarby, Mobile, AL",21304
28049010301,"Presidential Hills, Jackson, MS",21304
48267950200,"Junction, TX",21301
42045405300,"Chester, PA",21301
12086001003,"Miami, FL",21299
9003500900,"Clay Arsenal, Hartford, CT",21298
22071009100,"Central City, New Orleans, LA",21292
42045405000,"Chester, PA",21292
45079011000,"Columbia, SC",21291
48201230200,"Northeast Houston, Houston, TX",21290
42029305500,"Coatesville, PA",21289
12031011300,"Northside, Jacksonville, FL",21288
1073010200,"Bessemer, AL",21288
47079969400,"Paris, TN",21283
37067001400,"Winston-Salem, NC",21282
1073003900,"Birmingham, AL",21281
42101010300,"Haddington, Philadelphia, PA",21280
13121011201,"East Point, GA",21279
26163531100,"Detroit, MI",21277
18089011400,"Gary, IN",21272
12105010900,"Lakeland, FL",21271
37067003404,"Winston-Salem, NC",21271
26163543500,"Detroit, MI",21269
36055001300,"Upper Falls, Rochester, NY",21268
39095002300,"Warren Sherman, Toledo, OH",21266
36055002300,"Edgerton, Rochester, NY",21265
53015001000,"Kelso, WA",21265
42101013300,"Fairmount, Philadelphia, PA",21263
13255160400,"Griffin, GA",21262
42003111300,"East Liberty, Pittsburgh, PA",21262
47157980100,"Memphis, TN",21257
12099001402,"West Palm Beach, FL",21254
26163553100,"Highland Park, MI",21254
42003020300,"Strip District, Pittsburgh, PA",21254
42043021600,"Harrisburg, PA",21253
13185010900,"Valdosta, GA",21249
22033005200,"Highlands/Perkins, Baton Rouge, LA",21246
26049003400,"Flint, MI",21246
36071000400,"Newburgh, NY",21244
12095017001,"Orlando, FL",21243
42101024700,"East Germantown, Philadelphia, PA",21241
18095011900,"Anderson, IN",21241
11001006400,"Southwest Washington, Washington, DC",21239
47157001100,"The Heights, Memphis, TN",21236
39035150400,"East Cleveland, OH",21235
1073002200,"Eastlake, Birmingham, AL",21235
17143001300,"Peoria, IL",21234
28051950100,"Durant, MS",21233
12057002000,"East Tampa, Tampa, FL",21231
42043020700,"Uptown, Harrisburg, PA",21231
51740212600,"Portsmouth, VA",21229
48029130800,"East Side, San Antonio, TX",21229
37093970300,"Raeford, NC",21228
11001004701,"Northwest Washington, Washington, DC",21227
48113009304,"Dallas, TX",21224
1081041400,"Opelika, AL",21223
18097354900,"Indianapolis, IN",21223
21145030300,"Paducah, KY",21223
42101008602,"Walnut Hill, Philadelphia, PA",21221
21111001200,"Chickasaw, Louisville, KY",21220
39035120701,"Mount Pleasant, Cleveland, OH",21219
17031843600,"South Side, Chicago, IL",21219
36015000700,"Elmira, NY",21218
18089012000,"Gary, IN",21218
17031710300,"Auburn Gresham, Chicago, IL",21213
48201211400,"Northside, Houston, TX",21212
28043950300,"Grenada, MS",21212
1073004000,"Arlington - West End, Birmingham, AL",21210
55079004000,"Lincoln Creek, Milwaukee, WI",21208
20177001100,"East Topeka North, Topeka, KS",21208
46085940100,"Lower Brule, SD",21204
1097003602,"Hillsdale, Mobile, AL",21203
48303000603,"North Overton, Lubbock, TX",21198
26065004100,"Grand River, East Lansing, MI",21195
13121008301,"Center Hill, Atlanta, GA",21192
37119005305,"Hidden Valley, Charlotte, NC",21190
11001009802,"Southeast Washington, Washington, DC",21190
18141001900,"Northwest South Bend, South Bend, IN",21189
22033000602,"Mid City North, Baton Rouge, LA",21188
17163501200,"East Saint Louis, IL",21183
22071002100,"St. Roch, New Orleans, LA",21182
37147000602,"Greenville, NC",21182
26163512100,"Chandler Park, Detroit, MI",21182
12086002001,"Little River, Miami, FL",21176
17031670100,"Englewood, Chicago, IL",21172
48027020702,"Temple, TX",21172
11001007404,"Douglass, Washington, DC",21171
12033003100,"Northwest Pensacola, Pensacola, FL",21170
24510130200,"Reservoir Hill, Baltimore, MD",21169
5119001800,"Oak Forest, Little Rock, AR",21168
4013111203,"Camelback East Village, Phoenix, AZ",21166
18095000900,"Anderson, IN",21164
17031530200,"South Side, Chicago, IL",21164
26163506900,"Detroit, MI",21163
20209040900,"Northeast, Kansas City, KS",21157
42101020300,"North Philadelphia, Philadelphia, PA",21155
13287970200,"Ashburn, GA",21155
42101015300,"North Philadelphia, Philadelphia, PA",21154
4021002103,"Eloy, AZ",21154
17031381200,"Bronzeville, Chicago, IL",21153
34031181400,"Paterson, NJ",21147
45027960801,"Summerton, SC",21145
12105016400,"Parker Street, Lakeland, FL",21142
29510121100,"Midtown, St. Louis, MO",21141
36055002700,"Mayor's Heights, Rochester, NY",21137
13215003301,"Columbus, GA",21137
5119004800,"Capitol View - Stifft Station, Little Rock, AR",21132
28059041600,"Moss Point, MS",21132
47157006600,"Cooper-Young, Memphis, TN",21131
4017940014,"Ganado, AZ",21127
12073001002,"Tallahassee, FL",21122
39113002000,"Wright View, Dayton, OH",21121
28049000500,"Jackson, MS",21118
37119003802,"Clanton Park - Roseland, Charlotte, NC",21116
13063040520,"Atlanta, GA",21115
36029016800,"Masten Park, Buffalo, NY",21115
12011030801,"Pompano Beach, FL",21113
39049001400,"South Linden, Columbus, OH",21112
13121008102,"Harland Terrace, Atlanta, GA",21109
48113005700,"Cedar Crest, Dallas, TX",21108
54047954501,"Anawalt, WV",21108
39095006700,"Scott Park, Toledo, OH",21107
12086001002,"Miami, FL",21106
28159950300,"Louisville, MS",21103
1073003700,"Ensley Highlands, Birmingham, AL",21103
36005014702,"Bronx County, NY",21102
37065020300,"Meadowbrook, Rocky Mount, NC",21101
39049001200,"University, Columbus, OH",21099
17031530600,"South Side, Chicago, IL",21098
24510130300,"Penn North, Baltimore, MD",21098
34007601800,"Waterfront South, Camden, NJ",21096
55079002500,"Old North Milwaukee, Milwaukee, WI",21090
26163535700,"Barton - McFarland, Detroit, MI",21090
48167724600,"Galveston, TX",21089
39153506800,"Downtown, Akron, OH",21088
17031261000,"Garfield Park, Chicago, IL",21086
17031836300,"South Side, Chicago, IL",21084
12057012211,"Tampa, FL",21083
13185011301,"Valdosta, GA",21081
37127010400,"Rocky Mount, NC",21081
26163514200,"Detroit, MI",21077
12099006802,"Delray Beach, FL",21072
9003503800,"Hartford, CT",21069
17163501100,"East Saint Louis, IL",21066
13245001300,"Augusta, GA",21065
24510160700,"Rosemont, Baltimore, MD",21059
13121011202,"East Point, GA",21057
4013941300,"Scottsdale, AZ",21054
39017013100,"Middletown, OH",21053
13121007001,"Swallow Circle-Baywood, Atlanta, GA",21046
39003014100,"Lima, OH",21044
13153020400,"Warner Robins, GA",21043
10003000500,"Brandywine Village, Wilmington, DE",21043
39035119702,"Buckeye - Shaker, Cleveland, OH",21041
17031672000,"Englewood, Chicago, IL",21041
42045404800,"Chester, PA",21039
1073013601,"Brighton, AL",21036
39095003500,"ONYX, Toledo, OH",21035
37021000200,"Asheville, NC",21034
37107010700,"Kinston, NC",21034
13215010605,"Columbus, GA",21033
24510080400,"Broadway East, Baltimore, MD",21031
39003013800,"Lima, OH",21028
24510150400,"Mondawmin, Baltimore, MD",21027
26163546400,"Weatherby, Detroit, MI",21025
17031671600,"Englewood, Chicago, IL",21024
12031002701,"Northwest, Jacksonville, FL",21024
39061009300,"East Price Hill, Cincinnati, OH",21024
22033002200,"Baton Rouge, LA",21023
48113008701,"Cedar Crest, Dallas, TX",21023
47157006400,"Glenview, Memphis, TN",21021
39049002600,"Columbus, OH",21021
42043021300,"Harrisburg, PA",21020
34021001600,"Battle Monument, Trenton, NJ",21020
13089023602,"Decatur, GA",21019
29510111100,"Vandeventer, St. Louis, MO",21015
39155920700,"Warren, OH",21014
42045406402,"Chester, PA",21013
48471790600,"Huntsville, TX",21012
39093070800,"Downtown, Elyria, OH",21012
39017014600,"Hamilton, OH",21011
12073000400,"Tallahassee, FL",21008
26163570900,"Inkster, MI",21007
13021013202,"Macon, GA",21004
17031260800,"East Garfield Park, Chicago, IL",21004
1089000302,"Huntsville, AL",21002
47037013500,"Sylvan Heights, Nashville, TN",21002
17031430300,"Grand Crossing, Chicago, IL",21001
24510160200,"Sandtown-Winchester, Baltimore, MD",21000
22033002500,"Highlands/Perkins, Baton Rouge, LA",21000
39095001600,"Olde Towne, Toledo, OH",20999
22017024602,"Martin Luther King Dr. Area, Shreveport, LA",20999
22117950900,"Bogalusa, LA",20998
26163532400,"Virginia Park, Detroit, MI",20996
17031491400,"Roseland, Chicago, IL",20995
42101016901,"North Philadelphia, Philadelphia, PA",20994
22071001800,"Marigny, New Orleans, LA",20991
51710006502,"East Ocean View, Norfolk, VA",20988
1113030700,"Phenix City, AL",20988
36055004900,"Group 14621, Rochester, NY",20987
13121006500,"Capitol View, Atlanta, GA",20985
26163534600,"Detroit, MI",20984
40109105202,"Central Oklahoma City, Oklahoma City, OK",20981
26075001200,"Jackson, MI",20979
12011050800,"Fort Lauderdale, FL",20976
47037013800,"North Nashville, Nashville, TN",20973
26065002000,"Fabulous Acres, Lansing, MI",20969
34013003800,"West Side, Newark, NJ",20967
17031843100,"Lawndale, Chicago, IL",20961
37031970402,"Morehead City, NC",20959
34007601400,"Parkside, Camden, NJ",20959
42077001200,"Allentown, PA",20955
48113004100,"Cedar Crest, Dallas, TX",20955
42101013800,"Brewerytown, Philadelphia, PA",20954
39095001900,"Lagrange, Toledo, OH",20954
39035196200,"Euclid, OH",20954
39035120801,"Mount Pleasant, Cleveland, OH",20954
5107480600,"Elaine, AR",20952
13121007805,"Wilson Mill Meadows, Atlanta, GA",20952
13225040400,"Fort Valley, GA",20948
5119001900,"Oak Forest, Little Rock, AR",20947
37067001601,"Winston-Salem, NC",20947
39035114900,"North Broadway, Cleveland, OH",20941
37063001502,"Durham, NC",20939
26163510700,"Detroit, MI",20939
45045002304,"Greenville, SC",20937
37019020102,"Leland, NC",20935
51710005000,"Hardy Field, Norfolk, VA",20934
48113016701,"Dallas, TX",20934
26163579300,"River Rouge, MI",20933
37067001700,"Winston-Salem, NC",20931
26163537000,"Detroit, MI",20927
42101024600,"East Germantown, Philadelphia, PA",20927
45051070400,"Conway, SC",20925
42003050600,"Upper Hill, Pittsburgh, PA",20924
34007600800,"Pyne Poynt, Camden, NJ",20921
39035121900,"Lee - Miles, Cleveland, OH",20913
26077001507,"Knollwood, Kalamazoo, MI",20911
26065000600,"Downtown, Lansing, MI",20909
42101020101,"North Philadelphia, Philadelphia, PA",20908
17031431301,"South Shore, Chicago, IL",20908
29019000900,"North Central Columbia, Columbia, MO",20907
39035116900,"South - Collinwood, Cleveland, OH",20906
12031001400,"Northwest, Jacksonville, FL",20906
1085781100,"Hayneville, AL",20904
55079013600,"Concordia, Milwaukee, WI",20902
40143000800,"Tulsa, OK",20901
27053105400,"Central Minneapolis, Minneapolis, MN",20900
22051024600,"Jefferson, LA",20897
48439103702,"Fort Worth, TX",20895
39153505600,"Summit Lake, Akron, OH",20893
22071003600,"Seventh Ward, New Orleans, LA",20892
28105950100,"Starkville, MS",20892
17031251500,"Austin, Chicago, IL",20890
12095016906,"Orlando, FL",20889
39113070201,"Dayton, OH",20888
22073010603,"Tanglewood Heights, Monroe, LA",20884
48201230300,"Northeast Houston, Houston, TX",20884
29189212101,"Jennings, MO",20878
20103070100,"Leavenworth, KS",20877
22033003000,"Baton Rouge, LA",20876
39035116300,"Forest Hills, Cleveland, OH",20876
12103026101,"Clearwater, FL",20875
1069041500,"Dothan, AL",20871
12011040902,"Central Fort Lauderdale, Fort Lauderdale, FL",20869
24510230100,"Baltimore, MD",20867
17031351400,"Bronzeville, Chicago, IL",20867
39049000910,"North Linden, Columbus, OH",20867
6019001407,"Roosevelt, Fresno, CA",20861
29510105300,"West End, St. Louis, MO",20860
47093002400,"Vestal, Knoxville, TN",20858
47157009902,"Frayser, Memphis, TN",20857
17031750100,"Morgan Park, Chicago, IL",20855
36055005000,"Group 14621, Rochester, NY",20855
26163531900,"Dexter-Linwood, Detroit, MI",20854
12001000400,"Highland Court Manor, Gainesville, FL",20853
55079001200,"Silver Spring, Milwaukee, WI",20852
37159050400,"Salisbury, NC",20850
21067003910,"Lexington, KY",20850
22071010200,"Milan, New Orleans, LA",20847
22051027502,"Westwego, LA",20845
29095006000,"East Side, Kansas City, MO",20843
1073004200,"North Titusville, Birmingham, AL",20839
5131000300,"Fort Smith, AR",20837
18089011600,"Gary, IN",20837
17031843000,"Lawndale, Chicago, IL",20837
22071013600,"St. Claude, New Orleans, LA",20835
55079186200,"King Park, Milwaukee, WI",20834
42003560600,"Pittsburgh, PA",20831
28035001100,"Hattiesburg, MS",20830
26049002800,"Grand Traverse District, Flint, MI",20827
24510160300,"Sandtown-Winchester, Baltimore, MD",20823
39049003600,"King-Lincoln Bronzeville, Columbus, OH",20823
48113011401,"Dallas, TX",20820
1121011200,"Alpine, AL",20817
12011010306,"Deerfield Beach, FL",20814
28149950700,"Vicksburg, MS",20813
12069030602,"Leesburg, FL",20811
17031431302,"South Shore, Chicago, IL",20811
12086007603,"South Miami, FL",20806
28067950600,"Laurel, MS",20805
12033000300,"South Pensacola, Pensacola, FL",20803
21145030400,"Paducah, KY",20802
28099940100,"Philadelphia, MS",20801
48113005902,"Cedar Crest, Dallas, TX",20800
45079000400,"Columbia, SC",20800
28043950400,"Grenada, MS",20795
45067950600,"Marion, SC",20793
40143001000,"University Park, Tulsa, OK",20788
36027220300,"Poughkeepsie, NY",20786
38005940200,"Sheyenne, ND",20784
42101010800,"Mantua, Philadelphia, PA",20783
45021970502,"Gaffney, SC",20780
29510105500,"West End, St. Louis, MO",20780
36067005900,"Southside, Syracuse, NY",20779
42101010700,"Belmont, Philadelphia, PA",20778
47113000600,"Jackson, TN",20778
13009970600,"Milledgeville, GA",20775
39113002200,"Twin Towers, Dayton, OH",20775
29510110400,"Jeff-Vander-Lou, St. Louis, MO",20774
17031251000,"Austin, Chicago, IL",20773
26163505400,"LaSalle College Park, Detroit, MI",20773
12057010815,"Tampa, FL",20771
1055000700,"Gadsden, AL",20768
4019000100,"Downtown, Tucson, AZ",20767
1073002000,"South Eastlake, Birmingham, AL",20764
37071031800,"Gastonia, NC",20764
36001002500,"South End, Albany, NY",20762
35006941500,"Acoma Pueblo, NM",20759
47157010120,"Frayser, Memphis, TN",20759
22071008800,"Irish Channel, New Orleans, LA",20757
26115831800,"Monroe, MI",20753
22017020700,"Allendale, Lakeside, Shreveport, LA",20753
26163520300,"Cass Corridor, Detroit, MI",20752
12105011000,"North Lake Bonnet, Lakeland, FL",20750
47065012400,"Martin Luther King, Chattanooga, TN",20748
37001020400,"Burlington, NC",20748
12081000705,"Bradenton, FL",20748
12099001600,"Pinewood Park, West Palm Beach, FL",20747
26163527200,"Detroit, MI",20747
22119031900,"Minden, LA",20746
24510160400,"Midtown Edmondson, Baltimore, MD",20746
11001003400,"Howard University, Washington, DC",20744
28089030700,"Canton, MS",20742
12095011600,"Orlando, FL",20740
54011001500,"Huntington, WV",20740
51690000100,"Martinsville, VA",20739
17031540101,"South Side, Chicago, IL",20738
37159050800,"Salisbury, NC",20738
17077010900,"Carbondale, IL",20737
17031670600,"Englewood, Chicago, IL",20737
28035010500,"Hattiesburg, MS",20734
12001000301,"Gateway Park, Gainesville, FL",20731
12057004200,"Tampa Heights, Tampa, FL",20731
28117950500,"Baldwyn, MS",20730
17031671300,"Englewood, Chicago, IL",20728
36001002300,"Mansion Area, Albany, NY",20727
21111001600,"Park Hill, Louisville, KY",20726
22071001402,"St. Claude, New Orleans, LA",20726
47037011900,"East Nashville, Nashville, TN",20725
17031283800,"University Village / Little Italy, Chicago, IL",20723
17115000600,"Decatur, IL",20721
39153503500,"East Akron, Akron, OH",20720
28135950400,"Charleston, MS",20717
26163545300,"Grandale, Detroit, MI",20715
11001007200,"Capitol Riverfront, Washington, DC",20715
39023001200,"Springfield, OH",20713
28103950300,"Macon, MS",20711
48113008900,"Cedar Crest, Dallas, TX",20710
18089030100,"East Chicago, IN",20710
25013811500,"Holyoke, MA",20709
45005970400,"Fairfax, SC",20708
31055001200,"Conestoga Community, Omaha, NE",20699
21111002700,"California, Louisville, KY",20697
37051001100,"Fayetteville, NC",20695
24510271802,"Langston Hughes, Baltimore, MD",20693
13215010703,"Columbus, GA",20687
2105000300,"Hoonah–Angoon County, AK",20685
1085781200,"Letohatchee, AL",20680
51770002600,"Belmont-Fallon, Roanoke, VA",20679
39095003700,"ONYX, Toledo, OH",20677
45083020500,"Spartanburg, SC",20677
35009000100,"Clovis, NM",20673
22071002200,"St. Roch, New Orleans, LA",20673
20209041100,"Northeast, Kansas City, KS",20671
37055970502,"Frisco, NC",20670
29189213800,"St. Louis, MO",20670
1015000400,"Anniston, AL",20667
28049000600,"Jackson, MS",20667
45019001500,"North-Central, Charleston, SC",20667
39153504100,"University of Akron, Akron, OH",20664
26163500600,"Detroit, MI",20663
48453000306,"Mueller, Austin, TX",20657
12001002218,"Gainesville, FL",20657
39035103500,"Detroit - Shoreway, Cleveland, OH",20656
17031612000,"Back of the Yards, Chicago, IL",20653
2164000100,"King Salmon, AK",20652
12069030206,"Eustis, FL",20652
17031710700,"Auburn Gresham, Chicago, IL",20648
39151701700,"Canton, OH",20647
17031611700,"South Side, Chicago, IL",20647
26163534500,"Detroit, MI",20646
48453000803,"Chestnut, Austin, TX",20638
40143006200,"Tulsa, OK",20636
1073001400,"East Thomas, Birmingham, AL",20634
28051950500,"Goodman, MS",20633
13127000700,"Brunswick, GA",20633
37139960100,"Elizabeth City, NC",20633
21145030200,"Paducah, KY",20633
26163535200,"Detroit, MI",20628
37067003403,"Winston-Salem, NC",20627
37139960300,"Elizabeth City, NC",20625
39049000920,"Northeast Columbus, Columbus, OH",20622
17167002300,"Springfield, IL",20615
48201312300,"Greater Third Ward, Houston, TX",20615
31055000800,"East Omaha, Omaha, NE",20614
35047957700,"Ribera, NM",20611
37081011300,"Asheboro Community, Greensboro, NC",20605
55079006900,"Harambee, Milwaukee, WI",20600
37071031900,"Gastonia, NC",20600
21111005100,"Old Louisville, Louisville, KY",20599
13089020900,"East Atlanta, Atlanta, GA",20598
39035196400,"Puritas - Longmead, Cleveland, OH",20594
24510070200,"Madison - Eastend, Baltimore, MD",20593
47037014300,"Hadley/Washington, Nashville, TN",20593
17031681400,"Englewood, Chicago, IL",20592
22017022400,"Sunset Arcre, Garden Valley, Morningside, Shreveport, LA",20589
37093970402,"Red Springs, NC",20585
26163534200,"Detroit, MI",20582
22071000903,"Lower Ninth Ward, New Orleans, LA",20576
18097351000,"Indianapolis, IN",20574
51760020500,"Church Hill, Richmond, VA",20574
39049000730,"South Linden, Columbus, OH",20570
29077000200,"Springfield, MO",20569
13121004000,"Mozley Park, Atlanta, GA",20569
22071001100,"St. Claude, New Orleans, LA",20569
54055001900,"Bluefield, WV",20568
48277000500,"Paris, TX",20565
48037010400,"Texarkana, TX",20565
37183052408,"Southwest Raleigh, Raleigh, NC",20564
22019000300,"Lake Charles, LA",20561
17031251800,"Austin, Chicago, IL",20560
47037011300,"East Nashville, Nashville, TN",20560
42101010600,"Haverford North, Philadelphia, PA",20559
45079010600,"Columbia, SC",20559
12086002300,"Model City, Miami, FL",20555
34013022800,"Springfield/Belmont, Newark, NJ",20550
45019004400,"Charleston, SC",20548
39035117101,"North Collinwood, Cleveland, OH",20548
51710003200,"Fairmont Park, Norfolk, VA",20547
24045010200,"Salisbury, MD",20545
24510110200,"Downtown, Baltimore, MD",20544
47125100400,"Clarksville, TN",20543
36065020900,"Utica, NY",20543
24510060300,"Butchers Hill, Baltimore, MD",20540
48113008704,"Cedar Crest, Dallas, TX",20537
12099008002,"Pahokee, FL",20536
24510150200,"Sandtown-Winchester, Baltimore, MD",20535
18097350700,"Indianapolis, IN",20533
12103020101,"Bayview, Saint Petersburg, FL",20531
26021002300,"Benton Harbor, MI",20528
22017023600,"Mooretown and Hollywood Heights, Shreveport, LA",20528
18141000500,"Lincoln Manor, South Bend, IN",20523
35031943600,"Church Rock, NM",20518
53073011000,"Point Roberts, WA",20518
30003940600,"Crow Agency, MT",20517
42101017602,"Fairhill, Philadelphia, PA",20516
13255160300,"Griffin, GA",20516
22071003900,"Treme - Lafitte, New Orleans, LA",20514
18089011900,"Gary, IN",20512
17163501300,"East Saint Louis, IL",20511
6001401800,"Prescott, Oakland, CA",20510
42101014900,"North Philadelphia, Philadelphia, PA",20505
28047002300,"Gulfport, MS",20504
45045004300,"Nicholtown, Greenville, SC",20504
34021001401,"Pennington / Prospect, Trenton, NJ",20504
24510150600,"NW Community Action, Baltimore, MD",20499
32003000302,"Las Vegas, NV",20499
40111000100,"Okmulgee, OK",20498
13115001600,"Rome, GA",20498
22061960800,"Ruston, LA",20496
31055000300,"Miller Park Minne Lusa Area, Omaha, NE",20495
39049007511,"Argyle Park, Columbus, OH",20494
36067003500,"Eastside, Syracuse, NY",20492
22033000500,"Mid City North, Baton Rouge, LA",20491
5093010300,"Blytheville, AR",20490
39081000200,"Steubenville, OH",20488
5069000502,"Pine Bluff, AR",20484
17031826901,"Harvey, IL",20483
47065001200,"Glenwood, Chattanooga, TN",20482
47157022330,"Westwood, Memphis, TN",20481
13121007604,"Campbellton Road, Atlanta, GA",20480
26163525500,"Detroit, MI",20479
35035940000,"Mescalero, NM",20478
26049000500,"Flint, MI",20476
42003130200,"Homewood North, Pittsburgh, PA",20475
42101013700,"Brewerytown, Philadelphia, PA",20472
42003101700,"Garfield, Pittsburgh, PA",20471
48303001000,"Parkway and Cherry Point, Lubbock, TX",20471
39113070202,"Residence Park, Dayton, OH",20471
36055003900,"Group 14621, Rochester, NY",20471
26163579600,"Ecorse, MI",20469
22033002400,"Highlands/Perkins, Baton Rouge, LA",20467
18003001300,"East Central, Fort Wayne, IN",20465
8031003102,"Central, Denver, CO",20465
51590000400,"Danville, VA",20464
22071007101,"Mid-City, New Orleans, LA",20464
29095006100,"East Side, Kansas City, MO",20461
4019001302,"Ocotillo Oracle, Tucson, AZ",20459
42101017500,"Fairhill, Philadelphia, PA",20456
17201001000,"Rockford, IL",20455
51710002600,"Highland Park, Norfolk, VA",20454
12011041200,"Lauderhill, FL",20454
12031001100,"Springfield, Jacksonville, FL",20451
1073002700,"Central City, Birmingham, AL",20445
17031670800,"Englewood, Chicago, IL",20444
47011010400,"Cleveland, TN",20443
17031829401,"Chicago Heights, IL",20441
47179060100,"Johnson City, TN",20440
36029003301,"Hamlin Park, Buffalo, NY",20436
26163541200,"Detroit, MI",20436
1011952100,"Union Springs, AL",20435
13285960901,"LaGrange, GA",20435
13089023700,"Atlanta, GA",20432
36055007500,"19th Ward, Rochester, NY",20431
48113004900,"Cedar Crest, Dallas, TX",20431
12031002702,"Northwest, Jacksonville, FL",20428
47097050505,"Ripley, TN",20426
28133950200,"Ruleville, MS",20425
12011100700,"West Park, FL",20422
12083001500,"Ocala, FL",20419
17031681300,"Englewood, Chicago, IL",20414
17031835900,"Bronzeville, Chicago, IL",20410
45019001100,"Westside, Charleston, SC",20409
24510080700,"Broadway East, Baltimore, MD",20408
26163533900,"New Center, Detroit, MI",20403
1119011400,"Emelle, AL",20403
18035000400,"Muncie, IN",20400
47075930302,"Brownsville, TN",20394
22017021800,"Queensborough, Shreveport, LA",20393
42101001900,"Graduate Hospital, Philadelphia, PA",20389
17091011600,"Kankakee, IL",20389
40109101300,"Central Oklahoma City, Oklahoma City, OK",20384
12086000402,"Miami Gardens, FL",20382
39095004000,"Southside, Toledo, OH",20379
1073005500,"Fairmont, Birmingham, AL",20379
12086001904,"Model City, Miami, FL",20377
17031681200,"South Side, Chicago, IL",20376
17031260600,"Garfield Park, Chicago, IL",20372
48439102500,"Como, Fort Worth, TX",20370
6105000300,"Hayfork, CA",20367
1113031100,"Hurtsboro, AL",20364
48201331800,"Southeast Houston, Houston, TX",20362
12033002000,"South Pensacola, Pensacola, FL",20361
47093003200,"Knoxville, TN",20360
40143007900,"Tulsa, OK",20356
36029004402,"Kenfield, Buffalo, NY",20355
1101005501,"Montgomery, AL",20355
48439123100,"Historic Southside, Fort Worth, TX",20353
18089010302,"Gary, IN",20353
39113000400,"College Hill, Dayton, OH",20352
47113000800,"Jackson, TN",20350
39035150100,"East Cleveland, OH",20348
5091020600,"Ozan, Texarkana, AR",20345
22071000901,"Lower Ninth Ward, New Orleans, LA",20342
26161411000,"Ypsilanti, MI",20340
39003013600,"Lima, OH",20337
55079013500,"Concordia, Milwaukee, WI",20337
12099006700,"Delray Beach, FL",20335
34001001200,"Atlantic City, NJ",20335
51620090200,"Franklin, VA",20332
40143002100,"Tulsa, OK",20330
26049000900,"Flint, MI",20328
39061003200,"Corryville, Cincinnati, OH",20323
39035112400,"Hough, Cleveland, OH",20323
55079004200,"Garden Homes, Milwaukee, WI",20317
17031671500,"Englewood, Chicago, IL",20316
1101005102,"Montgomery, AL",20315
48005000500,"Lufkin, TX",20312
51700030900,"Briarfield, Newport News, VA",20311
42101010400,"Mill Creek, Philadelphia, PA",20311
12055960900,"Sebring, FL",20306
18035001200,"Whitely, Muncie, IN",20306
26049010304,"Flint, MI",20306
12031011400,"Northside, Jacksonville, FL",20304
26125142300,"Pontiac, MI",20303
39095002900,"Toledo, OH",20301
1011952200,"Union Springs, AL",20297
48439106201,"Fort Worth, TX",20295
40109100400,"Central Oklahoma City, Oklahoma City, OK",20295
22071010300,"Broadmoor, New Orleans, LA",20290
21227010200,"Bowling Green, KY",20290
24510080600,"Broadway East, Baltimore, MD",20290
29095005500,"East Side, Kansas City, MO",20289
17031834600,"Englewood, Chicago, IL",20287
39061004000,"Evanston, Cincinnati, OH",20285
39035115100,"South Broadway, Cleveland, OH",20279
45033970100,"Little Rock, SC",20273
13121005300,"Atlanta, GA",20272
26049001100,"Flint, MI",20269
37081013601,"High Point, NC",20268
39049006100,"Reeb-Hosack, Columbus, OH",20265
28021950200,"Port Gibson, MS",20265
4017942400,"Kayenta, AZ",20264
26121004200,"Nelson, Muskegon, MI",20264
55079185700,"Harambee, Milwaukee, WI",20264
20209041800,"Riverview, Kansas City, KS",20263
22017023700,"Cedar Grove, Lynbrook, Shreveport, LA",20262
48201312200,"Southeast Houston, Houston, TX",20262
42003101600,"Garfield, Pittsburgh, PA",20261
13243790200,"Cuthbert, GA",20255
55079009800,"Walnut Hill, Milwaukee, WI",20254
39035116100,"Glenville, Cleveland, OH",20249
26163536300,"Fitzgerald, Detroit, MI",20248
45019003300,"North Charleston, SC",20248
26163531600,"Oakman Blvd., Detroit, MI",20247
12073001801,"Tallahassee, FL",20247
21067003804,"Winburn, Lexington, KY",20247
26163534700,"Barton - McFarland, Detroit, MI",20243
26163505000,"Osborn, Detroit, MI",20243
39113060300,"Fairlane, Dayton, OH",20241
26163553000,"Highland Park, MI",20240
13265010200,"Crawfordville, GA",20239
12086010802,"Naranja, FL",20238
26125142200,"Pontiac, MI",20236
17031420800,"South Side, Chicago, IL",20236
36055009500,"Corn Hill, Rochester, NY",20235
47157010110,"Frayser, Memphis, TN",20232
22071004401,"Treme - Lafitte, New Orleans, LA",20232
12057003000,"Tampa Heights, Tampa, FL",20231
42003250300,"Central Northside, Pittsburgh, PA",20229
47157007822,"Memphis, TN",20228
40109107900,"Central Oklahoma City, Oklahoma City, OK",20226
47125100800,"Clarksville, TN",20225
24510260604,"O'Donnell Heights, Baltimore, MD",20224
32003000301,"Las Vegas, NV",20222
47157022700,"Whitehaven, Memphis, TN",20220
13051003700,"Twickenham, Savannah, GA",20219
29510112300,"Fountain Park, St. Louis, MO",20217
12033000100,"Downtown, Pensacola, FL",20217
29510118400,"Midtown, St. Louis, MO",20215
37035010900,"Hickory, NC",20213
17031611000,"Back of the Yards, Chicago, IL",20210
40143009101,"Tulsa, OK",20209
39113001000,"Old Dayton, Dayton, OH",20209
37127010200,"Hazelwood, Rocky Mount, NC",20208
5051011400,"Hot Springs, AR",20206
39113000200,"Greenwich Village, Dayton, OH",20205
51760020600,"Church Hill, Richmond, VA",20205
28059041700,"Moss Point, MS",20202
1087232000,"Tuskegee, AL",20196
12057010818,"Cross Fletcher, Tampa, FL",20192
24510200300,"Bentalou-Smallwood, Baltimore, MD",20190
45089970801,"Salters, SC",20186
1103000600,"Decatur, AL",20182
48485010400,"Wichita Falls, TX",20182
13021012200,"Macon, GA",20180
22071003400,"Seventh Ward, New Orleans, LA",20178
48201312800,"Southeast Houston, Houston, TX",20178
1091973100,"Thomaston, AL",20178
1073003400,"Ensley, Birmingham, AL",20178
39035119502,"Buckeye - Shaker, Cleveland, OH",20177
51590001302,"Danville, VA",20176
12031000300,"Urban Core, Jacksonville, FL",20176
26163502000,"Morningside, Detroit, MI",20172
17091011500,"Kankakee, IL",20171
26049000600,"Flint, MI",20167
6019001000,"Edison, Fresno, CA",20166
37191001500,"Goldsboro, NC",20163
13121001700,"Old Fourth Ward, Atlanta, GA",20162
47157010210,"Frayser, Memphis, TN",20162
28143950100,"Tunica, MS",20160
13095010402,"Albany, GA",20159
28149950400,"Vicksburg, MS",20154
51760021200,"East End, Richmond, VA",20153
13009970702,"Milledgeville, GA",20149
47157008120,"Memphis, TN",20148
42049001500,"Erie, PA",20148
40143000700,"Tulsa, OK",20147
55079004600,"Arlington Heights, Milwaukee, WI",20146
26163504300,"Detroit, MI",20145
42081000400,"Williamsport, PA",20145
39035118101,"Glenville, Cleveland, OH",20145
48245000103,"Beaumont, TX",20140
45045002105,"Greenville, SC",20139
13121005800,"Adair Park, Atlanta, GA",20139
12057000201,"North Tampa, Tampa, FL",20136
55079006200,"Sherman Park, Milwaukee, WI",20133
17031252101,"Austin, Chicago, IL",20132
13021012900,"Macon, GA",20131
37183050600,"Downtown, Raleigh, NC",20126
18091040100,"Michigan City, IN",20121
51760010800,"North Highland Park, Richmond, VA",20119
34021001402,"Stuyvesant/Prospect, Trenton, NJ",20118
48113012208,"Dallas, TX",20116
12086002003,"Little Haiti, Miami, FL",20116
48027020900,"Temple, TX",20116
8023972700,"San Luis, CO",20115
13095010602,"Albany, GA",20109
24510080200,"Broadway East, Baltimore, MD",20109
12071000503,"Fort Myers, FL",20108
1097004900,"Mobile, AL",20107
17031836100,"South Side, Chicago, IL",20106
17031690400,"South Side, Chicago, IL",20105
12031000200,"Urban Core, Jacksonville, FL",20105
39035121403,"Corlett, Cleveland, OH",20105
47093002800,"Knoxville, TN",20101
12073001200,"Villa Mitchell, Tallahassee, FL",20101
29095015400,"Kansas City, MO",20100
17031490700,"Fernwood, Chicago, IL",20100
39099800400,"Landsdowne, Youngstown, OH",20097
26163553600,"Highland Park, MI",20096
28103950200,"Macon, MS",20096
51740212100,"Portsmouth, VA",20090
37081011500,"Glenwood, Greensboro, NC",20089
24510060100,"Patterson Park, Baltimore, MD",20087
1087232200,"Shorter, AL",20083
54069002700,"Wheeling, WV",20082
17031491000,"Roseland, Chicago, IL",20081
48113003800,"Dallas, TX",20078
12103021800,"Historic Kenwood, Saint Petersburg, FL",20076
48113003902,"Dallas, TX",20075
39035117900,"Cleveland, OH",20075
12057010805,"Tampa, FL",20071
12086010614,"Miami, FL",20071
48113008802,"Cedar Crest, Dallas, TX",20070
24510170200,"McCulloh Homes, Baltimore, MD",20067
26163530800,"Petosky-Otsego, Detroit, MI",20067
36055005600,"Rochester, NY",20066
35031943902,"Gallup, NM",20064
45091060501,"Rock Hill, SC",20063
28059041500,"Moss Point, MS",20061
28113950300,"McComb, MS",20060
45041002201,"Lake City, SC",20059
22017022000,"Allendale, Lakeside, Shreveport, LA",20059
26163536400,"Detroit, MI",20058
37081014503,"High Point, NC",20056
34013006200,"Springfield/Belmont, Newark, NJ",20056
26163504700,"Detroit, MI",20053
40143005700,"Northridge, Tulsa, OK",20052
12081000703,"Bradenton, FL",20050
13215002902,"Columbus, GA",20048
29510106300,"Wells-Goodfellow, St. Louis, MO",20048
1055001000,"Gadsden, AL",20046
12105011300,"Lakeshore, Lakeland, FL",20045
1101002202,"Montgomery, AL",20036
36093020900,"Hamilton Hill, Schenectady, NY",20036
48481740300,"Wharton, TX",20033
13121006200,"Oakland City, Atlanta, GA",20033
29095005602,"East Side, Kansas City, MO",20030
1089001301,"Huntsville, AL",20025
17031271800,"East Garfield Park, Chicago, IL",20021
26163545100,"Grandale, Detroit, MI",20019
26077000900,"Edison, Kalamazoo, MI",20018
39035101800,"Detroit - Shoreway, Cleveland, OH",20018
48201331400,"Sunnyside, Houston, TX",20016
13089023802,"Atlanta, GA",20015
1073000800,"North Birmingham, Birmingham, AL",20015
39035121401,"Corlett, Cleveland, OH",20009
26163536600,"Detroit, MI",20007
37155960300,"Red Springs, NC",20001
4021941200,"Sacaton, AZ",19999
22071000800,"Holy Cross, New Orleans, LA",19994
17031380200,"Bronzeville, Chicago, IL",19989
9009142100,"Mill River, New Haven, CT",19987
42133001000,"York, PA",19986
1105687100,"Uniontown, AL",19984
22071013700,"Desire Area, New Orleans, LA",19981
12011030402,"Pompano Beach, FL",19979
28049010801,"Jackson, MS",19976
26163507200,"Detroit, MI",19973
1097002700,"South Crichton, Mobile, AL",19971
26163531800,"Dexter-Linwood, Detroit, MI",19969
42043020500,"Midtown, Harrisburg, PA",19966
47157007900,"Memphis, TN",19966
37063001304,"Hillside Park, Durham, NC",19964
24510070400,"Gay Street, Baltimore, MD",19964
26163543700,"Brightmoor, Detroit, MI",19962
39099804300,"North Heights, Youngstown, OH",19961
51590000300,"Danville, VA",19961
12086001901,"Model City, Miami, FL",19959
48309001000,"Sanger-Heights, Waco, TX",19958
34007601600,"Liberty Park, Camden, NJ",19957
17031420500,"South Side, Chicago, IL",19956
30087940400,"Lame Deer, MT",19954
26121000402,"Muskegon, MI",19954
1087232300,"Tuskegee, AL",19954
26163504200,"Detroit, MI",19949
55079007000,"Harambee, Milwaukee, WI",19948
48309001900,"Oakwoods, Waco, TX",19946
40143008001,"Tulsa, OK",19945
39017000300,"Hamilton, OH",19945
6037236204,"Baldwin Village, Los Angeles, CA",19944
17031670500,"Englewood, Chicago, IL",19942
48201531800,"Acres Homes, Houston, TX",19940
37191001800,"Goldsboro, NC",19937
13071970702,"Moultrie, GA",19935
48309001400,"Carver, Waco, TX",19933
12099001301,"Riviera Beach, FL",19933
39113002300,"Burkhardt, Dayton, OH",19929
37051001200,"Fayetteville, NC",19928
24510090800,"East Baltimore Midway, Baltimore, MD",19928
45085001300,"Sumter, SC",19927
1055011200,"Gadsden, AL",19927
37125950801,"Southern Pines, NC",19926
22071007700,"Lower Garden District, New Orleans, LA",19926
12099008301,"South Bay, FL",19922
45041001000,"Florence, SC",19921
55079006300,"Franklin Heights, Milwaukee, WI",19920
13121006000,"Westview, Atlanta, GA",19919
5119003002,"North Little Rock, AR",19919
51550020100,"Indian River, Chesapeake, VA",19919
37119004800,"Lincoln Heights, Charlotte, NC",19914
12057001800,"East Tampa, Tampa, FL",19913
26163513200,"Jefferson Chalmers, Detroit, MI",19912
26163503500,"Osborn, Detroit, MI",19911
39061006800,"North Avondale, Cincinnati, OH",19909
39035114600,"North Broadway, Cleveland, OH",19904
48375014800,"Amarillo, TX",19904
1073002900,"Smithfield, Birmingham, AL",19904
30003940700,"Lodge Grass, MT",19897
17031691500,"Grand Crossing, Chicago, IL",19897
13215001800,"Columbus, GA",19895
5051010700,"Hot Springs, AR",19894
37021000600,"Chestnut Hills, Asheville, NC",19891
13121007500,"Jefferson Park, Atlanta, GA",19889
39035151700,"East Cleveland, OH",19886
28021950300,"Port Gibson, MS",19885
21067000200,"Northside District, Lexington, KY",19882
39035122300,"Lee - Miles, Cleveland, OH",19882
6037242100,"South Los Angeles, Los Angeles, CA",19881
29510126900,"St. Louis, MO",19878
12105011100,"Lakeland, FL",19874
26049002200,"Flint, MI",19867
39035112800,"Hough, Cleveland, OH",19861
10003000602,"Wilmington, DE",19860
29510107600,"Mark Twain, St. Louis, MO",19855
17167000800,"Pillsbury, Springfield, IL",19854
26163530900,"Petosky-Otsego, Detroit, MI",19852
39035107802,"Downtown, Cleveland, OH",19851
13095001100,"Albany, GA",19848
55113940000,"Hayward, WI",19845
13089020801,"Kirkwood, Atlanta, GA",19845
51760010300,"Northside, Richmond, VA",19845
18097341600,"Haughville, Indianapolis, IN",19843
55079013700,"Avenues West, Milwaukee, WI",19842
47037013900,"Elizabeth Park, Nashville, TN",19840
17031838700,"Lawndale, Chicago, IL",19839
12086009904,"Miami Gardens, FL",19839
17031260200,"Garfield Park, Chicago, IL",19839
18095012000,"Anderson, IN",19837
12023110400,"Lake City, FL",19836
12105013600,"Winter Haven, FL",19836
17031400300,"South Side, Chicago, IL",19835
22033000900,"Mid City North, Baton Rouge, LA",19833
55079185800,"Midtown, Milwaukee, WI",19830
45079010703,"Greenview, Columbia, SC",19830
17031290900,"Lawndale, Chicago, IL",19829
17119400700,"Venice, IL",19828
1097003901,"Neely, Mobile, AL",19827
51760040200,"Carver, Richmond, VA",19821
17161023600,"Douglas Park Neighborhood, Rock Island, IL",19819
22071000300,"McDonough, New Orleans, LA",19818
21111001500,"Park Duvalle, Louisville, KY",19818
12095018900,"Callahan, Orlando, FL",19817
37063001709,"Northeast Durham, Durham, NC",19817
1101005902,"Montgomery, AL",19817
18177000200,"Richmond, IN",19815
1113030600,"Phenix City, AL",19812
13051002300,"Cuyler/Brownsville, Savannah, GA",19812
26049002900,"East Village, Flint, MI",19810
19163010700,"Davenport, IA",19808
24510080301,"Berea, Baltimore, MD",19808
22017022500,"Caddo Heights, South Highlands, Shreveport, LA",19807
42101016500,"North Philadelphia, Philadelphia, PA",19807
39035151500,"East Cleveland, OH",19805
13051011400,"Metropolitan, Savannah, GA",19801
29510106600,"Academy/Sherman Park, St. Louis, MO",19798
12086011300,"Homestead, FL",19797
39049005300,"Near East Columbus, Columbus, OH",19797
47157000700,"Hyde Park, Memphis, TN",19791
26163532200,"Detroit, MI",19791
18097354400,"Holy Cross, Indianapolis, IN",19790
22071001900,"St. Roch, New Orleans, LA",19787
26163536800,"Detroit, MI",19786
47157001500,"Binghampton, Memphis, TN",19785
22071001302,"St. Claude, New Orleans, LA",19785
51760041400,"Byrd Park, Richmond, VA",19784
5069001600,"Pine Bluff, AR",19784
28163950300,"Yazoo City, MS",19783
42101017300,"Allegheny West, Philadelphia, PA",19782
47157003900,"Midtown, Memphis, TN",19781
39049005500,"Driving Park, Columbus, OH",19778
22071012500,"Uptown/Carrollton, New Orleans, LA",19777
39095001500,"Ottawa, Toledo, OH",19776
24510200500,"Mill Hill, Baltimore, MD",19774
39049003700,"Franklin Park, Columbus, OH",19772
12086007200,"Coconut Grove, Miami, FL",19772
26163506300,"Detroit, MI",19770
48439123500,"Hillside Morningside, Fort Worth, TX",19770
29095006300,"East Side, Kansas City, MO",19764
32003003500,"Vegas Heights, Las Vegas, NV",19763
24510090900,"Oliver, Baltimore, MD",19761
26163543800,"Brightmoor, Detroit, MI",19759
37067001500,"Winston-Salem, NC",19759
21111001400,"Park Duvalle, Louisville, KY",19758
51740211400,"Midtown, Portsmouth, VA",19756
18097352100,"Martindale-Brightwood, Indianapolis, IN",19749
47157008200,"Memphis, TN",19740
22071002600,"Marigny, New Orleans, LA",19737
35031943700,"Brimhall Nizhoni, NM",19734
36067005800,"Southside, Syracuse, NY",19734
13051000601,"West Savannah, Savannah, GA",19727
22033003300,"Scotlandville, Baton Rouge, LA",19725
39099802500,"Idora, Youngstown, OH",19720
6067005301,"Central Sacramento, Sacramento, CA",19719
20173007500,"Ken-Mar, Wichita, KS",19718
37065020700,"Edgecombe County, NC",19715
37119005306,"Hidden Valley, Charlotte, NC",19715
12011041300,"Broward Estates, Fort Lauderdale, FL",19714
47157010630,"Parkway Village, Memphis, TN",19710
26077001803,"Eastwood, Kalamazoo, MI",19708
36029016600,"Broadway - Fillmore, Buffalo, NY",19706
45019005500,"North Charleston, SC",19705
37119004700,"Biddleville, Charlotte, NC",19704
4019941000,"Pascua Pueblo, Tucson, AZ",19703
42101015200,"Cecil B. Moore, Philadelphia, PA",19702
24510200200,"Lexington, Baltimore, MD",19702
12031002801,"Northwest, Jacksonville, FL",19700
51760060700,"Bellemeade, Richmond, VA",19696
17031380100,"Bronzeville, Chicago, IL",19696
26163533100,"Virginia Park, Detroit, MI",19694
36055001500,"South Marketview Heights, Rochester, NY",19694
37183050700,"Downtown, Raleigh, NC",19693
12057001002,"Live Oaks Square, Tampa, FL",19691
13089023801,"Atlanta, GA",19689
22055000800,"Lafayette, LA",19689
35035000100,"Alamogordo, NM",19688
36029003600,"Genesee Moselle, Buffalo, NY",19686
22071000701,"Lower Ninth Ward, New Orleans, LA",19679
51740211900,"Portsmouth, VA",19678
42003050100,"Middle Hill, Pittsburgh, PA",19678
22079011000,"Alexandria, LA",19674
13245010400,"Augusta, GA",19672
34013008200,"University Heights, Newark, NJ",19669
17161022600,"Rock Island, IL",19668
39061001900,"Walnut Hills, Cincinnati, OH",19668
26163507800,"Highland Park, MI",19665
17031834400,"South Side, Chicago, IL",19664
42003040200,"West Oakland, Pittsburgh, PA",19664
17031231500,"East Garfield Park, Chicago, IL",19664
47113000700,"Jackson, TN",19663
37191001400,"Goldsboro, NC",19663
13299950400,"Waycross, GA",19661
4017940302,"Whiteriver, AZ",19659
34013001500,"Fairmount, Newark, NJ",19658
45019005300,"Charleston, SC",19656
24510210100,"Pigtown, Baltimore, MD",19652
42045405100,"Chester, PA",19651
39151702300,"Canton, OH",19650
42101011000,"East Parkside, Philadelphia, PA",19647
17031271500,"East Garfield Park, Chicago, IL",19647
51760060400,"Richmond, VA",19645
29510106100,"Hamilton Heights, St. Louis, MO",19642
12099006100,"Boynton Beach, FL",19637
26163501200,"Detroit, MI",19636
17031839500,"Bronzeville, Chicago, IL",19635
39061008800,"Westwood, Cincinnati, OH",19634
37147000100,"Greenville, NC",19633
26049000100,"Flint, MI",19629
17031834800,"Englewood, Chicago, IL",19627
21111000700,"Shawnee, Louisville, KY",19626
18089012800,"Gary, IN",19625
51740212000,"Portsmouth, VA",19625
39049005420,"Driving Park, Columbus, OH",19624
39061002700,"CUF, Cincinnati, OH",19619
22067950800,"Bastrop, LA",19618
39049001110,"North Campus, Columbus, OH",19613
37081012707,"Greensboro, NC",19612
20209041000,"Northeast, Kansas City, KS",19612
13081010202,"Cordele, GA",19611
5069001700,"Pine Bluff, AR",19607
28031950200,"Collins, MS",19607
51710004600,"Grandy Village, Norfolk, VA",19606
39113060200,"Dayton, OH",19603
47157001300,"The Heights, Memphis, TN",19602
10003002900,"Compton Village, Wilmington, DE",19602
37119004900,"Greenville, Charlotte, NC",19599
39061003300,"Corryville, Cincinnati, OH",19595
47157008110,"Imogene Heights, Memphis, TN",19594
17163502401,"East Saint Louis, IL",19593
22071007200,"Gert Town, New Orleans, LA",19592
12057010816,"Tampa, FL",19590
18097322600,"Indianapolis, IN",19589
5119000500,"M.L.K., Little Rock, AR",19589
1097002600,"North Crichton, Mobile, AL",19589
47093002100,"Knoxville, TN",19589
4009940500,"Bylas, AZ",19587
2290000300,"Yukon-Koyukuk County, AK",19586
26163515600,"Detroit, MI",19585
51700030800,"South Newport News, Newport News, VA",19585
24510040200,"Downtown, Baltimore, MD",19585
51770002400,"Melrose-Rugby, Roanoke, VA",19585
36067002300,"Northside, Syracuse, NY",19583
12033002703,"Pensacola, FL",19579
22071002000,"St. Roch, New Orleans, LA",19578
34021002000,"Ewing and Carroll, Trenton, NJ",19574
18097350500,"Indianapolis, IN",19570
20209040300,"Northwest, Kansas City, KS",19569
12127090600,"Downtown DeLand's Historic Garden District, DeLand, FL",19568
29510107300,"Walnut Park West, St. Louis, MO",19567
39035111600,"St. Clair - Superior, Cleveland, OH",19567
22071004000,"Treme - Lafitte, New Orleans, LA",19567
39099813800,"Lincoln Knolls, Youngstown, OH",19564
22033001000,"Mid City North, Baton Rouge, LA",19563
48423000201,"Tyler, TX",19558
13051004400,"Midtown, Savannah, GA",19558
5035030102,"West Memphis, AR",19557
39023000300,"Springfield, OH",19556
13095000100,"Albany, GA",19552
40031001600,"Lawton, OK",19551
17143000200,"Peoria, IL",19546
51540000501,"Fifeville, Charlottesville, VA",19545
51680000400,"Rivermont, Lynchburg, VA",19540
1073002400,"Forest Park, Birmingham, AL",19538
26163507300,"Highland Park, MI",19530
39049003000,"Downtown, Columbus, OH",19528
4007940400,"San Carlos, AZ",19527
51680000700,"Miller Park, Lynchburg, VA",19527
22017024601,"Martin Luther King Dr. Area, Shreveport, LA",19526
31055001100,"Long School, Omaha, NE",19524
1097001400,"Maysville, Mobile, AL",19523
12099008201,"Belle Glade, FL",19522
37071032000,"Gastonia, NC",19520
26163570600,"Inkster, MI",19516
4017940015,"Winslow, AZ",19515
55079006800,"Borchert Field, Milwaukee, WI",19514
13121007300,"Glenrose Heights, Atlanta, GA",19513
18097341200,"West Side, Indianapolis, IN",19511
26145011000,"Buena Vista, Saginaw, MI",19511
5041950300,"Dumas, AR",19509
20173000700,"Power, Wichita, KS",19509
5093011000,"Osceola, AR",19508
17031690300,"Greater Grand Crossing, Chicago, IL",19507
47037013601,"College Heights/Clifton, Nashville, TN",19507
40109108803,"Northeast Oklahoma City, Spencer, OK",19506
24510140200,"Upton, Baltimore, MD",19502
40109100500,"Capitol View, Oklahoma City, OK",19501
12011030401,"Pompano Beach, FL",19497
26163537300,"Detroit, MI",19487
4001944202,"Chinle, AZ",19486
37021000700,"East End - Valley Street, Asheville, NC",19485
17143000500,"Peoria, IL",19483
27007940001,"Puposky, MN",19480
26163534400,"Barton - McFarland, Detroit, MI",19479
26163531700,"Dexter-Linwood, Detroit, MI",19475
37129011300,"Historic District, Wilmington, NC",19474
36029003500,"MLK Park, Buffalo, NY",19472
26163516700,"Elmwood Park, Detroit, MI",19470
29510120200,"Hyde Park, St. Louis, MO",19468
13121007200,"South River Gardens, Atlanta, GA",19464
39023000200,"Oakwood Place, Springfield, OH",19462
26049000800,"Flint, MI",19461
24510140300,"Druid Heights, Baltimore, MD",19456
35037958602,"Tucumcari, NM",19455
12111380902,"Fort Pierce, FL",19445
48439104505,"Morningside, Fort Worth, TX",19443
22071001301,"St. Claude, New Orleans, LA",19442
39113004200,"Lakeview, Dayton, OH",19440
46121940200,"Mission, SD",19437
17031351100,"Bronzeville, Chicago, IL",19437
12031017200,"Downtown, Jacksonville, FL",19436
22017021100,"Highland, Stoner Hill, Shreveport, LA",19436
48309001200,"Brook Oaks, Waco, TX",19435
17031671400,"Englewood, Chicago, IL",19435
42101020400,"North Philadelphia, Philadelphia, PA",19435
12115000200,"Central Cocoanut, Sarasota, FL",19434
18003001700,"Hanna Creighton, Fort Wayne, IN",19429
28047002600,"Gulfport, MS",19427
45019004000,"North Charleston, SC",19427
12099006801,"Delray Beach, FL",19427
17031670700,"South Side, Chicago, IL",19426
37155961700,"Fairmont, NC",19423
12086001801,"Brownsville, Miami, FL",19419
51700030300,"Magruder, Newport News, VA",19418
51550020300,"South Norfolk, Chesapeake, VA",19416
1089002100,"Huntsville, AL",19415
29510110300,"Greater Ville, St. Louis, MO",19415
36055009301,"South Marketview Heights, Rochester, NY",19414
17031842500,"Greater Grand Crossing, Chicago, IL",19411
39061002800,"Camp Washington, Cincinnati, OH",19409
17031838600,"Lawndale, Chicago, IL",19409
48439106202,"Fort Worth, TX",19408
51800065500,"Suffolk, VA",19407
51730810700,"Petersburg, VA",19403
48245005900,"Port Arthur, TX",19400
51730810100,"Petersburg, VA",19400
18141002900,"South Bend, IN",19398
42101017202,"Allegheny West, Philadelphia, PA",19395
29510127100,"St. Louis Place, St. Louis, MO",19394
13121002800,"Downtown, Atlanta, GA",19393
47157006900,"Bethel Grove, Memphis, TN",19387
39035120702,"Mount Pleasant, Cleveland, OH",19383
39035103300,"Ohio City, Cleveland, OH",19382
12057003400,"East Tampa, Tampa, FL",19378
12033001700,"Northwest Pensacola, Pensacola, FL",19377
18097351700,"Reagan Park, Indianapolis, IN",19376
39023000901,"Springfield, OH",19374
26163533000,"LaSalle Gardens, Detroit, MI",19374
51760011000,"Northside, Richmond, VA",19369
55079014800,"Avenues West, Milwaukee, WI",19366
12031001200,"Springfield, Jacksonville, FL",19364
42049001200,"Little Italy, Erie, PA",19363
39035115300,"South Broadway, Cleveland, OH",19360
6019000901,"Edison, Fresno, CA",19359
12057004900,"North Hyde Park, Tampa, FL",19359
29095005400,"East Side, Kansas City, MO",19354
39061003600,"Walnut Hills, Cincinnati, OH",19354
1063060100,"Eutaw, AL",19354
39061022700,"Cincinnati, OH",19354
1131035200,"Camden, AL",19353
39151710400,"Alliance, OH",19352
45079000300,"Columbia, SC",19352
22017023200,"Cedar Grove, Lynbrook, Shreveport, LA",19350
26163530300,"Detroit, MI",19350
22033005300,"Baton Rouge, LA",19349
12095014605,"Southwest Orlando, Orlando, FL",19349
26163507400,"Highland Park, MI",19347
28075000700,"Meridian, MS",19346
17031838300,"Cabrini-Green, Chicago, IL",19346
1073003200,"Tuxedo, Birmingham, AL",19345
51595890100,"Emporia, VA",19343
17031837100,"East Garfield Park, Chicago, IL",19334
5035030101,"West Memphis, AR",19332
21067001000,"Melrose/Oakpark, Lexington, KY",19328
39099800300,"Youngstown, OH",19326
17031251900,"Austin, Chicago, IL",19321
17031680900,"Englewood, Chicago, IL",19320
18097350100,"Indianapolis, IN",19318
28049000900,"Jackson, MS",19317
51650010602,"Downtown Hampton, Hampton, VA",19317
37119004100,"Wesley Heights, Charlotte, NC",19317
17031837800,"Near West Side, Chicago, IL",19315
12023110300,"Lake City, FL",19315
26163537200,"Detroit, MI",19314
42101013900,"Cecil B. Moore, Philadelphia, PA",19305
22079013000,"Alexandria, LA",19304
45091060401,"Rock Hill, SC",19301
12057003900,"Historic Ybor, Tampa, FL",19301
37105030300,"Sanford, NC",19297
36055005200,"Group 14621, Rochester, NY",19297
20173000600,"North Central, Wichita, KS",19296
12031002901,"Moncrief Park, Jacksonville, FL",19296
26049003800,"Flint, MI",19293
13121002100,"Downtown, Atlanta, GA",19290
22055000900,"Lafayette, LA",19289
37081011102,"Dudley Heights, Greensboro, NC",19289
1073004500,"Five Points South, Birmingham, AL",19277
48309001500,"East Riverside, Waco, TX",19273
13121006601,"Sylvan Hills, Atlanta, GA",19269
12086003400,"Overtown, Miami, FL",19256
42045410700,"Chester, PA",19253
13089020700,"Kirkwood, Atlanta, GA",19250
39035118200,"Glenville, Cleveland, OH",19249
22069000700,"Natchitoches, LA",19249
5107480100,"Helena-West Helena, AR",19247
45051030103,"Longs, SC",19241
22017023500,"Mooretown and Hollywood Heights, Shreveport, LA",19239
39153503400,"East Akron, Akron, OH",19238
22019000400,"Lake Charles, LA",19237
17031270500,"Garfield Park, Chicago, IL",19235
13121002400,"Hunter Hills, Atlanta, GA",19233
1097003902,"Summerville, Mobile, AL",19232
39035119900,"Mount Pleasant, Cleveland, OH",19232
26163527300,"Detroit, MI",19228
31055005902,"North Omaha, Omaha, NE",19226
13215002901,"Columbus, GA",19219
17163504600,"East Saint Louis, IL",19218
37097060200,"Statesville, NC",19218
37119002600,"Cherry, Charlotte, NC",19217
29095016600,"East Side, Kansas City, MO",19217
2198940100,"Metlakatla, AK",19216
37083931100,"Scotland Neck, NC",19216
13021013900,"Macon, GA",19214
26163526400,"Detroit, MI",19214
39049000720,"South Linden, Columbus, OH",19210
40143008002,"Tulsa, OK",19209
51710002500,"Lamberts Point, Norfolk, VA",19208
51710004700,"Norfolk, VA",19206
48201312400,"Greater Third Ward, Houston, TX",19204
17031836900,"East Garfield Park, Chicago, IL",19202
47065001100,"Orchard Knob, Chattanooga, TN",19201
17031671800,"Englewood, Chicago, IL",19200
1089000201,"Huntsville, AL",19199
39035112301,"Hough, Cleveland, OH",19198
26163542700,"Detroit, MI",19198
29077000100,"Downtown Springfield, Springfield, MO",19198
29510109600,"O'Fallons Park, St. Louis, MO",19195
1101003000,"Montgomery, AL",19186
39035151100,"East Cleveland, OH",19185
26163514300,"Detroit, MI",19185
1073003300,"Ensley, Birmingham, AL",19182
37155960801,"Lumberton, NC",19181
1101000700,"Montgomery, AL",19179
12103020400,"Old Southeast, Saint Petersburg, FL",19179
22071002900,"Seventh Ward, New Orleans, LA",19179
51670820700,"Hopewell, VA",19178
45079000100,"Columbia, SC",19178
18089010600,"Gary, IN",19176
42003130300,"Homewood South, Pittsburgh, PA",19176
28075000600,"Meridian, MS",19173
24510250301,"Westport, Baltimore, MD",19170
22071003000,"Seventh Ward, New Orleans, LA",19169
1087231603,"Tuskegee, AL",19167
47157022022,"Whitehaven, Memphis, TN",19164
39061007400,"Northside, Cincinnati, OH",19157
4013082206,"Estrella Village, Tolleson, AZ",19156
26163504400,"Detroit, MI",19155
26163570800,"Inkster, MI",19152
1073005101,"North Titusville, Birmingham, AL",19150
26163510400,"Hamtramck, MI",19149
5123960600,"Forrest City, AR",19148
39061027200,"South Fairmont, Cincinnati, OH",19143
37081014300,"High Point, NC",19142
45079010701,"Columbia, SC",19137
48439103601,"Stop 6/Poly Oversight Assn, Fort Worth, TX",19136
26077000300,"Northside, Kalamazoo, MI",19130
37063001301,"Durham, NC",19127
18097351500,"Highland Vicinity, Indianapolis, IN",19124
48113008604,"Cedar Crest, Dallas, TX",19118
37067001800,"Winston-Salem, NC",19117
45075011300,"Orangeburg, SC",19113
21117067100,"Eastside, Covington, KY",19110
12011010307,"Deerfield Beach, FL",19102
55079185600,"Milwaukee, WI",19102
1047956900,"Orrville, AL",19099
6019001100,"Edison, Fresno, CA",19098
13089020500,"Edgewood, Atlanta, GA",19097
37081011000,"Cumberland, Greensboro, NC",19095
13121012300,"Atlanta, GA",19085
47157007821,"Memphis, TN",19082
48303001200,"Dunbar-Manhattan Heights, Lubbock, TX",19082
13089022100,"Scottdale, GA",19081
48439101700,"Fort Worth, TX",19079
29510112200,"Academy/Sherman Park, St. Louis, MO",19077
1121010600,"Talladega, AL",19074
17031612100,"South Side, Chicago, IL",19060
22071001401,"Florida Area, New Orleans, LA",19058
12073001102,"Tallahassee, FL",19055
12031001300,"Brentwood, Jacksonville, FL",19053
51730810300,"Petersburg, VA",19050
42003120700,"Homewood West, Pittsburgh, PA",19049
42049001800,"Erie, PA",19046
29510106500,"Kingsway West, St. Louis, MO",19043
36055006400,"Genesee-Jefferson, Rochester, NY",19041
13089023101,"Decatur, GA",19040
5119001100,"Little Rock, AR",19036
36055005700,"Beechwood, Rochester, NY",19035
39035116400,"Glenville, Cleveland, OH",19034
13121007603,"Pomona Park, Atlanta, GA",19034
29510107500,"Mark Twain, St. Louis, MO",19030
21111005900,"Phoenix Hill, Louisville, KY",19030
12127081800,"Hillcrest, Daytona Beach, FL",19029
26145000900,"Saginaw, MI",19026
17031835500,"Fuller Park, Chicago, IL",19026
51710003300,"Ballentine Place, Norfolk, VA",19022
51710004300,"Norfolk, VA",19021
39153506700,"Lane-Wooster, Akron, OH",19016
45007000700,"Anderson, SC",19016
26163553800,"Highland Park, MI",19015
37051003302,"Westover, Fayetteville, NC",19014
24510280500,"Pleasant View Gardens, Baltimore, MD",19012
1097001502,"Arlington, Mobile, AL",19010
29510125700,"Carr Square, St. Louis, MO",19007
18097350300,"Crown Hill, Indianapolis, IN",19007
45069960200,"Bennettsville, SC",19000
51680001100,"Diamond Hill, Lynchburg, VA",18997
39061002300,"Mount Auburn, Cincinnati, OH",18996
26163543900,"Brightmoor, Detroit, MI",18995
1097007500,"Prichard, AL",18990
5017080200,"Dermott, AR",18984
47037013700,"Buena Vista Heights, Nashville, TN",18982
22033000300,"Mid City North, Baton Rouge, LA",18978
21067001400,"Lexington, KY",18975
47157022310,"Memphis, TN",18970
28119950100,"Sledge, MS",18970
17019005300,"Urbana, IL",18970
12073001902,"Tallahassee, FL",18969
12011080500,"Liberia, Hollywood, FL",18967
22079012800,"Alexandria, LA",18966
20209040700,"Northeast, Kansas City, KS",18965
26163500500,"Detroit, MI",18961
13285960800,"LaGrange, GA",18961
17167001600,"Springfield, IL",18960
26163504100,"Detroit, MI",18959
28049000800,"Jackson, MS",18958
22033001104,"Lobdell/Woodale, Baton Rouge, LA",18951
26163533700,"Detroit, MI",18950
37119004500,"Smallwood, Charlotte, NC",18950
42101015102,"North Philadelphia, Philadelphia, PA",18949
12031017400,"Eastside, Jacksonville, FL",18947
39093070901,"Western Heights, Elyria, OH",18945
26145001100,"Saginaw, MI",18945
28027950100,"Coahoma, MS",18944
28049002300,"Jackson, MS",18941
39153508301,"Downtown, Akron, OH",18939
26163511200,"North End, Detroit, MI",18935
24510260303,"Claremont - Freedom, Baltimore, MD",18934
28053950100,"Belzoni, MS",18933
40109102800,"Central Oklahoma City, Oklahoma City, OK",18931
26163511400,"Arden Park, Detroit, MI",18930
39035112600,"Hough, Cleveland, OH",18928
26163506400,"Hamtramck, MI",18928
17031292500,"Lawndale, Chicago, IL",18927
17031280900,"Near West Side, Chicago, IL",18924
13021012800,"Macon, GA",18924
26049001000,"Flint, MI",18923
39153508600,"West Akron, Akron, OH",18922
26163522100,"Core City, Detroit, MI",18921
36063020600,"Niagara Falls, NY",18921
12011030600,"Pompano Beach, FL",18918
12071000502,"Fort Myers, FL",18918
13121004200,"West End, Atlanta, GA",18914
39003012700,"Lima, OH",18912
12033000600,"Southeast Pensacola, Pensacola, FL",18912
37119004200,"Enderly Park, Charlotte, NC",18911
37063001001,"East Durham, Durham, NC",18911
21067001300,"Lexington, KY",18910
1089002501,"Huntsville, AL",18903
1113030200,"Phenix City, AL",18903
31055005200,"North Omaha, Omaha, NE",18903
51760020800,"Church Hill, Richmond, VA",18899
28083950200,"Greenwood, MS",18899
39035113500,"Fairfax, Cleveland, OH",18898
22073010900,"Monroe, LA",18894
17031400400,"South Side, Chicago, IL",18893
37065020200,"Rocky Mount, NC",18892
36055004000,"Lyell-Otis, Rochester, NY",18892
26163508100,"Detroit, MI",18892
42101014700,"Cecil B. Moore, Philadelphia, PA",18890
51760010900,"Highland Park Southern Tip, Richmond, VA",18890
39099801600,"Cottage Grove, Youngstown, OH",18889
39035116200,"Glenville, Cleveland, OH",18887
26163543600,"Brightmoor, Detroit, MI",18886
39035117300,"South - Collinwood, Cleveland, OH",18884
37063001002,"Wellons Village, Durham, NC",18883
29510106200,"Wells-Goodfellow, St. Louis, MO",18881
29510105400,"West End, St. Louis, MO",18879
37155962001,"Maxton, NC",18878
5119002900,"North Little Rock, AR",18878
26125142100,"Pontiac, MI",18876
13215003400,"Columbus, GA",18875
42101014500,"Ludlow, Philadelphia, PA",18873
29510107200,"Walnut Park East, St. Louis, MO",18871
26021002100,"Benton Harbor, MI",18868
42045404900,"Chester, PA",18867
29510111500,"Jeff-Vander-Lou, St. Louis, MO",18865
42003561100,"Pittsburgh, PA",18863
24510100200,"Baltimore, MD",18863
13059140500,"Athens, GA",18861
36029001402,"Willert Park, Buffalo, NY",18859
17031660700,"Chicago Lawn, Chicago, IL",18856
42101016400,"North Philadelphia, Philadelphia, PA",18855
26163522300,"NW Goldberg, Detroit, MI",18854
12057004100,"Tampa Heights, Tampa, FL",18852
12005001600,"Lincoln Park, Panama City, FL",18846
39153503200,"East Akron, Akron, OH",18845
17031671100,"Englewood, Chicago, IL",18844
39035121200,"Corlett, Cleveland, OH",18842
12001001515,"Gainesville, FL",18835
13121006602,"Oakland City, Atlanta, GA",18834
1113030800,"Phenix City, AL",18833
45083021001,"Spartanburg, SC",18831
24510160100,"Harlem Park, Baltimore, MD",18830
26145000600,"Saginaw, MI",18828
39061008502,"Cincinnati, OH",18825
34001002500,"Atlantic City, NJ",18825
47065000800,"Northside, Chattanooga, TN",18823
45007000600,"Anderson, SC",18820
1073000400,"Inglenook, Birmingham, AL",18813
26049000300,"Flint, MI",18813
13089023601,"East Lake Terrace, Decatur, GA",18809
1073000500,"Kingston, Birmingham, AL",18809
55079009600,"Washington Park, Milwaukee, WI",18808
28053950200,"Silver City, MS",18807
48303000900,"Parkway and Cherry Point, Lubbock, TX",18806
37107010200,"Kinston, NC",18803
47037012600,"East Nashville, Nashville, TN",18800
26163516800,"McDougall - Hunt, Detroit, MI",18800
29510110200,"O'Fallons Park, St. Louis, MO",18798
29510125500,"Downtown West, St. Louis, MO",18794
17031835600,"Fuller Park, Chicago, IL",18793
21111000600,"Russell, Louisville, KY",18793
42043021200,"Harrisburg, PA",18790
26163518900,"Forest Park, Detroit, MI",18789
12011041100,"Fort Lauderdale, FL",18787
51760020300,"East End, Richmond, VA",18786
22045030800,"New Iberia, LA",18785
12031001600,"Mid-Westside, Jacksonville, FL",18783
13031110401,"Statesboro, GA",18780
22071000902,"Lower Ninth Ward, New Orleans, LA",18778
22071002800,"Seventh Ward, New Orleans, LA",18778
34013001300,"Fairmount, Newark, NJ",18778
55079006400,"Park West, Milwaukee, WI",18777
29510106400,"Kingsway West, St. Louis, MO",18776
5069001300,"Pine Bluff, AR",18775
39035150300,"East Cleveland, OH",18774
42133000700,"York, PA",18774
12031002902,"Mid-Westside, Jacksonville, FL",18768
13081010201,"Cordele, GA",18768
36033940000,"Franklin County, NY",18766
1073002303,"Gate City, Birmingham, AL",18766
13051010101,"Savannah, GA",18764
26163511900,"North End, Detroit, MI",18761
37097060300,"Statesville, NC",18761
39139000700,"Mansfield, OH",18759
39095001400,"Ottawa, Toledo, OH",18757
12099001403,"Riviera Beach, FL",18756
12103020800,"Childs Park, Saint Petersburg, FL",18754
1125011600,"Tuscaloosa, AL",18753
48113004000,"Dallas, TX",18753
12103022000,"United Central, Saint Petersburg, FL",18748
26161410600,"Ypsilanti, MI",18737
2020000600,"Mountain View, Anchorage, AK",18736
1073010100,"Bessemer, AL",18735
1073001902,"Wahouma, Birmingham, AL",18734
17201002500,"Rockford, IL",18729
51730810600,"Petersburg, VA",18728
17031835800,"Bronzeville, Chicago, IL",18723
12011041000,"Central Fort Lauderdale, Fort Lauderdale, FL",18718
39061026300,"Cincinnati, OH",18716
22079012900,"Lower Third, Alexandria, LA",18716
28083950300,"Itta Bena, MS",18715
39061027000,"Avondale, Cincinnati, OH",18714
21111006200,"Smoketown, Louisville, KY",18708
45083020301,"Spartanburg, SC",18707
1097000701,"Gorgas, Mobile, AL",18707
12117021100,"Sanford, FL",18707
4013113900,"Central City, Phoenix, AZ",18706
1125011703,"Tuscaloosa, AL",18704
42101016902,"North Philadelphia, Philadelphia, PA",18692
13121002900,"Old Fourth Ward, Atlanta, GA",18687
12086001802,"Miami, FL",18686
13089023501,"Decatur, GA",18684
26163515300,"Islandview, Detroit, MI",18682
39049004200,"Downtown, Columbus, OH",18679
29510110100,"Penrose, St. Louis, MO",18678
17031710100,"Auburn Gresham, Chicago, IL",18676
17031260900,"Garfield Park, Chicago, IL",18675
51760060200,"Manchester, Richmond, VA",18673
26163512600,"Detroit, MI",18671
47065001600,"Chattanooga, TN",18668
13215011400,"Columbus, GA",18666
42101016702,"Glenwood, Philadelphia, PA",18664
39095002600,"Roosevelt, Toledo, OH",18662
1097000800,"Carver, Mobile, AL",18661
39113001900,"Historic Inner East, Dayton, OH",18657
30041940300,"Box Elder, MT",18656
13121007002,"Lakewood, Atlanta, GA",18655
12079110302,"Madison, FL",18649
37181960600,"Henderson, NC",18649
36065020300,"Utica, NY",18646
18003002800,"Oxford, Fort Wayne, IN",18646
45079000200,"Columbia, SC",18646
22079012700,"Alexandria, LA",18643
47093002000,"Park City, Knoxville, TN",18639
26163532700,"Virginia Park, Detroit, MI",18636
22017021700,"Caddo Heights, South Highlands, Shreveport, LA",18635
5093010100,"Blytheville, AR",18634
12127081700,"Idlewild, Daytona Beach, FL",18633
39113003500,"Edgemont, Dayton, OH",18630
51710003400,"Barraud Park, Norfolk, VA",18627
39113004100,"Miami Chapel, Dayton, OH",18627
37195000300,"Wilson, NC",18627
24510170300,"Upton, Baltimore, MD",18622
1033020300,"Sheffield, AL",18621
55079006500,"Franklin Heights, Milwaukee, WI",18614
22017021900,"Allendale, Lakeside, Shreveport, LA",18608
42073000400,"New Castle, PA",18608
17031260700,"Garfield Park, Chicago, IL",18605
28083950700,"Greenwood, MS",18603
37081012706,"Glendale Hills, Greensboro, NC",18600
47093002700,"Knoxville, TN",18600
1015000600,"Anniston, AL",18599
47157022220,"Walker Homes, Memphis, TN",18598
1097004100,"Prichard, AL",18591
18097353500,"Ransom Place, Indianapolis, IN",18591
24510190100,"Franklin Square, Baltimore, MD",18590
13051002700,"Midtown, Savannah, GA",18590
13121004100,"West End, Atlanta, GA",18589
34007601700,"Centerville, Camden, NJ",18588
17031680600,"Englewood, Chicago, IL",18586
17031841800,"South Side, Chicago, IL",18586
39095002700,"Center City, Toledo, OH",18585
40101000200,"Muskogee, OK",18584
17031390300,"Kenwood, Chicago, IL",18580
36013030300,"Jamestown, NY",18575
1119011500,"York, AL",18573
6033000702,"Clearlake, CA",18572
18097390500,"Indianapolis, IN",18571
12009062500,"Cocoa, FL",18570
37147000800,"Greenville, NC",18564
47093001400,"Western Heights, Knoxville, TN",18564
39035116500,"Glenville, Cleveland, OH",18560
28107950200,"Sardis, MS",18560
22071014200,"Irish Channel, New Orleans, LA",18554
17143000300,"Peoria, IL",18552
39035119800,"Mount Pleasant, Cleveland, OH",18550
17031271200,"East Garfield Park, Chicago, IL",18545
39035118400,"Forest Hills, Cleveland, OH",18543
1015000500,"Anniston, AL",18543
29510109700,"College Hill, St. Louis, MO",18543
47157010300,"Frayser, Memphis, TN",18543
45079000500,"Columbia, SC",18543
55079004500,"Arlington Heights, Milwaukee, WI",18541
21111001700,"California, Louisville, KY",18540
39113003404,"South Park, Dayton, OH",18539
26163511000,"Detroit, MI",18537
12057005000,"Northwest Tampa, Tampa, FL",18536
29189214100,"St. Louis, MO",18534
48113003901,"Dallas, TX",18533
37063002300,"Hillside Avenue/St. Teresa, Durham, NC",18531
28025950300,"West Point, MS",18531
39061003800,"Evanston, Cincinnati, OH",18529
22067950400,"Bastrop, LA",18528
17143005000,"Peoria, IL",18527
12095014601,"Southwest Orlando, Orlando, FL",18527
13021012300,"Macon, GA",18525
55079186000,"Hillside, Milwaukee, WI",18525
51770000900,"Roanoke, VA",18523
42101014100,"Ludlow, Philadelphia, PA",18519
12071000600,"Dunbar, Fort Myers, FL",18517
28011950300,"Mound Bayou, MS",18515
22071014100,"New Orleans, LA",18514
18167000500,"Terre Haute, IN",18513
22019000200,"Lake Charles, LA",18512
12086000403,"Opa-locka, FL",18512
24510130100,"Reservoir Hill, Baltimore, MD",18511
45019003700,"North Charleston, SC",18510
26163514100,"Detroit, MI",18508
39061003900,"Evanston, Cincinnati, OH",18504
31055001600,"Downtown, Omaha, NE",18500
17031834500,"South Side, Chicago, IL",18500
45079000700,"Elmwood Park, Columbia, SC",18499
45057010700,"Lancaster, SC",18498
1055000300,"Gadsden, AL",18497
10003001600,"Wilmington, DE",18497
55079008700,"Park West, Milwaukee, WI",18488
39095003600,"ONYX, Toledo, OH",18486
26163512900,"Detroit, MI",18485
1097001501,"Maryvale, Mobile, AL",18484
48113008705,"Dallas, TX",18479
22071004800,"Iberville, New Orleans, LA",18479
48201331602,"Southeast Houston, Houston, TX",18479
26121001402,"Muskegon Heights, MI",18477
26049000700,"Flint, MI",18475
39153505200,"Lane-Wooster, Akron, OH",18474
22071000904,"Lower Ninth Ward, New Orleans, LA",18474
42101020000,"North Philadelphia, Philadelphia, PA",18471
47157005600,"South Memphis, Memphis, TN",18469
17031837400,"East Garfield Park, Chicago, IL",18468
13215002000,"Columbus, GA",18468
26163516000,"Detroit, MI",18468
37083930900,"Enfield, NC",18466
13027960500,"Quitman, GA",18465
55079185500,"Lindsay Heights, Milwaukee, WI",18465
36029003100,"Medical Park, Buffalo, NY",18464
22017022300,"Queensborough, Shreveport, LA",18461
36055006600,"Genesee-Jefferson, Rochester, NY",18460
13051011600,"Hudson Hill/Bayview, Savannah, GA",18459
13121001800,"Old Fourth Ward, Atlanta, GA",18455
13059000900,"Athens, GA",18446
1073001500,"Fountain Heights, Birmingham, AL",18446
36067005300,"Southside, Syracuse, NY",18442
48201312700,"Southeast Houston, Houston, TX",18442
5119003001,"North Little Rock, AR",18441
31055000600,"North Omaha, Omaha, NE",18441
26145001000,"Saginaw, MI",18440
22079013900,"Alexandria, LA",18435
12073001402,"Griffin Hgts, Tallahassee, FL",18434
28049002700,"Jackson, MS",18434
39023000902,"Fair Vista, Springfield, OH",18433
40109103000,"Central Oklahoma City, Oklahoma City, OK",18430
26163516400,"Islandview, Detroit, MI",18429
36067005200,"Southside, Syracuse, NY",18429
18095000500,"Anderson, IN",18428
13141480300,"Sparta, GA",18426
39081000800,"Steubenville, OH",18425
17031260300,"Garfield Park, Chicago, IL",18423
26163517300,"Brush Park, Detroit, MI",18421
37165010200,"Laurinburg, NC",18416
13121005501,"Peoplestown, Atlanta, GA",18407
13121008500,"Grove Park, Atlanta, GA",18405
42101002000,"Point Breeze, Philadelphia, PA",18402
18097351200,"Indianapolis, IN",18398
47037011800,"East Nashville, Nashville, TN",18395
24510070300,"Milton - Montford, Baltimore, MD",18395
37119000900,"Villa Heights, Charlotte, NC",18394
37165010300,"Laurinburg, NC",18389
47113000500,"Jackson, TN",18386
45079011701,"Columbia, SC",18382
5139950900,"El Dorado, AR",18378
42049000800,"Erie, PA",18374
37065020400,"Hillsdale, Rocky Mount, NC",18368
12103020600,"Saint Petersburg, FL",18365
54039010400,"Dunbar, WV",18363
22073000900,"Monroe, LA",18361
2050000200,"Bethel, AK",18354
39049005410,"Near East Columbus, Columbus, OH",18354
39049005000,"Franklinton, Columbus, OH",18353
39061008601,"North Fairmount, Cincinnati, OH",18352
48113011500,"Piedmont Addition, Dallas, TX",18349
34021001900,"East Trenton, Trenton, NJ",18346
12031011500,"45th & Moncrief, Jacksonville, FL",18341
17163502200,"Washington Park, IL",18335
48439103800,"Fort Worth, TX",18333
39035104200,"Tremont, Cleveland, OH",18332
42133000200,"York, PA",18328
35006945800,"Ramah, NM",18327
24510250204,"Cherry Hill, Baltimore, MD",18323
13121005502,"South Atlanta, Atlanta, GA",18322
17031680500,"Englewood, Chicago, IL",18321
37063000500,"West End, Durham, NC",18315
39049005610,"South Columbus, Columbus, OH",18307
36067005400,"Southside, Syracuse, NY",18304
51710005100,"Norfolk, VA",18300
45079000900,"Midtown - Downtown, Columbia, SC",18299
13215003302,"Columbus, GA",18298
42049001300,"Erie, PA",18297
47037014400,"Watkins Park, Nashville, TN",18296
51740211100,"Portsmouth, VA",18296
13051011200,"Historic District - South, Savannah, GA",18294
12095018500,"Southwest Orlando, Orlando, FL",18292
51730810400,"Petersburg, VA",18285
24510100100,"Johnson Square, Baltimore, MD",18283
1087231400,"Tuskegee, AL",18281
13121011000,"East Point, GA",18279
12099008202,"Belle Glade, FL",18279
22071010000,"Milan, New Orleans, LA",18276
39035196500,"Fairfax, Cleveland, OH",18273
39153506500,"West Akron, Akron, OH",18273
45085001600,"Sumter, SC",18272
37027030100,"Lenoir, NC",18268
42003130100,"Homewood North, Pittsburgh, PA",18267
26025000300,"Battle Creek, MI",18263
51760020900,"East End, Richmond, VA",18263
13185010500,"Valdosta, GA",18258
24510190300,"Mount Clare, Baltimore, MD",18257
22071006000,"Tulane - Gravier, New Orleans, LA",18256
29510111400,"Greater Ville, St. Louis, MO",18255
1053970600,"Atmore, AL",18253
51540000202,"Venable, Charlottesville, VA",18252
12011100400,"Hallandale Beach, FL",18249
29031881400,"Cape Girardeau, MO",18244
22061960900,"Ruston, LA",18244
13121011900,"Sweet Auburn, Atlanta, GA",18237
24510150100,"Sandtown-Winchester, Baltimore, MD",18235
26145000800,"Saginaw, MI",18234
26025004100,"Battle Creek, MI",18231
26075001100,"Jackson, MI",18230
42101016701,"North Philadelphia, Philadelphia, PA",18229
22071001500,"St. Claude, New Orleans, LA",18228
13215011100,"Columbus, GA",18227
37081011101,"Greensboro, NC",18226
1097001302,"Baltimore, Mobile, AL",18226
37067001901,"Winston-Salem, NC",18226
29189221800,"Berkeley, MO",18221
21067001100,"Galberith, Lexington, KY",18219
1073010302,"Bessemer, AL",18216
1073001600,"Norwood, Birmingham, AL",18216
47157005300,"Riverview, Memphis, TN",18208
37191002000,"Goldsboro, NC",18204
29095007600,"Blue Hills, Kansas City, MO",18202
13059030200,"Athens, GA",18200
13215002200,"Columbus, GA",18189
36009940000,"Versailles, NY",18189
12105011203,"Webster Park North, Lakeland, FL",18187
39099802400,"Newport, Youngstown, OH",18185
17031400800,"South Side, Chicago, IL",18184
12027010302,"Arcadia, FL",18175
5119001200,"Capital View, Little Rock, AR",18175
13021013700,"Macon, GA",18174
18095000400,"Anderson, IN",18166
39113004400,"Residence Park, Dayton, OH",18165
28087000700,"Columbus, MS",18158
26049001800,"Flint, MI",18151
1097000702,"Oakleigh, Mobile, AL",18150
1081041600,"Opelika, AL",18147
45033970400,"Dillon, SC",18146
17031670200,"Englewood, Chicago, IL",18145
26049001500,"Flint, MI",18145
37021000900,"South French Broad, Asheville, NC",18143
12057004400,"Northwest Tampa, Tampa, FL",18139
37065020900,"Princeville, NC",18137
36055009601,"Mayor's Heights, Rochester, NY",18132
1101002400,"Montgomery, AL",18131
36063020200,"Niagara Falls, NY",18130
1077010300,"West Florence, Florence, AL",18128
55079014100,"Hillside, Milwaukee, WI",18124
47065002300,"Clifton Hills, Chattanooga, TN",18116
22071007502,"Holly Grove, New Orleans, LA",18115
22071009400,"Central City, New Orleans, LA",18109
18097353600,"Indianapolis, IN",18109
17031691100,"South Side, Chicago, IL",18106
26081003200,"South East End, Grand Rapids, MI",18103
12117020401,"Sanford, FL",18103
17031837000,"East Garfield Park, Chicago, IL",18102
42101037700,"North Philadelphia, Philadelphia, PA",18101
35031946000,"Thoreau, NM",18098
28049001600,"Greater Belhaven, Jackson, MS",18095
6015000203,"Klamath, CA",18093
47179061000,"Johnson City, TN",18090
17031252000,"Austin, Chicago, IL",18088
26163533300,"Detroit, MI",18083
12095014608,"Southwest Orlando, Orlando, FL",18080
55079006600,"North Division, Milwaukee, WI",18077
13245010300,"Augusta, GA",18076
13051003301,"Carver Heights, Savannah, GA",18073
17031842900,"University Village / Little Italy, Chicago, IL",18072
17031841500,"Lawndale, Chicago, IL",18072
1063060000,"Eutaw, AL",18071
13095010700,"Albany, GA",18070
51700030400,"South Newport News, Newport News, VA",18064
1087231602,"Tuskegee, AL",18062
39035112100,"Hough, Cleveland, OH",18061
39035151400,"East Cleveland, OH",18059
28135950200,"Charleston, MS",18057
12057001900,"East Tampa, Tampa, FL",18057
24510200400,"Shipley Hill, Baltimore, MD",18055
36029003302,"Kingsley, Buffalo, NY",18054
12086001004,"Miami, FL",18052
28049011500,"Jackson, MS",18050
17115000900,"Decatur, IL",18050
39049002300,"Milo-Grogan, Columbus, OH",18048
17031291200,"North Lawndale, Chicago, IL",18047
47157006500,"Memphis, TN",18047
12005001700,"Shermans Second Addition, Panama City, FL",18043
24045000300,"Salisbury, MD",18042
13255160800,"Griffin, GA",18042
26163530100,"Detroit, MI",18035
28047002400,"Gulfport, MS",18031
13061960300,"Fort Gaines, GA",18029
42101017400,"North Philadelphia, Philadelphia, PA",18029
10003002100,"Wilmington, DE",18028
28075000200,"Meridian, MS",18027
12105012601,"Haines City, FL",18026
21111002400,"Russell, Louisville, KY",18021
51700030600,"South Newport News, Newport News, VA",18020
39099804100,"North Heights, Youngstown, OH",18015
21111001800,"California, Louisville, KY",18010
28053950300,"Belzoni, MS",18006
12095011701,"Orlando, FL",18004
39113070300,"Dayton, OH",18002
51700030100,"South Newport News, Newport News, VA",18000
55079008100,"Harambee, Milwaukee, WI",18000
39035120200,"Woodland Hills, Cleveland, OH",17999
45045000700,"West Greenville, Greenville, SC",17998
18097354700,"Indianapolis, IN",17994
28049003000,"Jackson, MS",17984
47157011500,"Memphis, TN",17983
37129010300,"Wilmington, NC",17979
13121008302,"Dixie Hills, Atlanta, GA",17977
37195000100,"Wilson, NC",17977
13277960700,"Tifton, GA",17970
48375013000,"Amarillo, TX",17969
47037013602,"Nashville, TN",17968
5119001300,"Capital View, Little Rock, AR",17967
55079008900,"Sherman Park, Milwaukee, WI",17966
1101002201,"Montgomery, AL",17965
39099800500,"Landsdowne, Youngstown, OH",17963
24510080800,"Broadway East, Baltimore, MD",17961
37119003600,"Charlotte, NC",17957
1073000300,"Woodlawn, Birmingham, AL",17954
17163502700,"East Saint Louis, IL",17954
39099813700,"East Side, Youngstown, OH",17950
12001000200,"Innovation District, Gainesville, FL",17948
17163500900,"East Saint Louis, IL",17947
55079009000,"Washington Park, Milwaukee, WI",17945
13121006300,"Pittsburgh, Atlanta, GA",17945
12086001803,"Brownsville, Miami, FL",17944
39035116600,"Forest Hills, Cleveland, OH",17935
51760020700,"Church Hill North, Richmond, VA",17934
1099075600,"Beatrice, AL",17933
1055000800,"Gadsden, AL",17927
46113940900,"Kyle, SD",17923
22073010800,"Monroe, LA",17923
35031944000,"Crownpoint, NM",17915
39035116800,"Forest Hills, Cleveland, OH",17912
18097351600,"Fall Creek Place, Indianapolis, IN",17908
45041000700,"Florence, SC",17907
39035119402,"Buckeye - Shaker, Cleveland, OH",17907
17031380700,"Bronzeville, Chicago, IL",17904
39035120600,"Mount Pleasant, Cleveland, OH",17903
37129011200,"Wilmington, NC",17900
37081010100,"Phillips Ave, Greensboro, NC",17898
39155920500,"Warren, OH",17894
12011041600,"Central Fort Lauderdale, Fort Lauderdale, FL",17891
13215001400,"Columbus, GA",17890
39035151600,"East Cleveland, OH",17889
1047956400,"Selma, AL",17879
37045950900,"Shelby, NC",17878
42101024100,"Germantown, Philadelphia, PA",17875
45005970200,"Allendale, SC",17875
51710002900,"Park Place, Norfolk, VA",17873
37119003903,"Boulevard Homes, Charlotte, NC",17870
5119004500,"Central High Historic District, Little Rock, AR",17866
39061007700,"Millvale, Cincinnati, OH",17865
1089001200,"Huntsville, AL",17865
17031836400,"Oakland, Chicago, IL",17859
28075000300,"Meridian, MS",17855
26163522400,"Detroit, MI",17853
12057003600,"Grant Park, Tampa, FL",17852
45085000800,"Sumter, SC",17845
39035118500,"Glenville, Cleveland, OH",17838
22073011000,"Robinson Place, Monroe, LA",17836
36055009604,"Charles House Area Council, Rochester, NY",17835
1073000700,"Collegeville, Birmingham, AL",17835
1097002301,"Riviera, Mobile, AL",17835
12001000700,"Gainesville, FL",17831
51760060800,"Jeff Davis, Richmond, VA",17829
28151000300,"Greenville, MS",17827
13051001100,"Eastside, Savannah, GA",17825
13059030100,"Athens, GA",17820
5119004600,"Downtown, Little Rock, AR",17820
39035112500,"Hough, Cleveland, OH",17819
39113165100,"MacFarlane, Dayton, OH",17817
26145000700,"Saginaw, MI",17817
42101014000,"Cecil B. Moore, Philadelphia, PA",17815
10003000900,"Wilmington, DE",17810
42003111500,"East Liberty, Pittsburgh, PA",17808
13059000600,"Athens, GA",17794
26163512200,"Detroit, MI",17791
17163500500,"East Saint Louis, IL",17788
17031671200,"Englewood, Chicago, IL",17788
5119002500,"North Little Rock, AR",17787
37051002200,"Terry Sanford, Fayetteville, NC",17785
37067000600,"Winston-Salem, NC",17785
4017940301,"Whiteriver, AZ",17783
37067000302,"Winston-Salem, NC",17778
26163526500,"Detroit, MI",17777
13089020802,"East Lake, Atlanta, GA",17776
22073000700,"Monroe, LA",17770
22073001400,"Monroe, LA",17761
22071002700,"Seventh Ward, New Orleans, LA",17760
12073000600,"Frenchtown, Tallahassee, FL",17758
39049002800,"King-Lincoln Bronzeville, Columbus, OH",17749
39153502500,"Middlebury, Akron, OH",17747
39035119300,"Woodland Hills, Cleveland, OH",17745
47157000800,"Hollywood, Memphis, TN",17745
41031940000,"Madras, OR",17744
37063000900,"Durham, NC",17741
13121008400,"Hunter Hills, Atlanta, GA",17740
39061006900,"Avondale, Cincinnati, OH",17718
39035114501,"Kinsman, Cleveland, OH",17716
1047957200,"Selma, AL",17716
48113002701,"South Dallas/Fair Park, Dallas, TX",17710
37107010500,"Kinston, NC",17705
36029003901,"Leroy, Buffalo, NY",17698
17031292400,"Lawndale, Chicago, IL",17696
45047970500,"Greenwood, SC",17693
42003130400,"Homewood South, Pittsburgh, PA",17691
12073001001,"South City, Tallahassee, FL",17689
12095011702,"Southwest Orlando, Orlando, FL",17687
26081003600,"SECA, Grand Rapids, MI",17686
13121007807,"Adamsville, Atlanta, GA",17685
47157007810,"Castalia Heights, Memphis, TN",17680
39095003300,"ONYX, Toledo, OH",17678
13245000900,"Laney Walker, Augusta, GA",17670
36055005900,"Rochester, NY",17668
39035121300,"Union - Miles Park, Cleveland, OH",17667
45031010700,"Hartsville, SC",17666
17031836500,"Bronzeville, Chicago, IL",17665
36029002900,"Genesee Moselle, Buffalo, NY",17665
51740211800,"Portsmouth, VA",17658
48113020300,"Dallas, TX",17654
12057003300,"East Tampa, Tampa, FL",17652
51710004100,"Young Terrace, Norfolk, VA",17651
12099001302,"West Palm Beach, FL",17646
1125011701,"Tuscaloosa, AL",17642
17031836800,"East Garfield Park, Chicago, IL",17641
18141001700,"South Bend, IN",17640
12033001800,"Britton Place, Pensacola, FL",17632
12115000300,"Newtown, Sarasota, FL",17630
13205090300,"Camilla, GA",17630
18097352300,"Indianapolis, IN",17624
45019005400,"Wagener Terrace, Charleston, SC",17616
13121006700,"The Villages at Carver, Atlanta, GA",17609
35043940200,"Kewa Pueblo, NM",17607
36067003000,"Westside, Syracuse, NY",17606
37119003700,"Southside Park, Charlotte, NC",17604
39035117102,"North Collinwood, Cleveland, OH",17601
29510107400,"Walnut Park East, St. Louis, MO",17594
34021001500,"Trenton, NJ",17594
1125011200,"Tuscaloosa, AL",17590
26049001400,"Flint, MI",17588
1097007600,"Prichard, AL",17579
48037010500,"Texarkana, TX",17566
17031841400,"Little Village, Chicago, IL",17565
39153508800,"West Akron, Akron, OH",17563
26049001700,"Flint, MI",17563
13051001500,"Historic District - South, Savannah, GA",17557
26163518400,"Poletown East, Detroit, MI",17557
47113000900,"Jackson, TN",17553
5017080400,"Eudora, AR",17552
18141002100,"Northwest South Bend, South Bend, IN",17551
37119005100,"Druid Hills North, Charlotte, NC",17548
17031841000,"Near South Side, Chicago, IL",17541
28049002200,"Jackson, MS",17538
17031260400,"Garfield Park, Chicago, IL",17536
13095010302,"Albany, GA",17532
37119004600,"Washington Heights, Charlotte, NC",17531
20173007800,"Matlock Heights, Wichita, KS",17530
28001000400,"Natchez, MS",17528
39061008000,"Winton Hills, Cincinnati, OH",17526
26163512300,"Detroit, MI",17525
12031002600,"Lackawanna, Jacksonville, FL",17522
37051002401,"Fayetteville, NC",17519
39095002200,"Olde Towne, Toledo, OH",17516
18097352800,"Martindale-Brightwood, Indianapolis, IN",17513
40101000400,"Muskogee, OK",17512
17031360200,"Bronzeville, Chicago, IL",17512
37025042101,"Concord, NC",17512
55079009900,"Midtown, Milwaukee, WI",17507
39035120400,"Union - Miles Park, Cleveland, OH",17505
26121000300,"Angell, Muskegon, MI",17497
13121007808,"Adamsville, Atlanta, GA",17497
26021000500,"Benton Harbor, MI",17496
28035000600,"Hattiesburg, MS",17494
51710004400,"Broad Creek, Norfolk, VA",17493
5119002800,"North Little Rock, AR",17493
47157007000,"East Memphis, Memphis, TN",17490
37107010300,"Kinston, NC",17488
28001000300,"Natchez, MS",17480
28049002100,"Jackson, MS",17480
13121002500,"Vine City, Atlanta, GA",17479
31055000700,"North Omaha, Omaha, NE",17478
1047956600,"Selma, AL",17478
13051002100,"Benjamin Van Clark Park, Savannah, GA",17472
48037010600,"Texarkana, TX",17469
37119003902,"Reid Park, Charlotte, NC",17467
17031834900,"Englewood, Chicago, IL",17466
2198000200,"Klawock, AK",17460
1097001200,"Owens, Mobile, AL",17458
37119000800,"Belmont, Charlotte, NC",17457
39035127501,"Union - Miles Park, Cleveland, OH",17456
12086001501,"Model City, Miami, FL",17456
13121003900,"Ashview Heights, Atlanta, GA",17455
39153501800,"Lane-Wooster, Akron, OH",17453
17031390200,"South Side, Chicago, IL",17451
47113001000,"Jackson, TN",17449
13021012500,"Macon, GA",17449
22071013800,"St. Bernard Area, New Orleans, LA",17438
39035141000,"Cleveland Heights, OH",17425
47157005900,"South Memphis, Memphis, TN",17423
4019940700,"Pisinemo, AZ",17421
12103020500,"Bartlett Park, Saint Petersburg, FL",17420
55079008600,"Lindsay Heights, Milwaukee, WI",17419
47157001400,"Binghampton, Memphis, TN",17417
12086001702,"Brownsville, Miami, FL",17417
13121008601,"Atlanta, GA",17411
12111380200,"Fort Pierce, FL",17409
34001001400,"Atlantic City, NJ",17406
39061002500,"Clifton Heights, Cincinnati, OH",17399
26163535100,"Barton - McFarland, Detroit, MI",17395
47157011100,"Douglass, Memphis, TN",17385
1069041200,"Dothan, AL",17385
22071004900,"Tulane - Gravier, New Orleans, LA",17381
26145000400,"Saginaw, MI",17380
22073001100,"Monroe, LA",17380
13121012000,"Mechanicsville, Atlanta, GA",17375
37133002600,"Jacksonville, NC",17372
45051030101,"Loris, SC",17371
26163537100,"Littlefield, Detroit, MI",17371
26163504000,"Detroit, MI",17371
28049003200,"Washington Addition, Jackson, MS",17368
37155960802,"Lumberton, NC",17362
21111003000,"Russell, Louisville, KY",17362
13185011000,"Valdosta, GA",17361
26121001300,"Muskegon Heights, MI",17360
1097000402,"Orange Grove, Mobile, AL",17358
45067950700,"Marion, SC",17358
37195000700,"Wilson, NC",17357
18097350800,"Indianapolis, IN",17354
2188000100,"Noorvik, AK",17353
39035118900,"Hough, Cleveland, OH",17352
22017023300,"Cedar Grove, Lynbrook, Shreveport, LA",17348
18141002000,"West Washington, South Bend, IN",17347
45075011200,"Orangeburg, SC",17344
37081014200,"High Point, NC",17340
39095002500,"Roosevelt, Toledo, OH",17340
36055000700,"Upper Falls, Rochester, NY",17337
26163536700,"Detroit, MI",17324
47157011700,"South Memphis, Memphis, TN",17323
47157006000,"Memphis, TN",17322
40143000500,"United Neighborhood of Springdale, Tulsa, OK",17317
47157001900,"North Memphis, Memphis, TN",17309
37181960700,"Henderson, NC",17309
39035116700,"Forest Hills, Cleveland, OH",17307
12086001903,"Model City, Miami, FL",17304
37063002200,"Central Park, Durham, NC",17303
55079008500,"Lindsay Heights, Milwaukee, WI",17300
29510118100,"Forest Park Southeast, St. Louis, MO",17299
26081003000,"Madison Area, Grand Rapids, MI",17292
26163512400,"Detroit, MI",17288
39113000300,"Wesleyan Hill, Dayton, OH",17287
42043020600,"Midtown, Harrisburg, PA",17287
22051026200,"Harvey, LA",17278
12099001404,"West Palm Beach, FL",17277
1097000600,"Gorgas, Mobile, AL",17266
39035121100,"Corlett, Cleveland, OH",17266
47157006200,"Glenview, Memphis, TN",17263
13121008700,"Carver Hills, Atlanta, GA",17259
13051002800,"Jackson Park, Savannah, GA",17248
5135470100,"Williford, AR",17244
13121006802,"Thomasville Heights, Atlanta, GA",17242
39113003800,"Westwood, Dayton, OH",17242
47157000400,"New Chicago, Memphis, TN",17237
2290000100,"Fort Yukon, AK",17233
17115003100,"Decatur, IL",17228
34007600700,"Cooper Point, Camden, NJ",17215
22073001500,"Monroe, LA",17211
26163553400,"Highland Park, MI",17209
37067000400,"Winston-Salem, NC",17209
21067000400,"Lexington, KY",17208
48113003700,"Dallas, TX",17205
22071014300,"Central City, New Orleans, LA",17202
21111005000,"Old Louisville, Louisville, KY",17200
39155920600,"Warren, OH",17199
13185011302,"Valdosta, GA",17193
47065000400,"Bushtown, Chattanooga, TN",17193
13051011300,"Midtown, Savannah, GA",17191
47157010500,"Memphis, TN",17188
47157006800,"Orange Mound, Memphis, TN",17185
5035031200,"West Memphis, AR",17179
22071008600,"Central City, New Orleans, LA",17178
36067003900,"Westside, Syracuse, NY",17177
13051002600,"Midtown, Savannah, GA",17176
12103028700,"Jordan Park, Saint Petersburg, FL",17171
13127000800,"Brunswick, GA",17168
13185010800,"Valdosta, GA",17164
37081013800,"High Point, NC",17163
26163503900,"Detroit, MI",17155
1015000300,"Anniston, AL",17150
45079000600,"Midtown - Downtown, Columbia, SC",17149
13245000600,"Olde Town, Augusta, GA",17141
12073001901,"Providence, Tallahassee, FL",17140
12083001700,"Ocala, FL",17140
39095000800,"Toledo, OH",17140
28075000400,"Meridian, MS",17139
22065960400,"Tallulah, LA",17136
47093006700,"Parkridge, Knoxville, TN",17133
45019004300,"North Charleston, SC",17120
37119005200,"Tryon Hills, Charlotte, NC",17118
28049002000,"Greater Belhaven, Jackson, MS",17111
1097000500,"Fisher, Mobile, AL",17108
13245010600,"East Augusta, Augusta, GA",17107
36055004100,"Charles House Area Council, Rochester, NY",17106
13245001400,"Turpin Hill, Augusta, GA",17105
18089012100,"Gary, IN",17100
26163515200,"Islandview, Detroit, MI",17097
42003050900,"Bedford Dwellings, Pittsburgh, PA",17095
12031002802,"Northwest, Jacksonville, FL",17094
17201002600,"Rockford, IL",17094
12057000700,"Sulphur Springs, Tampa, FL",17084
12073002006,"Tallahassee, FL",17079
42101016600,"North Philadelphia, Philadelphia, PA",17077
26121004300,"Muskegon Heights, MI",17072
17031280400,"Near West Side, Chicago, IL",17059
13277960600,"Tifton, GA",17044
39049001500,"South Linden, Columbus, OH",17037
26163518600,"Detroit, MI",17033
26163522000,"Core City, Detroit, MI",17031
45051050600,"Myrtle Beach, SC",17030
17163500400,"East Saint Louis, IL",17024
26163515900,"Detroit, MI",17020
1097004800,"Prichard, AL",17015
13121008202,"Carroll Heights, Atlanta, GA",17012
37049960800,"New Bern, NC",17012
47157005800,"South Memphis, Memphis, TN",17010
45079001000,"Midtown - Downtown, Columbia, SC",17009
39003013700,"Lima, OH",17006
47157006700,"East Memphis, Memphis, TN",17003
13021011100,"Macon, GA",16999
26125142400,"Unity Park Neighborhood, Pontiac, MI",16996
39049002900,"Mount Vernon, Columbus, OH",16993
37067000700,"Winston-Salem, NC",16988
13095000800,"Albany, GA",16983
37195000200,"Wilson, NC",16971
12111380300,"Fort Pierce, FL",16970
12127082000,"Daytona Beach, FL",16969
45041000800,"Florence, SC",16969
45079001300,"Columbia, SC",16966
13215000300,"Columbus, GA",16965
51710003501,"Hunter's Square, Norfolk, VA",16962
51680000600,"College Hill, Lynchburg, VA",16961
29510121200,"St. Louis, MO",16952
12031001500,"Urban Core, Jacksonville, FL",16947
47093007000,"Mechanicsville, Knoxville, TN",16945
17031260100,"East Garfield Park, Chicago, IL",16944
5119002600,"North Little Rock, AR",16905
22017020600,"Allendale, Lakeside, Shreveport, LA",16887
1125011902,"Tuscaloosa, AL",16881
12095010400,"Northwest Orlando, Orlando, FL",16879
51590000600,"Danville, VA",16878
26163521300,"Mexicantown - Southwest Detroit, Detroit, MI",16867
13059001900,"Athens, GA",16865
1097004000,"Prichard, AL",16864
12086003100,"Overtown, Miami, FL",16862
39061001000,"Over-The-Rhine, Cincinnati, OH",16854
47037019400,"Germantown, Nashville, TN",16853
12039020702,"Quincy, FL",16843
36029003400,"Grider, Buffalo, NY",16839
22071001751,"New Orleans East Area, New Orleans, LA",16835
55079008400,"North Division, Milwaukee, WI",16834
37119000600,"First Ward, Charlotte, NC",16826
39035109701,"Central, Cleveland, OH",16825
39113004300,"Highview Hills, Dayton, OH",16824
29510119300,"Midtown, St. Louis, MO",16818
26121001200,"Muskegon Heights, MI",16813
13021010500,"Macon, GA",16812
13299950700,"Waycross, GA",16807
18003004300,"Fort Wayne, IN",16802
12031001000,"Urban Core, Jacksonville, FL",16801
22107000300,"Saint Joseph, LA",16801
13021010100,"Macon, GA",16800
22017025200,"Allendale, Lakeside, Shreveport, LA",16789
47065012200,"Avondale, Chattanooga, TN",16784
39035113600,"Fairfax, Cleveland, OH",16779
1101000600,"Montgomery, AL",16770
55079006700,"Harambee, Milwaukee, WI",16769
22015011300,"Bossier City, LA",16760
37063001100,"Durham, NC",16759
22071003500,"Seventh Ward, New Orleans, LA",16750
12086008309,"Miami, FL",16744
29189213900,"St. Louis, MO",16742
45019000900,"Charleston, SC",16728
22071007605,"Dixon, New Orleans, LA",16727
39035114700,"Kinsman, Cleveland, OH",16723
1101001100,"Montgomery, AL",16720
17143000100,"Peoria, IL",16719
51710004200,"Norfolk, VA",16715
47065001900,"Piney Woods, Chattanooga, TN",16711
47157005700,"South Memphis, Memphis, TN",16701
28027950700,"Clarksdale, MS",16698
5119000200,"Little Rock, AR",16691
13121002600,"Vine City, Atlanta, GA",16691
36067003400,"Eastside, Syracuse, NY",16684
45045000500,"Green Avenue, Greenville, SC",16682
17201002400,"Rockford, IL",16675
12105011202,"Paul A Digg, Lakeland, FL",16673
12119911302,"Wildwood, FL",16662
37081011200,"Greensboro, NC",16661
12103021200,"Thirteenth St Heights, Saint Petersburg, FL",16654
12009062600,"Collage Park, Cocoa, FL",16650
12057003500,"East Tampa, Tampa, FL",16647
12086001502,"Miami, FL",16644
26163522500,"Midtown, Detroit, MI",16641
26163500400,"Detroit, MI",16637
17031260500,"Garfield Park, Chicago, IL",16634
47157000900,"Hyde Park, Memphis, TN",16627
47157002800,"Binghampton, Memphis, TN",16624
39153505300,"Summit Lake, Akron, OH",16620
28035000500,"Hattiesburg, MS",16619
28011950702,"Cleveland, MS",16618
12033000400,"Westpointe Heritage, Pensacola, FL",16615
39113165200,"Grafton Hill, Dayton, OH",16615
55079185400,"Lindsay Heights, Milwaukee, WI",16614
28051950300,"Tchula, MS",16612
17031834700,"Englewood, Chicago, IL",16611
39061026700,"Walnut Hills, Cincinnati, OH",16610
5069001200,"Pine Bluff, AR",16609
51760020200,"East End, Richmond, VA",16609
26163513900,"Detroit, MI",16608
26163518800,"Detroit, MI",16602
42003552100,"McKeesport, PA",16600
37081011400,"Greensboro, NC",16597
26049000200,"Flint, MI",16594
4019940800,"Sells, AZ",16591
28049002500,"Capitol Neighbors, Jackson, MS",16587
39035118301,"Glenville, Cleveland, OH",16583
17019000200,"Champaign, IL",16576
37147000701,"Greenville, NC",16576
1125011800,"Tuscaloosa, AL",16574
22071013100,"Leonidas, New Orleans, LA",16571
40143000200,"Tulsa, OK",16569
17031400500,"South Side, Chicago, IL",16567
1101000100,"Montgomery, AL",16564
12011041500,"Central Fort Lauderdale, Fort Lauderdale, FL",16562
12127081600,"Georgiana Park, Daytona Beach, FL",16548
17031842200,"Goose Island, Chicago, IL",16541
28149950300,"Vicksburg, MS",16538
47065002000,"Southside Historic District, Chattanooga, TN",16533
30035940200,"Browning, MT",16531
37147000702,"Greenville, NC",16521
1097000401,"Owens, Mobile, AL",16520
5069001000,"Pine Bluff, AR",16515
13089020600,"Edgewood, Atlanta, GA",16511
39113000700,"Southern Dayton View, Dayton, OH",16497
12061050302,"Vero Beach, FL",16493
12105014301,"Lake Wales, FL",16480
47113001100,"Jackson, TN",16479
51710002700,"Park Place, Norfolk, VA",16477
1069041400,"Dothan, AL",16473
13021010400,"Macon, GA",16473
6037206300,"Central LA, Los Angeles, CA",16465
13175950900,"Dublin, GA",16458
42003120400,"Larimer, Pittsburgh, PA",16456
29510110500,"Fairgrounds, St. Louis, MO",16455
26021000300,"Benton Harbor, MI",16452
34001001100,"Atlantic City, NJ",16450
51710004800,"Tidewater Gardens, Norfolk, VA",16449
45089970502,"Kingstree, SC",16437
36005014300,"Bronx County, NY",16436
21067000300,"Ohio/Chestnut Street, Lexington, KY",16433
29019002100,"Douglass Park, Columbia, MO",16428
4017940013,"Keams Canyon, AZ",16423
26049002000,"Flint, MI",16410
12001000600,"Duval Heights, Gainesville, FL",16404
19013001800,"Waterloo, IA",16397
45009960100,"Denmark, SC",16395
39099800600,"East High, Youngstown, OH",16392
39061002200,"Mount Auburn, Cincinnati, OH",16381
47157003700,"Medical District, Memphis, TN",16373
1087231900,"Tuskegee, AL",16363
39113001700,"McCook Field, Dayton, OH",16361
13121007100,"Thomasville Heights, Atlanta, GA",16358
26077000202,"Northside, Kalamazoo, MI",16356
47157002400,"North Memphis, Memphis, TN",16344
12073001401,"Griffin Hgts, Tallahassee, FL",16343
51590000500,"Danville, VA",16336
37067001602,"Winston-Salem, NC",16334
1047956500,"Selma, AL",16318
12057004000,"South Nebraska, Tampa, FL",16304
12099002200,"North Tamarind, West Palm Beach, FL",16300
39139003100,"Mansfield, OH",16281
47157002000,"North Memphis, Memphis, TN",16265
26163522200,"Detroit, MI",16252
10003003002,"Wilmington, DE",16252
37129011000,"Village at Greenfield, Wilmington, NC",16248
39099801700,"Erie, Youngstown, OH",16248
13245000700,"Laney Walker, Augusta, GA",16248
13121003200,"Cabbagetown, Atlanta, GA",16245
45079010900,"Columbia, SC",16245
47157005500,"South Memphis, Memphis, TN",16245
13021012700,"Macon, GA",16243
13121002300,"English Avenue, Atlanta, GA",16228
39061000200,"West End, Cincinnati, OH",16202
51770001000,"Roanoke, VA",16202
1101000300,"Montgomery, AL",16198
28047001800,"Gulfport, MS",16196
51700030500,"Chestnut, Newport News, VA",16192
39151701800,"Canton, OH",16188
17031271300,"East Garfield Park, Chicago, IL",16186
28049001900,"Greater Belhaven, Jackson, MS",16175
12057003800,"East Ybor, Tampa, FL",16170
39049005100,"Franklinton, Columbus, OH",16166
39061026900,"West End, Cincinnati, OH",16165
39061003700,"Walnut Hills, Cincinnati, OH",16159
17031841600,"Lawndale, Chicago, IL",16156
39061006600,"North Avondale, Cincinnati, OH",16149
13245000300,"Harrisburg, Augusta, GA",16144
13121006400,"Chosewood Park, Atlanta, GA",16133
47093001900,"Park City, Knoxville, TN",16117
5107480500,"West Helena, Helena-West Helena, AR",16114
28105950300,"Starkville, MS",16114
42003051000,"Terrace Village, Pittsburgh, PA",16108
47157011200,"North Memphis, Memphis, TN",16100
12103020700,"Highland Oaks, Saint Petersburg, FL",16091
13121008602,"Monroe Heights, Atlanta, GA",16060
39035111401,"Glenville, Cleveland, OH",16058
40109103700,"Central Oklahoma City, Oklahoma City, OK",16040
17143000900,"Peoria, IL",16039
39099813900,"Oak Hill, Youngstown, OH",16032
17031829000,"Chicago Heights, IL",16026
18035000300,"Industry, Muncie, IN",16023
22071006900,"B. W. Cooper, New Orleans, LA",16022
1131034700,"Alberta, AL",16019
37063001400,"Durham, NC",16014
26021000600,"Benton Harbor, MI",16014
39113003900,"Westwood, Dayton, OH",16012
28087000800,"Columbus, MS",16000
37051000200,"Terry Sanford, Fayetteville, NC",16000
22071009200,"Central City, New Orleans, LA",15999
47157000600,"Hollywood, Memphis, TN",15998
37051001000,"Terry Sanford, Fayetteville, NC",15997
24510180100,"Poppleton, Baltimore, MD",15990
53045940000,"Skokomish, WA",15969
26081002800,"SECA, Grand Rapids, MI",15964
13215003200,"Columbus, GA",15964
13121000700,"Knight Park/Howell Station, Atlanta, GA",15923
47157011600,"South Memphis, Memphis, TN",15922
12117020500,"Sanford, FL",15916
13121003100,"Reynoldstown, Atlanta, GA",15914
36067004301,"Eastside, Syracuse, NY",15911
12033001600,"South Pensacola, Pensacola, FL",15907
28163950500,"Yazoo City, MS",15905
47157005000,"South Memphis, Memphis, TN",15900
39035118602,"Hough, Cleveland, OH",15899
39113004600,"Fairlane, Dayton, OH",15885
17031351500,"Bronzeville, Chicago, IL",15882
39035108701,"Central, Cleveland, OH",15881
39061001100,"Over-The-Rhine, Cincinnati, OH",15879
37067000802,"Winston-Salem, NC",15867
12011041400,"Central Fort Lauderdale, Fort Lauderdale, FL",15859
45083020400,"Spartanburg, SC",15829
12009060700,"Titusville, FL",15828
45085001500,"Sumter, SC",15825
1097007700,"Prichard, AL",15820
12073001101,"College Terrace, Tallahassee, FL",15817
45083020900,"Hampton Heights, Spartanburg, SC",15780
12099002400,"Progressive Northwest, West Palm Beach, FL",15778
12009065124,"Melbourne, FL",15760
53015000300,"Industrial Way, Longview, WA",15753
26163545400,"Detroit, MI",15750
17003957900,"Cairo, IL",15745
37119002300,"Grier Heights, Charlotte, NC",15745
22079012000,"Alexandria, LA",15740
28151001300,"Greenville, MS",15738
1101002300,"Montgomery, AL",15715
37081013900,"High Point, NC",15706
37067000500,"Winston-Salem, NC",15699
37183050800,"Southeast Raleigh, Raleigh, NC",15672
12103021600,"Saint Petersburg, FL",15661
29510111200,"Greater Ville, St. Louis, MO",15659
48113003400,"Cedar Crest, Dallas, TX",15654
55079008800,"Park West, Milwaukee, WI",15650
26163553300,"Highland Park, MI",15649
28083950900,"Greenwood, MS",15647
39095003200,"ONYX, Toledo, OH",15645
39035111700,"St. Clair - Superior, Cleveland, OH",15637
5035030501,"West Memphis, AR",15636
17031837300,"East Garfield Park, Chicago, IL",15632
22073000600,"Monroe, LA",15622
45079010502,"Columbia, SC",15619
26163553200,"Highland Park, MI",15619
39035110501,"North Broadway, Cleveland, OH",15608
39035114100,"Fairfax, Cleveland, OH",15603
2180000100,"Nome, AK",15595
51760061000,"Manchester, Richmond, VA",15595
12083001800,"Ocala, FL",15578
13051001200,"Kayton/Frazier Area, Savannah, GA",15574
1087231700,"Tuskegee, AL",15563
28011950100,"Shelby, MS",15550
39151702100,"Canton, OH",15549
45045000800,"West Greenville, Greenville, SC",15542
17031280800,"Near West Side, Chicago, IL",15528
9001070300,"West End - West Side, Bridgeport, CT",15525
48113002702,"South Dallas/Fair Park, Dallas, TX",15517
28133950402,"Indianola, MS",15494
4019940900,"Tucson, AZ",15493
13215001600,"Columbus, GA",15493
12095010500,"Northwest Orlando, Orlando, FL",15483
37119005000,"Double Oaks, Charlotte, NC",15481
26049012202,"Flint, MI",15480
13051000100,"Yamacraw Village, Savannah, GA",15469
17031350400,"Douglas, Chicago, IL",15456
51770002500,"Roanoke, VA",15429
37129010100,"Wilmington, NC",15426
39095003400,"Center City, Toledo, OH",15419
37129011100,"Jervay Place, Wilmington, NC",15411
13009970701,"Milledgeville, GA",15410
37107010400,"Kinston, NC",15404
13095011400,"Albany, GA",15393
45083020800,"Highland, Spartanburg, SC",15392
37183050900,"Downtown, Raleigh, NC",15390
13051002000,"Eastside, Savannah, GA",15382
28083950800,"Greenwood, MS",15361
47037019300,"East Nashville, Nashville, TN",15352
5107480400,"Helena-West Helena, AR",15347
39035113101,"Fairfax, Cleveland, OH",15344
13121011800,"English Avenue, Atlanta, GA",15331
37051003800,"Terry Sanford, Fayetteville, NC",15325
47093006800,"Morningside, Knoxville, TN",15324
13095000200,"Albany, GA",15317
26021002200,"Benton Harbor, MI",15311
17031380500,"Bronzeville, Chicago, IL",15306
35053940000,"Alamo, NM",15302
51690000200,"Martinsville, VA",15287
39099814000,"Brier Hill, Youngstown, OH",15286
36055006500,"Plymouth-Exchange, Rochester, NY",15282
1101001000,"Montgomery, AL",15271
39049001600,"University District, Columbus, OH",15260
47065002600,"Oak Grove, Chattanooga, TN",15255
47037014800,"South Nashville, Nashville, TN",15244
34001001500,"Atlantic City, NJ",15222
12057004300,"Northwest Tampa, Tampa, FL",15220
39035112200,"Hough, Cleveland, OH",15193
12033001500,"North Pensacola, Pensacola, FL",15191
47157011400,"Downtown, Memphis, TN",15167
29510111300,"The Ville, St. Louis, MO",15163
37129011400,"Wilmington, NC",15160
28035010700,"Hattiesburg, MS",15143
6025940000,"Winterhaven, CA",15128
39035113801,"Central, Cleveland, OH",15121
1069040600,"Dothan, AL",15120
39099804000,"Wick Park, Youngstown, OH",15108
12127082100,"Hodgmans Daytona, Daytona Beach, FL",15089
22071014000,"Central City, New Orleans, LA",15087
42101014800,"Cecil B. Moore, Philadelphia, PA",15069
28049001100,"Jackson, MS",15063
37195000801,"Wilson, NC",15063
39035109301,"Central, Cleveland, OH",15060
22035000300,"Lake Providence, LA",15042
39099802300,"Warren, Youngstown, OH",15041
47157011300,"North Memphis, Memphis, TN",14998
40109103602,"Central Oklahoma City, Oklahoma City, OK",14997
1087232100,"Tuskegee, AL",14992
26163531300,"Dexter-Linwood, Detroit, MI",14968
47157000300,"North Memphis, Memphis, TN",14954
13215002800,"Columbus, GA",14942
28151000600,"Greenville, MS",14930
13215002400,"Columbus, GA",14916
26049000400,"Flint, MI",14906
22073010700,"Monroe, LA",14903
12103026200,"Clearwater, FL",14897
47157004600,"Memphis, TN",14891
17167001700,"Springfield, IL",14885
22071000601,"Fischer Development Neighborhood, New Orleans, LA",14870
48347950900,"Nacogdoches, TX",14856
10003001902,"Wilmington, DE",14852
13215002700,"Columbus, GA",14842
37067000301,"Winston-Salem, NC",14804
28049011400,"Greater Belhaven, Jackson, MS",14801
39035111902,"St. Clair - Superior, Cleveland, OH",14786
13245001500,"Bethlehem, Augusta, GA",14770
47157002100,"North Memphis, Memphis, TN",14765
1087231800,"Tuskegee, AL",14760
4019940600,"Sells, AZ",14729
13215002500,"Columbus, GA",14719
51760020400,"East End, Richmond, VA",14706
20173000800,"Wichita, KS",14674
5035030502,"West Memphis, AR",14628
17031340600,"Armour Square, Chicago, IL",14618
36067004000,"Westside, Syracuse, NY",14577
28049001200,"Jackson, MS",14527
13021010300,"Macon, GA",14466
45041000900,"Florence, SC",14449
28049001000,"Jackson, MS",14448
13095010601,"Albany, GA",14429
39035114300,"Kinsman, Cleveland, OH",14419
42003051100,"Terrace Village, Pittsburgh, PA",14411
26145000200,"Saginaw, MI",14399
39061001600,"Over-The-Rhine, Cincinnati, OH",14378
39035111800,"St. Clair - Superior, Cleveland, OH",14375
47157004500,"Midtown, Memphis, TN",14346
39035119202,"University Circle, Cleveland, OH",14346
13121004400,"Mechanicsville, Atlanta, GA",14330
13095001500,"Albany, GA",14317
17167001500,"Pioneer Park, Springfield, IL",14306
22071001600,"Florida Development Neighborhood, New Orleans, LA",14247
28027950600,"Clarksdale, MS",14238
39061001700,"Over-The-Rhine, Cincinnati, OH",14216
51760030100,"Gilpin, Richmond, VA",14197
46031941100,"McLaughlin, SD",14174
46113940500,"Pine Ridge, SD",14153
1101001200,"Montgomery, AL",14148
22065960300,"Tallulah, LA",14114
13215003000,"Columbus, GA",14073
38085940900,"Fort Yates, ND",14035
46121940100,"Rosebud, SD",14034
13121005700,"Pittsburgh, Atlanta, GA",14017
28133950500,"Moorhead, MS",13997
13021013800,"Macon, GA",13984
37067000801,"Winston-Salem, NC",13946
1101000200,"Montgomery, AL",13918
28151001200,"Greenville, MS",13875
13121004800,"Capital Gateway, Atlanta, GA",13871
39061026400,"West End, Cincinnati, OH",13864
28151001000,"Greenville, MS",13851
13021011500,"Macon, GA",13817
13095001403,"Albany, GA",13811
47157000200,"North Memphis, Memphis, TN",13767
38053940100,"New Town, ND",13765
22071008500,"Central City, New Orleans, LA",13708
4013941000,"Maricopa County, AZ",13653
51760020100,"East End, Richmond, VA",13648
39049001700,"University District, Columbus, OH",13647
40143000600,"Lacy Park, Tulsa, OK",13638
28151002100,"Hollandale, MS",13632
12127081900,"Wright, Daytona Beach, FL",13572
39061000900,"Over-The-Rhine, Cincinnati, OH",13543
30005940200,"Hays, MT",13489
2050000100,"Tuntutuliak, AK",13482
28151000400,"Greenville, MS",13398
26021000400,"Benton Harbor, MI",13233
28151001100,"Greenville, MS",13155
42003260900,"Northview Heights, Pittsburgh, PA",13144
36067004200,"Southside, Syracuse, NY",13079
39035109801,"Central, Cleveland, OH",12769
26145000100,"Saginaw, MI",12688
2070000100,"Dillingham, AK",12671
4021941300,"Bapchule, AZ",12577
4007940200,"Whiteriver, AZ",12538
4017940012,"Kykotsmovi Village, AZ",12497
39099802100,"Warren, Youngstown, OH",11093
2158000100," County, AK",10889
2050000300,"Aniak, AK",8932
1003990000,"Fairhope, AL",
1015981902,"Ohatchee, AL",
1015981903,"Anniston, AL",
1097990000,"Dauphin Island, AL",
4012980000,"La Paz County, AZ",
4013061017,"Goodyear, AZ",
4013980600,"Eastmark, Mesa, AZ",
4013980700,"McDowell, Scottsdale, AZ",
4019002704,,
4019002906,,
4019004118,,
4019004121,,
4019004125,,
4019005200,,
4019005300,,
4027980003,"Yuma County, AZ",
4027980004,"Yuma County, AZ",
4027980005,"Somerton, AZ",
6001990000,"Oakland, CA",
6013990000,"Pinole, CA",
6015990000,"Crescent City North, Crescent City, CA",
6017990000,"South Lake Tahoe, CA",
6019007901,"Coalinga, CA",
6023990100,"Loleta, CA",
6029004603,"Delano, CA",
6029006002,"Tehachapi, CA",
6031001602,"Corcoran, CA",
6031981800,"Avenal, CA",
6037137000,,
6037920200,"Los Angeles County, CA",
6037980003,"Lancaster, CA",
6037980020,"Sun Valley, Los Angeles, CA",
6037990100,"Central Malibu, Malibu, CA",
6037990200,"Venice, Marina del Rey, CA",
6037990300,"San Pedro, Los Angeles, CA",
6041990100,"Inverness, CA",
6045990100,"Fort Bragg, CA",
6053010900,"Soledad, CA",
6053990000,"Pacific Grove, CA",
6059990100,"Newport Coast, Newport Beach, CA",
6061990000,"Homewood, CA",
6073009902,"Midway District, San Diego, CA",
6073990100,"Del Mar, CA",
6075980401,"San Francisco, CA",
6075990100,"San Francisco, CA",
6079990000,"San Luis Obispo, CA",
6081984300,"San Francisco, CA",
6081990100,"Sharp Park, Pacifica, CA",
6083980100,"Ventura, CA",
6083990000,"Santa Barbara County, CA",
6087990100,"Santa Cruz, CA",
6095253000,"Vacaville, CA",
6097990100,"Jenner, CA",
6109985202,"Jamestown, CA",
6111980000,"Naval Air Station Point Mugu, CA",
6111990100,"Ventura, CA",
8014980100,"Broomfield, CO",
8014980200,"Lafayette, CO",
8014980300,"Broomfield, CO",
8043980200,"Florence, CO",
8043980300,"Cañon City, CO",
8101980100,"Pueblo, CO",
8123000300,"Greeley, CO",
9001990000,"Fairfield County, CT",
9003980000,"Windsor Locks, CT",
9007990100,"Old Saybrook, CT",
9009990000,"New Haven County, CT",
9011990100,"Waterford, CT",
10001990000,"Frederica, DE",
10003980100,"Wilmington, DE",
10003990100,"New Castle County, DE",
10005990000,"Prime Hook Beach, Milford, DE",
12005990000,"Panama City, FL",
12009980100,"Brevard County, FL",
12009990000,"Seacrest Beach, Cocoa Beach, FL",
12011990000,"Birch Park Finger Streets, Fort Lauderdale, FL",
12015990000,"Palm Island, Cape Haze, FL",
12017990000,"Crystal River, FL",
12021990000,"Naples, FL",
12029990000,"Horseshoe Beach, FL",
12031990000,"Jacksonville, FL",
12033990000,"Gulf Breeze, FL",
12035990000,"Flagler Beach, FL",
12037990000,"Eastpoint, FL",
12037990100,"Alligator Point, FL",
12043990000,"Okeechobee, FL",
12045990000,"Port Saint Joe, FL",
12051990000,"Moore Haven, FL",
12053990000,"Weeki Wachee, FL",
12055980100,"Highlands County, FL",
12057980100,"Tampa, FL",
12057980200,"Saint Petersburg, FL",
12057990000,"South Tampa, Tampa, FL",
12057990100,"Saint Petersburg, FL",
12061990000,"Vero Beach, FL",
12065990000,"Jefferson County, FL",
12071980000,"Fort Myers, FL",
12071990000,"Bokeelia, FL",
12075990000,"Cedar Key, FL",
12081990000,"Holmes Beach, FL",
12083980000,"Altoona, FL",
12083980100,"Fort McCoy, FL",
12085990000,"Hobe Sound, FL",
12085990100,"Okeechobee, FL",
12086980100,"Miami, FL",
12086980600,"Miami, FL",
12086980900,"Miami, FL",
12086990000,"Islandia, FL",
12087980100,"Key West, FL",
12087990000,"Monroe County, FL",
12089990000,"Fernandina Beach, FL",
12091990100,"Fort Walton Beach, FL",
12091990200,"Destin, FL",
12093990000,"Okeechobee, FL",
12095990000,"Winter Garden, FL",
12099980000,"West Palm Beach, FL",
12099980200,"Palm Beach Gardens, FL",
12099980400,"Palm Beach County, FL",
12099990000,"Palm Beach, FL",
12099990100,"Pahokee, FL",
12101990000,"Port Richey, FL",
12103990000,"Dunedin, FL",
12103990100,"Coquina Key, Saint Petersburg, FL",
12105980000,"Poinciana, FL",
12107980000,"Palatka, FL",
12109990100,"Jacksonville, FL",
12109990200,"St. Augustine, FL",
12111990000,"Fort Pierce, FL",
12113990000,"Gulf Breeze, FL",
12115990000,"Nokomis, FL",
12123990000,"Taylor County, FL",
12127990000,"Pons Park, Ponce Inlet, FL",
12129990000,"Crawfordville, FL",
12131990000,"Santa Rosa Beach, FL",
13029980000,"Ellabell, GA",
13039990000,"Saint Marys, GA",
13051010605,"Hutchinson Island, Savannah, GA",
13051990000,"Savannah, GA",
13089980000,"Atlanta, GA",
13121980000,"Atlanta, GA",
13127990000,"Sea Island, GA",
13179990000,"Townsend, GA",
13183980000,"Glennville, GA",
13191980000,"Townsend, GA",
13191990000,"Sapelo Island, GA",
15001990000,"Captain Cook, HI",
15001990100,"Mountain View, HI",
15001990300,"Pāhoa, HI",
15001990400,"Pāhoa, HI",
15001990500,"Hilo, HI",
15001990600,"Hilo, HI",
15001990700,"Hilo, HI",
15001990800,"Pepeekeo, HI",
15001990900,"Laupahoehoe, HI",
15001991000,"Paauilo, HI",
15001991100,"Honokaa, HI",
15001991200,"Hawi, HI",
15001991300,"Waimea, HI",
15001991400,"Kailua-Kona, HI",
15001991500,"Kailua-Kona, HI",
15001991600,"Kailua-Kona, HI",
15001991700,"Kealakekua, HI",
15003980000,"Hawaii Kai, Honolulu, HI",
15003980800,"Kaneohe, HI",
15003981200,"Honolulu County, HI",
15003990001,"Kailua, HI",
15005990000,"Kalaupapa, HI",
15007041200,"Kaumakani, HI",
15007990100,"Princeville, HI",
15007990200,"Kaumakani, HI",
15007990300,"Kauai County, HI",
15009980000,"Maui County, HI",
15009990000,"Kaunakakai, HI",
15009990200,"Maui County, HI",
15009991200,"Lanai City, HI",
17031990000,"Cook County, IL",
17097863006,"Great Lakes, North Chicago, IL",
17097990000,"Lake County, IL",
17197980000,"Wilmington, IL",
18089990000,"East Chicago, IN",
18091990000,"Michigan City, IN",
18127980002,"Burns Harbor, IN",
18127990000,"Porter, IN",
19193940200,"Sloan, IA",
20161980000,"Riley, KS",
20209044602,"Wolcott, Kansas City, KS",
20209044603,"Nearman, Kansas City, KS",
21029980100,"Lebanon Junction, KY",
21047980100,"Oak Grove, KY",
21061980100,"Cave City, KY",
21143980100,"Eddyville, KY",
21221980200,"Cadiz, KY",
22023990000,"Cameron, LA",
22045990000,"Iberia County, LA",
22051990000,"New Orleans, LA",
22051990100,"Grand Isle, LA",
22057990000,"Golden Meadow, LA",
22071980100,"Lower Ninth Ward, New Orleans, LA",
22071990000,"Village De L'Est Area, New Orleans, LA",
22075990000,"Plaquemines County, LA",
22087990000,"Biloxi, LA",
22101990000,"Franklin, LA",
22103990000,"Lacombe, LA",
22109990000,"Terrebonne County, LA",
22113990000,"Kaplan, LA",
23005990000,"Cape Elizabeth, ME",
23009990000,"Southwest Harbor, ME",
23013990000,"Matinicus, ME",
23015990000,"New Harbor, Bristol, ME",
23023990000,"Phippsburg, ME",
23029990000,"Machiasport, ME",
23031990100,"Cape Neddick, York, ME",
24005051702,,
24005051801,,
24005051900,,
24009990100,"Saint Leonard, MD",
24017990000,"King George, MD",
24019990000,"Church Creek, MD",
24029990000,"Rock Hall, MD",
24035990000,"Stevensville, MD",
24035990100,"Stevensville, MD",
24035990200,"Rock Hall, MD",
24037990000,"Saint Inigoes, MD",
24039990100,"Ewell, Smith Island, MD",
24041990000,"Tilghman, Tilghman Island, MD",
24047980000,"Snow Hill, MD",
24047990000,"Berlin, MD",
25001990000,"Dennis, Dennis, MA",
25005990000,"Dartmouth, MA",
25007990000,"Cuttyhunk, Gosnold, MA",
25009990100,"Gloucester, MA",
25017980000,"Stow, MA",
25019990000,"Dionis, Nantucket, MA",
25023990003,"Duxbury, MA",
25025980101,"Harbor Islands- Long Island, Quincy, MA",
25025981201,"City Point, Boston, MA",
25025981501,"Back Bay, Boston, MA",
25025981600,"East Boston, Boston, MA",
25025981700,"Boston, MA",
25025990101,"Harbor Islands- Long Island, Quincy, MA",
26001990000,"Alcona County, MI",
26003990000,"Alger County, MI",
26005990000,"Allegan County, MI",
26007990000,"Alpena County, MI",
26009990000,"Kewadin, MI",
26011990000,"Au Gres, MI",
26011990100,"Arenac County, MI",
26013990100,"L'Anse, MI",
26017990000,"Linwood, MI",
26019990000,"Benzie County, MI",
26021990000,"Berrien County, MI",
26029990000,"Beaver Island, MI",
26031990000,"Cheboygan, MI",
26033980100,"Kincheloe, Kinross Charter Township, MI",
26033980300,"Kincheloe, Kinross Charter Township, MI",
26033990000,"Paradise, MI",
26033990100,"Drummond, MI",
26041990000,"Rapid River, MI",
26041990100,"Garden, MI",
26047990000,"Harbor Springs, MI",
26053990000,"Ironwood, MI",
26055990000,"Traverse City, MI",
26061990000,"Lake Linden, MI",
26061990100,"Atlantic Mine, MI",
26063990000,"Huron County, MI",
26065004490,"East Lansing, MI",
26065004491,"East Lansing, MI",
26065004492,"East Lansing, MI",
26065004493,"East Lansing, MI",
26065004494,"East Lansing, MI",
26069990000,"Iosco County, MI",
26083980100,"Keweenaw County, MI",
26083990100,"Keweenaw County, MI",
26089990000,"Leland, MI",
26095980000,"Paradise, MI",
26095990000,"Luce County, MI",
26097990000,"Mackinac County, MI",
26099990100,"Harrison charter Township, MI",
26101990000,"Manistee County, MI",
26103990000,"Marquette, MI",
26105990000,"Mason County, MI",
26109990000,"Menominee, MI",
26115990000,"Monroe, MI",
26121990000,"Muskegon County, MI",
26125981000,"White Lake, White Lake charter Township, MI",
26127990000,"Oceana County, MI",
26131990100,"Ontonagon County, MI",
26139990000,"Ottawa County, MI",
26141990000,"Presque Isle County, MI",
26147990000,"Fort Gratiot Township, MI",
26151990000,"Sanilac County, MI",
26153990000,"Schoolcraft County, MI",
26157990000,"Unionville, MI",
26159990000,"Van Buren County, MI",
26163985500,"Belle Isle, Detroit, MI",
26163985600,"River Rouge, MI",
26163985700,"Ford, Dearborn, MI",
26163990100,"Grosse Pointe Shores, MI",
26163990200,"Brownstown Charter Township, MI",
27031990000,"Cook County, MN",
27075990100,"Two Harbors, MN",
27123980000,"Highwood, Saint Paul, MN",
27137990100,"North Shore, Duluth, MN",
28045990000,"Bay Saint Louis, MS",
28047990000,"Biloxi, MS",
28059990000,"Pascagoula, MS",
28143980000,"Tunica, MS",
29095980101,"Kansas City, MO",
31109003601,"Lincoln, NE",
32005990000,"Glenbrook, NV",
32023980500,"Nye County, NV",
32031980200,"Reno, NV",
32031990000,"New Washoe City, NV",
32031990100,"Reno, NV",
32510990000,"Glenbrook, NV",
33015990000,"Hampton Beach, Hampton, NH",
34001990000,"Brigantine, NJ",
34003001902,,
34003010702,,
34003015502,,
34003015802,,
34003016100,,
34003016200,,
34003016305,,
34003016404,,
34003016608,,
34003980100,,
34003990100,,
34009990100,"Cape May, NJ",
34011010402,"Bridgeton, NJ",
34011990000,"Cumberland County, NJ",
34025990000,"Monmouth Beach, NJ",
34029980100,"Little Egg Harbor Township, NJ",
34029990000,"Seaside Heights, NJ",
34031223900,"Totowa, NJ",
34033990000,"Salem, NJ",
35043940300,"Los Alamos, NM",
36003940200,"Cuba, NY",
36005000100,"Bronx County, NY",
36005017100,"Bronx County, NY",
36009940200,"Cuba, NY",
36011990200,"Oswego, NY",
36013990000,"Fredonia, NY",
36027640001,"Fishkill, NY",
36029990000,"Derby, NY",
36045990001,"Sackets Harbor, NY",
36047008600,"Kings County, NY",
36047015400,"Kings County, NY",
36047017700,"Kings County, NY",
36047070203,"Kings County, NY",
36047990100,"Kings County, NY",
36053030101,,
36053030102,,
36053030103,,
36053030200,,
36053030300,,
36053030401,,
36053030402,,
36053030403,,
36053030600,,
36055003802,"Highland, Rochester, NY",
36055990000,"Rd, NY",
36059980100,"Garden City, NY",
36059990100,"Sands Point, NY",
36059990200,"Glen Cove, NY",
36059990301,"Oyster Bay, NY",
36059990302,"Massapequa, NY",
36059990400,"Lido Beach, NY",
36061000100,"Liberty Island, Jersey City, NY",
36063940100,"Middleport, NY",
36063990000,"Appleton, NY",
36065024700,,
36065024800,,
36065024900,,
36073990000,"Orleans County, NY",
36075990000,"Oswego, NY",
36081003700,"New York, NY",
36081009900,"Queens County, NY",
36081024600,"Queens County, NY",
36081033100,"Queens County, NY",
36081062400,"Queens County, NY",
36081065501,"Queens County, NY",
36081091602,"Queens County, NY",
36081107202,"Queens County, NY",
36081121100,"Queens County, NY",
36081138502,"Queens County, NY",
36081990100,"Queens County, NY",
36085008900,"Richmond County, NY",
36085015400,"Richmond County, NY",
36085990100,"Richmond County, NY",
36089491900,"Canton, NY",
36103990100,"Orient, NY",
36117990100,"Wayne County, NY",
36119005600,"New Rochelle, NY",
37019990100,"Ocean Isle Beach, NC",
37031980100,"Davis, NC",
37031990100,"Pine Knoll Shores, NC",
37031990200,"Cedar Island, NC",
37051003402,"Fort Bragg, NC",
37051003404,"Fort Bragg, NC",
37051980100,"Fayetteville, NC",
37051980200,"Pine Forest, Spring Lake, NC",
37053990100,"Corolla, NC",
37055990100,"Dare County, NC",
37055990200,"Manns Harbor, NC",
37077970704,"Butner, NC",
37087980100,"Waynesville, NC",
37089980100,"Horse Shoe, NC",
37093980100,"Hoke County, NC",
37095990100,"Ocracoke, NC",
37095990200,"Engelhard, NC",
37129990100,"Carolina Beach, NC",
37133990100,"Sneads Ferry, NC",
37137990100,"Hobucken, NC",
37141990100,"Topsail Beach, NC",
37173980200,"Bryson City, NC",
37183980100,"Cary, NC",
39007990000,"Ashtabula County, OH",
39035990000,"Cuyahoga County, OH",
39043990100,"Sandusky, OH",
39085990000,"Lake County, OH",
39093990200,"Lorain County, OH",
39095990000,"Lucas County, OH",
39113980000,"Riverside, OH",
40031002401,"Lawton, OK",
41007990000,"Warrenton, OR",
41011990101,"Coos Bay, OR",
41015990101,"Gold Beach, OR",
41019990000,"Reedsport, OR",
41039990000,"Florence, OR",
41041990100,"Newport, OR",
41045940000,"McDermitt, OR",
41057990100,"Tillamook, OR",
42003980800,"South Oakland, Pittsburgh, PA",
42003981000,"Lawrenceville, Pittsburgh, PA",
42017980000,"Morrisville, PA",
42019910500,"Slippery Rock, PA",
42029310400,"West Chester, PA",
42045980000,"Philadelphia, PA",
42049990000,"Erie, PA",
44005990000,"Narragansett Pier, Narragansett, RI",
44009990100,"Charlestown, RI",
44009990200,"New Shoreham, RI",
45003980100,"Jackson, SC",
45013990100,"Saint Helena Island, SC",
45019990100,"Isle of Palms, SC",
45027960202,"Turbeville, SC",
45029990100,"Edisto Island, SC",
45043990100,"Georgetown, SC",
45051990100,"Myrtle Beach, SC",
45053990100,"Tybee Island, SC",
45061920301,"Bishopville, SC",
45089970802,"Salters, SC",
47053980100,"Milan, TN",
47161980200,"Big Rock, TN",
48007990000,"Port Aransas, TX",
48027980002,"Killeen, TX",
48039990000,"Quintana, TX",
48057990000,"Calhoun County, TX",
48061990000,"South Padre Island, TX",
48071710600,"Baytown, TX",
48071990000,"Chambers County, TX",
48167990000,"Galveston, TX",
48245990000,"Jefferson County, TX",
48261990000,"Kenedy County, TX",
48273990000,"Corpus Christi, TX",
48303980000,"Lubbock, TX",
48321990000,"Matagorda, TX",
48355990000,"Port Aransas, TX",
48469980000,"Victoria, TX",
48489990000,"Willacy County, TX",
49045980000,"Tooele County, UT",
50009960700,,
50009960900,,
51001990100,"Accomac, VA",
51001990200,"Accomack County, VA",
51013980100,"Arlington, VA",
51013980200,"Arlington, VA",
51017990000,,
51053980100,"McKenney, VA",
51059980100,"Springfield, VA",
51059980200,"Herndon, VA",
51059980300,"McLean, VA",
51103990100,"White Stone, VA",
51115990100,"Mathews, VA",
51119990100,"Deltaville, VA",
51131990100,"Cape Charles, VA",
51133990100,"Kilmarnock, VA",
51153980100,"Manassas, VA",
51155980100,"Fairlawn, VA",
51155980200,"Dublin, VA",
51183870202,"Waverly, VA",
51199990100,"Port Haywood, VA",
51650990100,"Fox Hill - Grandview, Hampton, VA",
51710980100,"Norfolk, VA",
51710990000,"Bay View, Norfolk, VA",
51735990100,"Fox Hill - Grandview, Hampton, VA",
51810990100,"Northeast Virginia Beach, Virginia Beach, VA",
53005012000,"West Richland, WA",
53009990100,"Clallam Bay, WA",
53027990000,"Pacific Beach, Moclips, WA",
53029992201,"Oak Harbor, WA",
53031990000,"Forks, WA",
53033990100,"West Seattle, Seattle, WA",
53035990100,"Kingston, WA",
53049990100,"Ocean Park, WA",
53055990100,"Friday Harbor, WA",
53057990100,"Anacortes, WA",
53061990002,"Everett, WA",
53061990100,"Stanwood, WA",
53067990100,"Olympia, WA",
55003990000,"Ashland County, WI",
55007990000,"Herbster, WI",
55025991702,"Madison, WI",
55025991703,"Monona, WI",
55029990000,"Door County, WI",
55031990000,"Maple, WI",
55051990000,"Ironwood, WI",
55059990000,"Kenosha County, WI",
55061990000,"Kewaunee County, WI",
55071990000,"Manitowoc County, WI",
55075990000,"Peshtigo, WI",
55079990000,"Milwaukee County, WI",
55083990000,"Oconto, WI",
55089990000,"Ozaukee County, WI",
55101990000,"Racine County, WI",
55117990000,"Sheboygan County, WI",
72003990000," County, PR",
72005990000," County, PR",
72011990000," County, PR",
72013300700,"Arecibo, PR",
72013992900," County, PR",
72015991500," County, PR",
72017990000," County, PR",
72021031033,"Bayamón, PR",
72021031122,"Bayamón, PR",
72023980000," County, PR",
72023990000," County, PR",
72025201400,"Caguas, PR",
72027990000," County, PR",
72031050105,"Los Angeles, Carolina, PR",
72031050107,"Carolina, PR",
72031050241,"Sabana Abajo, Carolina, PR",
72031050311,"Sabana Abajo, Carolina, PR",
72031050321,"Sabana Abajo, Carolina, PR",
72031050331,"Sabana Abajo, Carolina, PR",
72031050811,"Hoyo Mulas, Carolina, PR",
72031050821,"Hoyo Mulas, Carolina, PR",
72031980003,"Carolina, PR",
72031990000," County, PR",
72033020425,"Cataño, PR",
72033020426,"Catano, PR",
72033020500,"Catano, PR",
72033980001,"Toa Baja, PR",
72033980002,"Toa Baja, PR",
72033980004,"Cataño, PR",
72033980005,"Catano, PR",
72033980006,"Catano, PR",
72033980007,"Cataño, PR",
72033980008,"Cataño, PR",
72033990201,"Cataño, PR",
72037990000," County, PR",
72049990501," County, PR",
72051990021," County, PR",
72053990103," County, PR",
72055990000," County, PR",
72057270400,"Guayama, PR",
72057992600," County, PR",
72059990001," County, PR",
72063210503,"Gurabo, PR",
72065990016," County, PR",
72069991800," County, PR",
72071990000," County, PR",
72075990001," County, PR",
72079991100," County, PR",
72087990000," County, PR",
72089990001," County, PR",
72091990025," County, PR",
72095990000," County, PR",
72097080100,"Mayagüez, PR",
72097080200,"Mayagüez, PR",
72097081000,"Mayagüez, PR",
72097082102,"Mayagüez, PR",
72097990000," County, PR",
72103990013," County, PR",
72109990000," County, PR",
72111990000," County, PR",
72113070400,"Ponce, PR",
72113070513,"Fagot, Ponce, PR",
72113070514,"Fagot, Ponce, PR",
72113071300,"Ponce, PR",
72113071402,"Ponce, PR",
72113071601,"Ponce, PR",
72113071602,"Liro Del Sur, Ponce, PR",
72113072102,"Ponce, PR",
72113073003,"Ponce, PR",
72113993000," County, PR",
72115990000," County, PR",
72117990400," County, PR",
72119130300,"Río Grande, PR",
72119992700," County, PR",
72123992800," County, PR",
72127001301,"San Juan, PR",
72127001302,"San Juan, PR",
72127003400,"San Juan, PR",
72127003600,"San Juan, PR",
72127004306,"San Juan, PR",
72127004800,"San Juan, PR",
72127006000,"San Juan, PR",
72127006101,"San Juan, PR",
72127006600,"San Juan, PR",
72127007100,"San Juan, PR",
72127008201,"San Juan, PR",
72127009000,"San Juan, PR",
72127980000,"San Juan, PR",
72127980101,"San Juan, PR",
72127980102,"San Juan, PR",
72127980103,"San Juan, PR",
72127980104,"San Juan, PR",
72127980105,"San Juan, PR",
72127980107,"San Juan, PR",
72127980108,"San Juan, PR",
72127980300,"San Juan, PR",
72127990000," County, PR",
72133990000," County, PR",
72137120300,"1ra Sección, Toa Baja, PR",
72137121300,"Bayamón, PR",
72137990000," County, PR",
72143990000," County, PR",
72145990000," County, PR",
72147990000,"Vieques, PR",
72151951100,"Yabucoa, PR",
72151990000," County, PR",
72021031622,"Bayamón, PR",
72053150500,"Fajardo, PR",
11001010800,"Northwest Washington, Washington, DC",
72127005201,"San Juan, PR",
72053150400,"Fajardo, PR",
6093001200,"McCloud, CA",
6037980007,"Marina, Seal Beach, CA",
72113073006,"Ponce, PR",
72065310500,"Arecibo, PR",
36051031000,"Dansville, NY",
50007980000,"South Burlington, VT",
6037402404,"Westmont, Pomona, CA",
72115330400,"Quebradillas, PR",
72013300800,"Arecibo, PR",
29510213900,,
72137120700,"6ta Sección, Toa Baja, PR",
51610451400,,
72127005000,"San Juan, PR",
72031050501,"Carolina, PR",
72047530600,"Corozal, PR",
4021000208,"Florence, AZ",
72087110304,"Río Grande, PR",
72055961000," County, PR",
51075400300,"Maidens, VA",
6079011400,"San Luis Obispo, CA",
72021030903,"Bayamón, PR",
72021031304,"Bayamón, PR",
72109290200,"Patillas, PR",
12086980800,"Opa-locka, FL",
72001956600,"Adjuntas, PR",
48441980000,"Abilene, TX",
72021031113,"Bayamón, PR",
72021031023,"Bayamón, PR",
36029014904,"Alden, NY",
72033020423,"Catano, PR",
32003005904,"Mesquite, NV",
72127005403,"San Juan, PR",
6075980300,"Golden Gate Park, San Francisco, CA",
72127009624,"San Juan, PR",
53071920400,"Walla Walla, WA",
72011810200,"Añasco, PR",
24005492500,"Baltimore, MD",
72031051001,"Trujillo Alto, PR",
72119130101,"Río Grande, PR",
72021030104,"Bayamón, PR",
72111730300,"Penuelas, PR",
21067000801,"Lexington, KY",
12071040119,"Paseo, Fort Myers, FL",
72071410300,"Isabela, PR",
72097082103,"Mayagüez, PR",
72079850300,"Lajas, PR",
48183980000,"Longview, TX",
72061040700,"Guaynabo, PR",
72125840600,"San Germán, PR",
72035260201,"Cayey, PR",
72149720300,"Villalba, PR",
21093980100,"Fort Knox, KY",
12071040312,"Eisenhower, Lehigh Acres, FL",
48041002015,"College Station, TX",
20209043804,"Santa Fe, Kansas City, KS",
40007951800,"Beaver, OK",
72025202800,"Caguas, PR",
4013113802,"Phoenix, AZ",
72127009400,"San Juan, PR",
31005958300,"Arthur, NE",
72145560402,"Vega Baja, PR",
6063000202,"Quincy, CA",
37097080100,,
6019005408,"Fresno, CA",
36061019701,"Upper Manhattan, New York, NY",
6071011204,"Big Bear, CA",
72021030904,"Bayamón, PR",
42101980500,"Hunting Park, Philadelphia, PA",
72115330300,"Quebradillas, PR",
4013318700,"Tempe, AZ",
72113072704,"Ponce, PR",
32005001600,"Glenbrook, NV",
72009250600,"Aibonito, PR",
72005401000,"Aguadilla Pueblo, PR",
72083959700,"Las Marías, PR",
6025012301,"Imperial, CA",
20209043000,"Shawnee Heights, Kansas City, KS",
72127004500,"San Juan, PR",
22019980100,"Lake Charles, LA",
6071980100,"San Bernardino International Airport, San Bernardino, CA",
72109290300,"Patillas, PR",
72005400700,"Aguadilla Pueblo, PR",
72043954200,"Coamo, PR",
20119966700,"Meade, KS",
72001956300,"Adjuntas, PR",
72135510601,"Bayamón, PR",
72133953800,"Santa Isabel, PR",
72073956200," County, PR",
8043980100,"Cañon City, CO",
72127005103,"San Juan, PR",
72127009601,"San Juan, PR",
72045951800,"Comerío, PR",
4013980400,"Chandler, AZ",
72041240102,"Cidra, PR",
6037980001,"North Hollywood, Burbank, CA",
48201210100,"Downtown, Houston, TX",
46007941000,"Martin, SD",
72021031031,"Bayamón, PR",
36047066600,"New York, NY",
72029100504,"Canóvanas, PR",
4017964202,"Clay Springs, AZ",
72097080900,"Mayagüez, PR",
72127006300,"San Juan, PR",
72113072900,"Ponce, PR",
42101036400,"Northeast Philadelphia, Philadelphia, PA",
55035960300,,
72127010022,"San Juan, PR",
48215023512,"Edinburg, TX",
72127009111,"San Juan, PR",
6037574700,"Long Beach, CA",
4015950401,"Dolan Springs, AZ",
72021031611,"Bayamón, PR",
72023830604,"Cabo Rojo, PR",
15003981000,"Kailua, HI",
45079010806,"Columbia, SC",
72025200500,"Caguas, PR",
72005400502,"Aguadilla Pueblo, PR",
72013302201,"Garrochales, PR",
6059099509,"Leisure World, Seal Beach, CA",
22089071000,,
34005981802,"Trenton, NJ",
72135510505,"Toa Alta, PR",
72021031612,"Santa Juanita, Bayamón, PR",
48355980000,"Northwest Corpus Christi, Corpus Christi, TX",
48121020109,"Grayhawk, Frisco, TX",
72061040411," County, PR",
72065310200,"Hatillo, PR",
72127003501,"San Juan, PR",
41005980000,"Estacada, OR",
12119980000,"Webster, FL",
6001981900,"Oakland, CA",
72029100104,"Canóvanas, PR",
72087110200,"Río Grande, PR",
72075710102,"Juana Díaz, PR",
72019952201,"Comerío, PR",
72061040500,"Guaynabo, PR",
72137122202,"Toa Baja, PR",
39085204301,"Heisley Park, Painesville, OH",
4013061036,"Greer Ranch South, Surprise, AZ",
72061040303,"Guaynabo, PR",
72127010200,"San Juan, PR",
6043000400,"Mariposa County, CA",
6037980030,"El Segundo, CA",
6085511608,"Stanford, CA",
72119130601,"Hato Candal, Río Grande, PR",
42063961102,"Indiana, PA",
37183053601,"Weycroft, Cary, NC",
17111864204,,
45041980100,"Florence, SC",
72127009800,"San Juan, PR",
9013538100,"Somers, CT",
47037980100,"Nashville, TN",
72061040304,"Guaynabo, PR",
72021032302," County, PR",
48451980000,"San Angelo, TX",
6037403200,"Westmont, Pomona, CA",
72099420500,"Moca, PR",
72137121900,"Toa Baja, PR",
45051980100,"Myrtle Beach, SC",
42101980800,"West Philadelphia, Philadelphia, PA",
72153750400,"Yauco, PR",
72075710700,"Villalba, PR",
25025981800,"Jamaica Hills / Pond, Boston, MA",
72001956700,"Adjuntas, PR",
34017018302,"Hoboken, NJ",
72031050106,"Carolina, PR",
22033002802,"Highlands/Perkins, Baton Rouge, LA",
72075710400,"Juana Díaz, PR",
72113072703,"Ponce, PR",
72031050212,"Sabana Abajo, Carolina, PR",
6085504417,"Milpitas, CA",
15003981100,"Waimanalo, HI",
72031050901,"Carolina, PR",
72029100400,"Canóvanas, PR",
72101955201,"Morovis, PR",
40017301001,"Southwest Oklahoma City, Oklahoma City, OK",
26161421900,"York charter Township, MI",
4013040524,"Sun City Grand Rincon, Surprise, AZ",
72047530200,"Corozal, PR",
72129220200,"San Lorenzo, PR",
36081021900,"Queens County, NY",
72031050503,"Carolina, PR",
72135510101,"Toa Alta, PR",
36081064102,"Queens County, NY",
21015980100,"Hebron, KY",
19193970600,,
72029100503,"Canóvanas, PR",
51041071001,,
72127001000,"San Juan, PR",
41067007000,,
48465980000,"Del Rio, TX",
72031051104,"Carolina, PR",
72127005401,"San Juan, PR",
72127008300,"San Juan, PR",
72107954801,"Orocovis, PR",
42003982200,"North Oakland, Pittsburgh, PA",
26037011200,"East Lansing, MI",
6095980000,"Suisun City, CA",
72113073008,"Ponce, PR",
16049960400,"Riggins, ID",
36051030500,"Geneseo, NY",
6073011300,"Coronado, CA",
72047530300,"Corozal, PR",
37135011602,"Chapel Hill, NC",
72057270202,"Guayama, PR",
72055961200,"Guanica, PR",
36119982000,"Ossining, NY",
72031050812,"Hoyo Mulas, Carolina, PR",
8001988700,"Denver, CO",
72127005204,"San Juan, PR",
37119980100,"Charlotte, NC",
72127005102,"Parcelas Falú, San Juan, PR",
47065980100,"Chattanooga, TN",
34035053801,"Millstone, NJ",
72121960400,"Sabana Grande, PR",
51059300500,,
48085030519,"Frisco, TX",
34017980100,"Ellis Island, Jersey City, NJ",
36119983000,"Bedford Hills, NY",
72127001500,"San Juan, PR",
12071040208,"Joel, Lehigh Acres, FL",
72005401402," County, PR",
36081017100,"Queens County, NY",
36005050400,"Bronx County, NY",
72033020422,"Cataño, PR",
72007230300,"Caguas, PR",
6037910811,"Acton, CA",
13089023115,"Decatur, GA",
32005001800,"Glenbrook, NV",
6001983200,"Downtown Oakland, Oakland, CA",
12061050604,"Vero Beach, FL",
72033020403,"Cataño, PR",
6037980006,"Long Beach, CA",
51107010300,,
72067820500,"Hormigueros, PR",
51107611010,"Leesburg, VA",
72107955001,"Orocovis, PR",
6067000700,"Central Sacramento, Sacramento, CA",
72135510504,"Toa Alta, PR",
72091570700,"Florida, PR",
72089140101,"Luquillo, PR",
12057980600,"Northwest Tampa, Tampa, FL",
48491020311,"Avery Ranch Far West, Austin, TX",
2230000100,"Skagway, AK",
36005043500,"Bronx County, NY",
72127007400,"San Juan, PR",
26065980100,"Lansing, MI",
72127010500,"San Juan, PR",
25025981202,"D Street / West Broadway, Boston, MA",
47065980200,"Ooltewah, TN",
72127008002,"San Juan, PR",
48085030522,"McKinney, TX",
72023830300,"Cabo Rojo, PR",
56001963500,"Laramie, WY",
72113072101,"Ponce, PR",
28067980000,"Moselle, MS",
18157010300,"West Lafayette, IN",
42003981800,"Lincoln-Lemington-Belmar, Pittsburgh, PA",
6073005500,"Balboa Park, San Diego, CA",
12057014014,"Kings Point Condo, Sun City Center, FL",
42101980400,"Southwest Philadelphia, Philadelphia, PA",
72121960500,"Sabana Grande, PR",
72025201000,"Caguas, PR",
47031980100,"Hillsboro, TN",
72109290400,"Patillas, PR",
42027012500,"State College, PA",
72127006102,"Hato Rey, PR",
72121960300,"Sabana Grande, PR",
6037980004,"Palmdale, CA",
72127009614,"San Juan, PR",
72043954300,"29s, PR",
72035260300,"Cayey, PR",
72091570300,"Manatí, PR",
50025967500,"Wardsboro, VT",
51061020100,,
72059740400,"Guayanilla, PR",
72003430501,"Aguada, PR",
6013351101,"Rossmoor, Walnut Creek, CA",
72021031701,"Bayamón, PR",
72127007700,"San Juan, PR",
72021031203,"Bayamón, PR",
34021002400,"South Trenton, Trenton, NJ",
72113070100,"Ponce, PR",
29189126900,,
72005400400,"Aguadilla Pueblo, PR",
72123952600,"Salinas, PR",
30069000100,"Winnett, MT",
32031980300,"Incline Village, NV",
34027052800,,
72023830502,"Cabo Rojo, PR",
17197980100,"Lockport, IL",
17201980000,"Rockford, IL",
72015280102,"Arroyo, PR",
21021920102,,
72049950500,"Flamenco, PR",
31121969100,,
30101980000,"Shelby, MT",
72013302300,"Florida, PR",
72037160300,"Ceiba, PR",
72137121802,"Toa Baja, PR",
35049980000,"Santa Fe, NM",
72013300102,"Arecibo, PR",
48029131612,"Northeast Side, Converse, TX",
42091206702,"Schwenksville, PA",
72111730200,"Peñuelas, PR",
15003980200,"Honolulu, HI",
6001982000,"West Oakland, Oakland, CA",
36081005000,"Queens County, NY",
27053103900,"Marcy-Holmes, Minneapolis, MN",
72127002400,"San Juan, PR",
36005031900,"Bronx County, NY",
12071050207,"Fort Myers, FL",
48309000300,"Waco, TX",
50003970500,"Winhall, VT",
51087980100,"Richmond, VA",
36061024000,"Randalls Island, New York, NY",
32023960100,"Round Mountain, NV",
32003005832,"Las Vegas, NV",
72005400100,"Montaña, PR",
72127010042,"San Juan, PR",
72113072300,"Mercedita, PR",
15003981400,"Honolulu, HI",
17111864203,,
72057270300,"Guayama, PR",
4013615600,"Country Club Estates At Westbrook Village, Peoria, AZ",
34013980100,"Newark, NJ",
12086014000,"Miami, FL",
72071410500,"Isabela, PR",
72027320600,"Lares, PR",
4013040512,"Sun City West, AZ",
37159061303,,
39035980100,"Industrial Valley, Cleveland, OH",
29095989100,"Lee's Summit, MO",
4013817400,"Sun Lakes, AZ",
26163985200,"Conner Creek Industrial, Detroit, MI",
72063210502,"Caguas, PR",
72009250200,"Aibonito, PR",
6037980005,"Torrance, CA",
48157673700,"Richmond, TX",
72151950700,"Yabucoa, PR",
36081042600,"Queens County, NY",
36081010701,"Queens County, NY",
72091570100,"Manatí, PR",
49049980100,"Herriman, UT",
6083002915,"Isla Vista, CA",
72057270700,"Guayama, PR",
72055961500," County, PR",
72041240401,"Cidra, PR",
72021031032,"Bayamón, PR",
72127003100,"San Juan, PR",
72061040800," County, PR",
17089841605,,
19169000800,"Ames, IA",
72029100700,"Juncos, PR",
47161980100,"Dover, TN",
6037901003,"Lancaster, CA",
51810043200,"Fort Story, Virginia Beach, VA",
72137120800,"Toa Baja, PR",
12086006713,"Brickell, Miami, FL",
72127007500,"San Juan, PR",
47001980100,"Oak Ridge, TN",
72019952202,"Comerío, PR",
72031050110,"Carolina, PR",
72111730400,"Peñuelas, PR",
34017018301,"Hoboken, NJ",
18163980100,"Evansville, IN",
37001011101,,
72127000700,"San Juan, PR",
48001950401,"Palestine, TX",
6073003800,"Barrio Logan, San Diego, CA",
72061040601,"Guaynabo, PR",
12097043201,"Saint Cloud, FL",
13051980000,"Hudson Hill/Bayview, Savannah, GA",
29001951000,"Kirksville, MO",
72123953200,"Salinas, PR",
25025980300,"Roslindale, Boston, MA",
72107955002,"Orocovis, PR",
17097863005,"Great Lakes, North Chicago, IL",
72039955600,"Ciales, PR",
72021031101,"Bayamón, PR",
4021000319,"Apache Junction, AZ",
72127008603,"San Juan, PR",
12057014015,"Sun City Center, FL",
25015821200,"South Hadley, MA",
72061040301,"Guaynabo, PR",
72113072201,"Ponce, PR",
72069180700,"Humacao, PR",
6065045222,"Indio, CA",
6037599100,"Avalon, CA",
72107955100,"Orocovis, PR",
16013960300,"Ketchum, ID",
18003980001,"Fort Wayne, IN",
72025200303,"Caguas, PR",
33015980011,"Londonderry, NH",
6037265301,"Westwood, Los Angeles, CA",
72111730700,"Ponce, PR",
72011810100,"Añasco, PR",
72045951900,"Comerío, PR",
8014002005,,
72113072500,"Ponce, PR",
48301950100,"Mentone, TX",
72127009901,"San Juan, PR",
36109000300,"Ithaca, NY",
13121006801,"Chosewood Park, Atlanta, GA",
72099420401,"Moca, PR",
36089491200,"Potsdam, NY",
72009250300,"Aibonito, PR",
13121001002,"Georgia Tech, Atlanta, GA",
8079973600,"Creede, CO",
72113070800,"Ponce, PR",
72031050302,"Sabana Abajo, Carolina, PR",
51135980100,"Blackstone, VA",
11001006202,"Northwest Washington, Washington, DC",
6079012800,"Atascadero, CA",
9011980000,"Conning Towers-Nautilus Park, Groton, CT",
72131958800,"San Sebastián, PR",
72087110400,"Urbanización Santiago, Loíza, PR",
37053110101,"Corolla, NC",
50003970300,"West Rupert, Rupert, VT",
72087110102,"Miñi Miñi, Loíza, PR",
72021031307,"Bayamón, PR",
72129220401,"San Lorenzo, PR",
72135510200,"Toa Alta, PR",
25027731202,"Main South, Worcester, MA",
72021031702,"Bayamón, PR",
36045980000,"Philadelphia, NY",
24005490605,"Towson, MD",
36109000400,"Ithaca, NY",
72113072701,"Ponce, PR",
4021000901,"Florence, AZ",
8001008551,"Thornton, CO",
72027320500,"Camuy, PR",
72145560600,"Vega Baja, PR",
72143550100,"Breñas, Dorado, PR",
72021031632,"Bayamón, PR",
34035053901,"Rocky Hill, NJ",
12071090100,"Boca Grande, FL",
32031980100,"North Valleys, Reno, NV",
22023002000,,
72097080500,"Mayagüez, PR",
72127004400,"San Juan, PR",
54061010101,"Morgantown, WV",
72127008700,"San Juan, PR",
72021031125,"Bayamón, PR",
26029000500,"Beaver Island, MI",
49043964203,"Oakley, UT",
45015980100,"Goose Creek, SC",
12099007747,"Boca Raton, FL",
72127008001,"San Juan, PR",
27163070802,"Oak Park Heights, MN",
37119980200,"Charlotte, NC",
18095011600,"Pendleton, IN",
17019005900,"Urbana, IL",
72001956400,"Adjuntas, PR",
72059740300,"Guayanilla, PR",
30079000100,"Terry, MT",
12099001913,"Century Village, West Palm Beach, FL",
32003003214,"Summerlin, Las Vegas, NV",
72061040421,"Guaynabo, PR",
72081957800,"Lares, PR",
26163521800,"Woodbridge, Detroit, MI",
72041240601,"Cayey, PR",
34031371503,,
72085190202,"Las Piedras, PR",
72135510502,"Toa Alta, PR",
72121960700,"Sabana Grande, PR",
72023830503,"Cabo Rojo, PR",
72075710902,"Mercedita, PR",
49005980100,"Logan, UT",
36081038301,"Queens County, NY",
72113073005,"Ponce, PR",
72137120200,"2da Sección, Levittown, PR",
45013000400,"Beaufort, SC",
72097082104,"Mayagüez, PR",
72025202100,"Caguas, PR",
36061014300,"Central Park, New York, NY",
36047070202,"Kings County, NY",
4005001702,,
72113072202,"Ponce, PR",
72127008601,"San Juan, PR",
12099005407,"Palm Beach, FL",
72031050103,"Carolina, PR",
72063210300,"Gurabo, PR",
25025981300,"Jeffries Point, Boston, MA",
48041980000,"College Station, TX",
36067940000,"Nedrow, NY",
72127005800,"San Juan, PR",
72013301600,"Arecibo, PR",
51013470900,,
72069180500,"Humacao, PR",
17019000402,"Champaign, IL",
72061040302,"Guaynabo, PR",
34029731201,"Holiday City-Berkeley, Toms River, NJ",
72039955700,"Ciales, PR",
72069180301,"Punta Santiago, PR",
36109001200,"Ithaca, NY",
36103158007,"Stony Brook, NY",
72137122201,"Toa Baja, PR",
44009041500,"New Shoreham, RI",
72129220300,"San Lorenzo, PR",
4013615400,"Sun City, AZ",
32003003628,"North Las Vegas, NV",
72127001100," County, PR",
26055000100,,
36119981000,"Valhalla, NY",
72099420302,"Moca, PR",
9001211100,"Danbury, CT",
72131959300,"Lares, PR",
26033980200,"Kincheloe, Kinross Charter Township, MI",
55009021100,"Green Bay, WI",
72055961100,"Guanica, PR",
17019000401,"Champaign, IL",
51670980100,"Hopewell, VA",
72135510400,"Toa Alta, PR",
72141957600,"Jayuya, PR",
72137120400,"3ra Sección, Toa Baja, PR",
48485980000,"Wichita Falls, TX",
36047003700,"Kings County, NY",
8014031400,"Broomfield, CO",
72145560701,"Vega Baja, PR",
72149720400,"Villalba, PR",
72081958200,"Lares, PR",
72127002800,"San Juan, PR",
37063001501,"Durham, NC",
47093000901,"Knoxville, TN",
6071011001,"Blue Jay, Lake Arrowhead, CA",
36029016100,"Gowanda, NY",
55053100800,,
30103963500,"Hysham, MT",
72127003000,"San Juan, PR",
72007230501,"Cidra, PR",
37133000600,"Camp Lejeune, NC",
72087110500,"Las Cuevas, Loíza, PR",
36047096000,"Kings County, NY",
72075710302,"Juana Díaz, PR",
72137121702,"Toa Baja, PR",
36081155101,"Little Neck, Floral Park, NY",
48245980000,"Port Arthur, TX",
72113070522,"Fagot, Ponce, PR",
8031086800,,
36077591300,"Oneonta, NY",
72127002100,"San Juan, PR",
12099001910,"Century Village, West Palm Beach, FL",
17031061100,"Wrigleyville, Chicago, IL",
6079010901,"San Luis Obispo, CA",
36005011000,"Bronx County, NY",
36025970900,"Delhi, NY",
72031050401,"San Juan, PR",
72131959200,"San Sebastián, PR",
72107954901," County, PR",
72143550602,"Vega Alta, PR",
48113014138,"Las Colinas, Irving, TX",
72071410600," County, PR",
72071410701,"Isabela, PR",
8005015500,,
72113071500,"Ponce, PR",
25025981502,"Revere, MA",
30087000300,"Colstrip, MT",
72129220100," County, PR",
6037115103,"Northridge, Los Angeles, CA",
48185180400,"Washington, TX",
17037002200,"DeKalb, IL",
72139060401," County, PR",
72127008400,"San Juan, PR",
72111730100,"Peñuelas, PR",
6071940100,"Big River, CA",
18157005500,"West Lafayette, IN",
72039955900," County, PR",
6037574601,"Long Beach, CA",
51187930203,,
37189921000,"Beech Mountain, NC",
34017006900,"West Side, Jersey City, NJ",
72127000506,"Toa Baja, PR",
8101000300,"West Side, Pueblo, CO",
50025967900,"West Dover, Dover, VT",
12009980000,"Cape Canaveral, FL",
72145560201,"Vega Baja, PR",
12099980500,"West Palm Beach, FL",
48441013000,"Dyess Air Force Base, TX",
39017010201,"Oxford, OH",
72021031306,"Bayamón, PR",
48099980000,"Gatesville, TX",
47183968202,"Martin, TN",
39049001121,"The Ohio State University, Columbus, OH",
72125840200,"San Germán, PR",
72043954100,"Coamo, PR",
48423980000,"Tyler, TX",
32003003623,"North Las Vegas, NV",
33011980101,"Manchester, NH",
12011980000,"Fort Lauderdale, FL",
12086981000,"Star, Palm and Hibiscus Islands, Miami Beach, FL",
18127980001,"Portage, IN",
36061000500,"Governors Island, New York, NY",
72021030902,"Bayamón, PR",
25015820802,"South Amherst, Amherst, MA",
72153750300,"Yauco, PR",
72061040103,"Guaynabo, PR",
72097080600,"Mayagüez, PR",
72131959500,"San Sebastián, PR",
47037013000,"Nashville, TN",
72127001600,"San Juan, PR",
8031980000,"Denver, CO",
51710980200,"Norfolk Industrial Park, Norfolk, VA",
72127003902,"San Juan, PR",
72029100200,"Canóvanas, PR",
72063210202,"Juncos, PR",
72033020200,"Cataño, PR",
72123952800,"Salinas, PR",
72151951200,"Yabucoa, PR",
51015003500,,
4013040528,"Sun City Grand, Surprise, AZ",
72021031114,"Bayamón, PR",
12057005301,"Channel District, Tampa, FL",
51770031102,,
72127004200,"San Juan, PR",
72119130602,"Río Grande, PR",
72019952302,"Orocovis, PR",
72013301800,"Arecibo, PR",
72005401302,"Aguadilla Pueblo, PR",
48453001606,"Tarrytown, Austin, TX",
26067982200,"Ionia, MI",
15003009503,"Schofield Barracks, HI",
39035981100,"Brook Park, OH",
72053150602,"Fajardo, PR",
72127008100,"San Juan, PR",
4013980500,"Chandler, AZ",
72025202701,"Caguas, PR",
72083959900," County, PR",
42101980100,"Northwest Philadelphia, Philadelphia, PA",
26099982000,"Sterling Heights, MI",
36055980000,"Rochester, NY",
72097082012," County, PR",
36015000300,"Elmira, NY",
72137120900,"Toa Baja, PR",
72001956800,"Adjuntas, PR",
53009940000,"Neah Bay, WA",
12086008904,"Miami, FL",
72013302202,"Garrochales, PR",
17087980000,"Grantsburg, IL",
8041003802,"U.S. Air Force Academy, CO",
32003003213,"Summerlin, Las Vegas, NV",
72127009904,"San Juan, PR",
72103170200," County, PR",
72097081800,"Mayagüez, PR",
72031050221,"Sabana Abajo, Carolina, PR",
72051540600,"Dorado, PR",
72021031005,"Bayamón, PR",
47029980100,"Cosby, TN",
32003003618,"North Las Vegas, NV",
25027732902,"College Hill, Worcester, MA",
72065310300," County, PR",
4013422635,"Mesa, AZ",
72089140300,"Luquillo, PR",
72113071900,"Ponce, PR",
72013300101,"Arecibo, PR",
6065042740,"Sun City, Menifee, CA",
47157021200,"Memphis, TN",
72113071200,"Ponce, PR",
12061980000,"Vero Beach, FL",
36081091800,"Queens County, NY",
45063980100,"West Columbia, SC",
13207013409,,
9009361402,"Downtown, New Haven, CT",
17097863003,"Great Lakes, North Chicago, IL",
40109109100,"Arts District, Oklahoma City, OK",
72127006900,"San Juan, PR",
72015280101,"Arroyo, PR",
48339691700,"Spring, TX",
30011000300,"Ekalaka, MT",
51003010903,"Lewis Mountain, Charlottesville, VA",
51161003100,,
45079011501,"Columbia, SC",
49035980000,"Westpointe, Salt Lake City, UT",
72127005202,"Country Club, San Juan, PR",
72063210201,"Lomas Del Sol, Gurabo, PR",
36081099900,"Queens County, NY",
72037160202,"Ceiba, PR",
6065043820,"Beaumont, CA",
72153750101,"Yauco, PR",
46063968700,"Buffalo, SD",
34011010103,"Leesburg, Maurice River, NJ",
72041240602,"Cidra, PR",
4013422618,"Sunland Village East, Mesa, AZ",
6037980018,"Long Beach, CA",
72047530500,"Corozal, PR",
32003003626,"North Las Vegas, NV",
72043954400,"Coamo, PR",
72105520400,"Comerío, PR",
37183051102,"Raleigh, NC",
72135510102,"Toa Alta, PR",
42119980101,"Allenwood, PA",
72071410100,"Isabela, PR",
23021960302,"Brownville, ME",
72027320300,"Camuy, PR",
72127000600,"San Juan, PR",
24043011000,"Hagerstown, MD",
72141957300,"Utuado, PR",
24005980200,"Lansdowne - Baltimore Highlands, Halethorpe, MD",
55025001102,"Madison, WI",
4019004113,"Tucson, AZ",
36027640002,"Beacon, NY",
8059980000,"Denver, CO",
12099008102,"Belle Glade, FL",
32003003621,"North Las Vegas, NV",
12086980300,"Coral Gables, FL",
1117980000,"Pelham, AL",
72031050841,"Hoyo Mulas, Carolina, PR",
72037160100,"Ceiba, PR",
72067820100,"Hormigueros, PR",
6065980004,"Mission Grove, Riverside, CA",
32003005338,"Green Valley Ranch, Henderson, NV",
72127004700,"San Juan, PR",
72087110302,"Río Grande, PR",
72141956900,"Florida, PR",
47009980100,"Louisville, TN",
72127005214,"San Juan, PR",
6071980200,"Victorville, CA",
17031980100,"Clearing, Chicago, IL",
72025200800,"Caguas, PR",
72113071700,"Santa María, Ponce, PR",
72013302000,"Las Carrionas, Bajadero, PR",
72003430401,"Aguada, PR",
30087000200,"Forsyth, MT",
72127009123,"San Juan, PR",
16061950300,"Winchester, ID",
72021031800,"Bayamón, PR",
72031050111,"Carolina, PR",
26161400300,"Burns Park, Ann Arbor, MI",
34029980000,"Lanoka Harbor, Berkeley Township, NJ",
72015280201,"Arroyo, PR",
72093960200,"Maricao, PR",
72023830400,"Cabo Rojo, PR",
48253020102,"Ft. Phantom Area, Abilene, TX",
36047001100,"Kings County, NY",
6071012200,"Chino, CA",
36085022800,"Richmond County, NY",
72061040101,"Guaynabo, PR",
34011020502,"Bridgeton, NJ",
72127009112,"San Juan, PR",
37019020307,"Bald Head Island, NC",
72057270600,"Guayama, PR",
8014002007,,
72127003800,"San Juan, PR",
72093960100,"Maricao, PR",
72025200304,"Caguas, PR",
72105520500,"Corozal, PR",
72031051002,"Carolina, PR",
26049980100,"Flint, MI",
72127009300,"San Juan, PR",
48099010503,"Fort Hood, TX",
72059740102,"Guayanilla, PR",
42041981001,"Camp Hill, PA",
32003003627,"North Las Vegas, NV",
72035260902," County, PR",
72043954600,"Coamo, PR",
12086009047,"Doral, FL",
48201980000,"Greater Hobby Area, Houston, TX",
72151951300,"Yabucoa, PR",
72029100502,"Canóvanas, PR",
72085190102,"Las Piedras, PR",
72023830200,"Cabo Rojo, PR",
72003430200,"Aguada, PR",
72137120500,"4ta Sección, Toa Baja, PR",
34029731202,"Holiday City-Berkeley, Toms River, NJ",
55025001604,"State-Langdon, Madison, WI",
29097020400,,
72073956000,"Jayuya, PR",
6037980025,"Carson, CA",
72141957500,"Utuado, PR",
6075980200,"Sea Cliff, San Francisco, CA",
72009250100,"Aibonito, PR",
72141957100,"Utuado, PR",
36059982100,"Old Westbury, NY",
72057270201,"Guayama, PR",
72003430300,"Aguada, PR",
72069180201,"Humacao, PR",
72123953100,"Salinas, PR",
39173021800,"Bowling Green, OH",
72025200400,"Bairoa, Caguas, PR",
72145560801,"Vega Baja, PR",
72069180902,"Humacao, PR",
72021031202,"Bayamón, PR",
72139060211,"Trujillo Alto, PR",
72025201200,"Bonneville Heights, Caguas, PR",
4013071503,"Sun City, AZ",
42003980500,"Squirrel Hill South, Pittsburgh, PA",
72137120600,"Toa Baja, PR",
72079850400,"Lajas, PR",
13121001001,"Home Park, Atlanta, GA",
37135021205,,
72021030700,"Bayamón, PR",
72091570800,"Manatí, PR",
72019952400,"Aibonito, PR",
26065004302,"Grand River, East Lansing, MI",
32003003619,"North Las Vegas, NV",
13021050302,,
29095988300,"Kansas City, MO",
48215980000,"McAllen, TX",
12086009046,"Doral, FL",
72025201800,"Caguas, PR",
53033005302,"Northeast Seattle, Seattle, WA",
12073001300,"Tallahassee, FL",
48113002100,"Downtown, Dallas, TX",
72119130702,"Río Grande, PR",
72129220600,"San Lorenzo, PR",
72041240300," County, PR",
6065043814,"Calimesa, CA",
4012020100,"Salome, AZ",
4013040526,"Arizona Traditions, Surprise, AZ",
37097040100,,
72077500200,"Juncos, PR",
72137121100,"Toa Baja, PR",
36109000200,"Collegetown, Ithaca, NY",
72123952700,"Salinas, PR",
4013071701,"Agua Fria Ranch, Youngtown, AZ",
5091980000,"Texarkana, AR",
36005002400,"Bronx County, NY",
8031001902,"Northwest, Denver, CO",
48027980003,"Belton, TX",
25023525300,"Bridgewater, MA",
40121486300,"McAlester, OK",
72133953600,"Santa Isabel, PR",
42119980800,"Lewisburg, PA",
72097082001,"Mayaguez, PR",
42027012200,"University Park, State College, PA",
6063000201,"Graeagle, CA",
72133953700,"Santa Isabel, PR",
72019952500,"Barranquitas, PR",
6063000501,"Chester, CA",
6071011203,"Big Bear Lake, CA",
36027610000,"Stormville, NY",
36061029700,"Inwood, New York, NY",
72043954700,"Coamo, PR",
72099420301,"Moca, PR",
19103002100,"Mann, Iowa City, IA",
72054580200,"Florida, PR",
72021030200,"Bayamón, PR",
72153750102,"Yauco, PR",
72031050700,"Carolina, PR",
72005401301,"Aguadilla Pueblo, PR",
51081880102,"Jarratt, VA",
12086003705,"Downtown Miami, Miami, FL",
6059062646,"Laguna Woods, CA",
39025041304,"Milford, OH",
35001004737,"Arrowwood Hills, Albuquerque, NM",
72129220501,"San Lorenzo, PR",
48453980000,"Austin, TX",
12086009044,"Doral, FL",
8059031100,,
72017590200," County, PR",
72021031704,"Bayamón, PR",
22051980000,"Kenner, LA",
72127005900,"San Juan, PR",
9003417300,"New Britain, CT",
36005033400,"Bronx County, NY",
72025201700,"Caguas, PR",
51157020602,,
72031050242,"Sabana Abajo, Carolina, PR",
72127002200,"San Juan, PR",
72135510702,"Toa Alta, PR",
72031050822,"Carolina, PR",
72127000900,"San Juan, PR",
72061041100,"Guaynabo, PR",
51121020100,"University, Blacksburg, VA",
72107954902,"Orocovis, PR",
51740980100,"Portsmouth, VA",
6037930101,"Los Angeles County, CA",
72021030901,"Bayamón, PR",
72091570202,"Manatí, PR",
72127005300,"San Juan, PR",
72033020427,"Cataño, PR",
34029731203,"Holiday City-Berkeley, Toms River, NJ",
4013940700,"Ajo, AZ",
32003005822,"Summerlin West, Las Vegas, NV",
6105000400,"Mad River, CA",
34013980200,"Newark, NJ",
72051540200,"Dorado, PR",
72127002300,"San Juan, PR",
12071080100,"Captiva, FL",
72097081900,"Hormigueros, PR",
72057270100,"Guayama, PR",
72097081501,"Mayagüez, PR",
72089140201,"Luquillo, PR",
72097081602,"Mayagüez, PR",
12099980100,"Water Catchment Area, West Palm Beach, FL",
6037980033,"Port of Long Beach, Long Beach, CA",
48329980000,"Indus Park Reg Air Term, Midland, TX",
72095951400,"Maunabo, PR",
72089140102,"Luquillo, PR",
48201980100,"Humble, TX",
24031703218,"Silver Spring, MD",
51187010300,,
11001006804,"Southeast Washington, Washington, DC",
72035260700,"Cayey, PR",
48397031202,,
37031971001,"Salter Path, NC",
13009480300,,
72127003502,"San Juan, PR",
72021031402,"Bayamón, PR",
72031050341,"Sabana Abajo, San Juan, PR",
72025202601,"Caguas, PR",
72149720504,"Villalba, PR",
4019004330,"Tucson Green Valley Townhouse Apartment, Green Valley, AZ",
12099005956,"Delray Beach, FL",
37119005915,"Charlotte, NC",
48029980005,"Far West Side, Helotes, TX",
8117000300,"Frisco, CO",
72071410200,"Isabela, PR",
29095989200,"Blue Springs, MO",
72035260600,"Cayey, PR",
72087110303,"Río Grande, PR",
25025010103,"Fenway/Kenmore, Boston, MA",
72061040602,"Guaynabo, PR",
20209040001,"Fairfax, Kansas City, KS",
72061040403,"Guaynabo, PR",
31171957100,"Thedford, NE",
8001008548,"Thornton, CO",
72081957900,"Lares, PR",
72071410402,"Isabela, PR",
51630000301,"Fredericksburg, VA",
72137121002,"Toa Baja, PR",
48245011203,"Beaumont, TX",
21047201503,"Fort Campbell North, Fort Campbell, KY",
36065026600,"Marcy, NY",
6009000504,"Camp Connell, CA",
72041240402,"Cidra, PR",
42101980900,"Eastwick, Philadelphia, PA",
42003980700,"Mount Washington, Pittsburgh, PA",
29095980802,"East Side, Kansas City, MO",
72119130401,"Río Grande, PR",
6037980002,"Carson, CA",
12057014016,"Sun City Center, FL",
72113072000,"Ponce, PR",
72107954802,"Orocovis, PR",
72143550300,"Vega Alta, PR",
36029006201,"Buffalo State, Buffalo, NY",
26099551700,,
47017980100,"Lavinia, TN",
51660000206,"Harrisonburg, VA",
26065980300,"Dansville, MI",
8123000704,"Greeley, CO",
12086003706,"Downtown Miami, Miami, FL",
47179060700,"Johnson City, TN",
36029009110,"Buffalo, NY",
72097081700,"Mayagüez, PR",
51650032117,,
46075091600,"Murdo, SD",
72075710800,"Juana Díaz, PR",
72031050504,"Carolina, PR",
72069180400,"Punta Santiago, PR",
1097003605,"USA, Mobile, AL",
46095940300,"White River, SD",
1081040800,"Auburn, AL",
34023008205,"Concordia, Monroe Township, NJ",
21163980100,"Brandenburg, KY",
72005400501,"Aguadilla Pueblo, PR",
72081958100,"Lares, PR",
28121020500,"Pearl, MS",
36047107000,"Kings County, NY",
72025201300,"Caguas, PR",
72013300500,"Arecibo, PR",
72067820400,"Hormigueros, PR",
6067007101,"North Natomas, Sacramento, CA",
72089140202,"Luquillo, PR",
6037980013,"El Segundo, CA",
26163985300,"West Side Industrial, Detroit, MI",
72131958500,"San Sebastián, PR",
29095015700,"Library District, Kansas City, MO",
6061020104,"Tahoe City, CA",
26161422900,"Saline, MI",
72127010012,"San Juan, PR",
49049112821,,
47155980100,"Gatlinburg, TN",
72141957000,"Utuado, PR",
72075710200,"Juana Díaz, PR",
36081056100,"Queens County, NY",
72075710500,"Juana Díaz, PR",
26087336500,"Lapeer, MI",
72075711002,"Mercedita, PR",
30031001500,"West Yellowstone, MT",
72145560300," County, PR",
72035260202,"Cayey, PR",
6061020107,"Kings Beach, CA",
16025970100,"Fairfield, ID",
48141980000,"El Paso, TX",
25025980700,"Stony Brook / Cleary Square, Boston, MA",
51175200300,"Capron, VA",
4017963700,"Heber, Heber-Overgaard, AZ",
42003981100,"Point Breeze, Pittsburgh, PA",
42003980000,"Lincoln-Lemington-Belmar, Pittsburgh, PA",
72007230100,"Caguas, PR",
72013301400,"Parcelas Luis Rodríguez Olmo, Arecibo, PR",
72095951500,"Maunabo, PR",
22055980000,"Lafayette, LA",
36061009400,"Midtown, New York, NY",
72127980200,"San Juan, PR",
72153750201,"Yauco, PR",
36047080800,"Kings County, NY",
45077011202,"Clemson, SC",
48269950100,"Guthrie, TX",
72035260800,"Reparto Montellano, Cayey, PR",
12086006709,"Brickell, Miami, FL",
72077500301,"Juncos, PR",
34017007300,"The Waterfront, Jersey City, NJ",
39083754700,,
13059000402,"Athens, GA",
72025202403,"Caguas, PR",
72127004900,"San Juan, PR",
9003500700,"North Meadows, Hartford, CT",
72035260100,"Cayey, PR",
17031808702,"Evanston, IL",
72127007600,"San Juan, PR",
6065045216,"Indio, CA",
4013817500,"Sun Lakes, AZ",
72011810700,"Añasco, PR",
34017020100,"Secaucus, NJ",
72131009200,"San Sebastián, PR",
4013723306,"Buckeye, AZ",
32003003620,"North Las Vegas, NV",
12099001911,"Century Village, West Palm Beach, FL",
72127005402,"San Juan, PR",
72101955300,"Barahona, PR",
72013301100,"Arecibo, PR",
15003980300,"Kapolei, HI",
35051962401,"Truth or Consequences, NM",
72079850101," County, PR",
6065042741,"Sun City, Menifee, CA",
36061008602,"Midtown, New York, NY",
72051540300,"Dorado, PR",
72025201900,"Caguas, PR",
30105100100,"Glasgow, MT",
4013040514,"Sun City West, AZ",
72127009903,"San Juan, PR",
72021030300,"Bayamón, PR",
72091570500,"Manatí, PR",
72097080400,"Mayagüez, PR",
28081980000,"Tupelo, MS",
72053150301,"Fajardo, PR",
17031063303,"Lake View East, Chicago, IL",
6037207400,"Central LA, Los Angeles, CA",
53075000500,"Pullman, WA",
72101955401,"Morovis, PR",
72041240202,"Cidra, PR",
25025981100,"Wellington Hill, Boston, MA",
48479980000,"Eastern Division, Laredo, TX",
36119984000,"Montrose, NY",
36061011300,"Midtown, New York, NY",
72127001400,"San Juan, PR",
48443950100,"Sanderson, TX",
72113070202,"El Vigía, Ponce, PR",
45011980100,"Barnwell, SC",
72099420200,"Moca, PR",
72085190201,"Las Piedras, PR",
12055980000,"Sebring, FL",
12087980000,"Homestead, FL",
4012020501,"Salome, AZ",
8123031400,,
26075005800,"Jackson, MI",
25019950307,"Eel Point, Nantucket, MA",
1081040700,"Auburn, AL",
48029980001,"San Antonio, TX",
72013301300,"Arecibo, PR",
48441012100,"Lytle Area, Abilene, TX",
72017590100,"Barceloneta, PR",
72031050232,"Sabana Abajo, Carolina, PR",
32003005823,"Summerlin West, Las Vegas, NV",
51199370200,,
12071040110,"The Forum, Fort Myers, FL",
26161400200,"Burns Park, Ann Arbor, MI",
72127009902,"San Juan, PR",
72065310600,"Arecibo, PR",
72031050402,"Carolina, PR",
72115330100,"Quebradillas, PR",
72021031403,"Bayamón, PR",
12086014100,"Miami, FL",
72139060223,"Trujillo Alto, PR",
72099420402,"San Sebastián, PR",
72127007800,"San Juan, PR",
37129920203,,
15003008611,"Kapolei, HI",
42101980600,"South Philadelphia, Philadelphia, PA",
72117959400,"Aguada, PR",
20091980002,"Parmelee Business Park, Overland Park, KS",
72127010100,"San Juan, PR",
72073956100,"Jayuya, PR",
72113073004,"Ponce, PR",
72139060501,"Trujillo Alto, PR",
48061980100,"Brownsville, TX",
72061041000,"San Juan, PR",
72025202200,"Villas del Rey 4, Caguas, PR",
17031980000,"O'Hare, Des Plaines, IL",
72125840300,"Sabana Grande, PR",
18105000201,"Bloomington, IN",
53049950600,"Long Beach, WA",
47037980200,"Nashville, TN",
72011810400,"Añasco, PR",
72013302100,"Arecibo, PR",
24039980400,"Princess Anne, MD",
72113073010,"Ponce, PR",
36047085200,"Kings County, NY",
72021031900,"Bayamón, PR",
72021032100,"Bayamón, PR",
6037980010,"Echo Park, Los Angeles, CA",
72003430100,"Aguada, PR",
36091061303,"Saratoga Springs, NY",
30035980000,"Glacier County, MT",
39169980000,"Wooster, OH",
72021031631,"Bayamón, PR",
6017032000,"Tahoma, CA",
72127002002,"San Juan, PR",
72077500302,"Juncos, PR",
4013113400,"Central City, Phoenix, AZ",
72045952100,"Comerío, PR",
51700050305,,
6037980026,"Tujunga, Los Angeles, CA",
36023970800,"Cortland, NY",
72153750601,"Yauco, PR",
72139060104,"Trujillo Alto, PR",
6061022200,"Tahoe City, CA",
72021031401,"Bayamón, PR",
2261000200,"Cordova, AK",
26099982300,"Warren, MI",
72097081601,"Río Cañas Abajo, PR",
72021031305,"Bayamón, PR",
4013941100,"Chandler, AZ",
72021031501,"Bayamón, PR",
72081958300,"Lares, PR",
26163985400,"Romulus, MI",
72005401401,"Isabela, PR",
72033020302,"Cataño, PR",
72021031621,"Bayamón, PR",
12099005952,"Boynton Beach, FL",
72139060302,"Trujillo Alto, PR",
72071410401,"Isabela, PR",
51660011400,,
48201312100,"Greater Third Ward, Houston, TX",
72095951600,"Maunabo, PR",
72147950600,"Vieques, PR",
72139060222," County, PR",
72025200900,"Caguas, PR",
46071961100,"Kadoka, SD",
34001983400,"Galloway, NJ",
42003980300,"Squirrel Hill South, Pittsburgh, PA",
37099950900,"Cashiers, NC",
72127010001,"San Juan, PR",
72025200302,"Caguas, PR",
12086980500,"Miami, FL",
4013040513,"Sun City West, AZ",
72007230200,"Caguas, PR",
72017590300,"Barceloneta, PR",
72029100602,"Canóvanas, PR",
72053150302,"Fajardo, PR",
72021030800,"Bayamón, PR",
72011810600,"Añasco, PR",
17031835700,"Bronzeville, Chicago, IL",
6037551600,"Downey, CA",
72127000400,"San Juan, PR",
72127003300,"San Juan, PR",
72113072400," County, PR",
72025202300,"Caguas, PR",
72113070503,"Ponce, PR",
72145560802,"Vega Baja, PR",
72043954000,"Coamo, PR",
49049001602,"Provo, UT",
36065980002,"Utica, NY",
53021980100,"Pasco, WA",
4013071702,"Sun City, AZ",
72021031013,"Bayamón, PR",
6001425101,"Emeryville, CA",
42003981200,"North Shore, Pittsburgh, PA",
20209042502,"Armourdale, Kansas City, KS",
72055961400,"Guanica, PR",
36047017500,"Kings County, NY",
72075710901,"Coto Laurel, PR",
4013061016,"Palm Valley, Goodyear, AZ",
72137121801,"Toa Baja, PR",
72025202602,"Caguas, PR",
72041240201,"Cidra, PR",
72083959800,"San Sebastián, PR",
51735050206,,
72069180800,"Humacao, PR",
42101008801,"West Philadelphia, Philadelphia, PA",
72097082022,"Mayagüez, PR",
72061040422,"Guaynabo, PR",
54047953600,"Northfork, WV",
48121021524,"Heritage Lakes, Frisco, TX",
47093000902,"Knoxville, TN",
45079980100,"Hopkins, SC",
51680000500,"Central Business District, Lynchburg, VA",
51179010201,"Stafford, VA",
31109983200,"Lincoln, NE",
36061023802,"Roosevelt Island, New York, NY",
72127007900,"San Juan, PR",
15003980700,"Wahiawa, HI",
6083980000,"Goleta, CA",
35021000100,"Mosquero, NM",
12099005939,"Delray Beach, FL",
72127003700,"San Juan, PR",
6061022300,"Homewood, CA",
72025202702,"Caguas, PR",
72153750202,"Yauco, PR",
36081071600,"Queens County, NY",
8005015300,,
22019980000,"Lake Charles, LA",
4013815800,"Power Ranch, Gilbert, AZ",
72119130402,"Río Grande, PR",
19013002303,"Cedar Falls, IA",
5119003205,"North Little Rock, AR",
72021032301,"Bayamón, PR",
72127001800,"San Juan, PR",
4017964201,"Heber, Heber-Overgaard, AZ",
72123952900,"Salinas, PR",
8037000701,"Vail, CO",
20091980003,"Shawnee, KS",
8093000300,"Fairplay, CO",
34031371502,,
16013960500,"Sun Valley, ID",
36061021703,"Harlem, New York, NY",
39165031700,"Lebanon, OH",
72127005215,"San Juan, PR",
9013881200,"Storrs, Mansfield, CT",
37097040500,,
48113980100,"Dallas, TX",
72027320200,"Camuy, PR",
12099001912,"Century Village, West Palm Beach, FL",
8041004402,"Colorado Springs, CO",
72119130200,"Río Grande, PR",
72101955402,"Morovis, PR",
18035000902,"Muncie, IN",
72119130500," County, PR",
36119000104,"Ludlow, Yonkers, NY",
47189015631,,
17089890301,,
1101005612,"Montgomery, AL",
72021031641,"Bayamón, PR",
72023830504,"Cabo Rojo, PR",
72127010002,"San Juan, PR",
72133953300,"Santa Isabel, PR",
37081980100,"Greensboro, NC",
36081156700,"Queens County, NY",
39049755600,,
72021032000,"Bayamón, PR",
72005400900,"Aguadilla Pueblo, PR",
6009000503,"Arnold, CA",
8031004107,"Northeast, Denver, CO",
39035980500,"Riverside, Cleveland, OH",
72025202500,"Caguas, PR",
48029980002,"Southside, San Antonio, TX",
72035260400,"Cayey, PR",
72053150102,"Fajardo, PR",
20209040002,"Central Industrial District, Kansas City, KS",
6029004601,"Delano, CA",
72115330200,"Quebradillas, PR",
26163985900,"Poletown East, Detroit, MI",
56021980801,"Cheyenne, WY",
72051540100,"Dorado, PR",
4013040529,"Sun City Grand, Surprise, AZ",
36005016300,"Bronx County, NY",
48055010907,,
51165000401,,
72127009602,"San Juan, PR",
5069000102,"England, AR",
37129920202,,
37063980100,"Durham, NC",
26107981300,"Big Rapids, MI",
47145980100,"Lenoir City, TN",
48029172005,"Far West Side, San Antonio, TX",
72127008602,"Urbanización Villa Nevarez, San Juan, PR",
27109490400,,
48027022402,"Killeen, TX",
72003430602,"Aguada, PR",
30107000100,"Judith Gap, MT",
30019020300,"Scobey, MT",
51001980100,"Chincoteague Island, VA",
72103170400,"Naguabo, PR",
48263950100,"Jayton, TX",
72025200700,"Caguas, PR",
37159061302,,
15003981300,"Honolulu, HI",
6017031900,"Kyburz, CA",
72077500402,"San Lorenzo, PR",
36081029900,"Queens County, NY",
72091570201,"Manatí, PR",
11001000201,"Georgetown, Washington, DC",
72127002600,"San Juan, PR",
37133000500,"Camp Lejeune, NC",
72029100101,"Canóvanas, PR",
72013301500,"Arecibo, PR",
72113070300,"Ponce, PR",
51025930202,"Lawrenceville, VA",
48453000203,"Triangle State, Austin, TX",
72137121701,"Brisas del Campanero, Toa Baja, PR",
25015822000,"Northampton, MA",
2060000100,"Naknek, AK",
12055980200,"Sebring, FL",
72137122400,"Toa Baja, PR",
45091060600,"Rock Hill, SC",
72005400600,"Aguadilla Pueblo, PR",
72127008900,"San Juan, PR",
8113968103,"San Miguel County, CO",
72137122001,"Toa Baja, PR",
29189107300,,
19169001200,"Ames, IA",
37183980200,"Umstead, Cary, NC",
48245011202,"Beaumont, TX",
30041040100,"Hingham, MT",
72145560204,"Vega Baja, PR",
72123953000,"Salinas, PR",
72133953500,"Santa Isabel, PR",
6037980021,"Lake View Terrace, Los Angeles, CA",
47009980200,"Townsend, TN",
15007040104,"Kapaa, HI",
42027981202,"Bellefonte, PA",
72031051102,"Carolina, PR",
39009973901,"Athens, OH",
72145560500,"Vega Baja, PR",
8014060000,,
6037206020,"Central LA, Los Angeles, CA",
51059300200,,
42003980600,"Manchester, Pittsburgh, PA",
24510100300,"Penn - Fallsway, Baltimore, MD",
72129220402," County, PR",
12099005944,"Delray Beach, FL",
26161411100,"Ypsilanti, MI",
72149720502,"Villalba, PR",
31009972400,"Dunning, NE",
4013615500,"Village Square At Westbrook Village, Peoria, AZ",
49005000702,"Logan, UT",
15003008610,"Kapolei, HI",
21227010400,"Bowling Green, KY",
72113072600," County, PR",
21221980100,"Benton, KY",
6013351103,"Rossmoor, Walnut Creek, CA",
36047001800,"Kings County, NY",
51161003000,,
72069180202,"Humacao, PR",
55025001603,"Madison, WI",
6001422600,"Berkeley, CA",
72061040200,"Guaynabo, PR",
72147950500,"Vieques, PR",
72031050222,"Sabana Abajo, Carolina, PR",
72149720503,"Villalba, PR",
72119130102,"Río Grande, PR",
72035260901,"Cayey, PR",
72025201500,"Caguas, PR",
36065980100,"Rome, NY",
72045952000,"Comerío, PR",
49009960100,"Daggett County, UT",
72025201600,"Caguas, PR",
22033980000,"Scotlandville, Baton Rouge, LA",
72053150104,"Fajardo, PR",
6037980023,"West Hills, Los Angeles, CA",
17111864303,,
42003980100,"Highland Park, Pittsburgh, PA",
72047530100," County, PR",
42003980400,"Perry North, Pittsburgh, PA",
72025202402,"Caguas, PR",
36095740300,"Cobleskill, NY",
72113073009,"Ponce, PR",
36067004302,"Eastside, Syracuse, NY",
48121021517,"Lewisville, TX",
37063001503,"Durham, NC",
28121980000,"Pearl, MS",
72069180600,"Humacao, PR",
6037980028,"Los Angeles, CA",
72091570600,"Manatí, PR",
27163070801,"Bayport, MN",
53075000100,"Pullman, WA",
8101000903,"University, Pueblo, CO",
72137122100,"Toa Alta, PR",
72139060404,"Trujillo Alto, PR",
72127009603,"San Juan, PR",
4013813700,"Sun Lakes, AZ",
6071011206,"Big Bear Lake, CA",
8037000401,"Edwards, CO",
15003980600,"Waianae, HI",
72061040442,"Guaynabo, PR",
32003003624,"North Las Vegas, NV",
72057270500,"Guayama, PR",
72097081512,"El Mani, Mayagüez, PR",
72143550601,"Vega Alta, PR",
37119000300,"Charlotte, NC",
72127007300,"San Juan, PR",
6037504102,"Norwalk, CA",
36013035902,"Fredonia, NY",
72139060502,"Trujillo Alto, PR",
42045409702,"Villanova, PA",
72021030105,"Bayamón, PR",
12099005940,"Delray Beach, FL",
6059980000,"Anaheim Resort, Anaheim, CA",
72011810500,"Anasco, PR",
48453002319,"Del Valle, Austin, TX",
36041950100,"Long Lake, NY",
72013301900,"Arecibo, PR",
26057000400,"St. Louis, MI",
72065310400,"Arecibo, PR",
72033980003,"Catano, PR",
37097051901,,
6037265304,"Westwood, Los Angeles, CA",
6071012300,"Amber Hills, Highland, CA",
6037980031,"San Pedro, Los Angeles, CA",
72077500100,"Juncos, PR",
12081001704,"Longboat Key, FL",
8123002011,"Erie, CO",
12086980400,"Downtown Miami, Key Biscayne, FL",
72145560100,"Vega Baja, PR",
72131958900,"San Sebastián, PR",
12057014012,"Kings Point Condo, Sun City Center, FL",
31183973600,"Bartlett, NE",
72057270800,"Guayama, PR",
32003003211,"Summerlin, Las Vegas, NV",
72061040432,"Guaynabo, PR",
12099005935,"Delray Beach, FL",
36019101100,"Plattsburgh, NY",
72113071401,"Ponce, PR",
6029004302,"Wasco, CA",
72013300200,"Arecibo, PR",
8005007107,"Aurora, CO",
36065026500,"Utica, NY",
36065980003,"Utica, NY",
72043954500,"Coamo, PR",
42003980900,"Pittsburgh, PA",
72055960900,"Guanica, PR",
39097041000,"London, OH",
40027200700,"Norman, OK",
6059052518,"Irvine Spectrum Center, Irvine, CA",
34029731204,"Holiday Heights, Toms River, NJ",
12086009040,"Medley, FL",
27109000100,"Downtown, Rochester, MN",
8037000502,"Avon, CO",
72005401100,"Aguadilla Pueblo, PR",
72127002900,"San Juan, PR",
72113070900,"Ponce, PR",
72127005500,"San Juan, PR",
6037222700,"South Los Angeles, Los Angeles, CA",
30033000100,"Jordan, MT",
72135510701,"Toa Alta, PR",
29510219600,,
72013301000,"Arecibo, PR",
12086009043,"Doral, FL",
72129220700,"San Lorenzo, PR",
42027012100,"University Park, State College, PA",
6037980019,"Pacific Palisades, Los Angeles, CA",
72003430402,"Moca, PR",
72153750502,"Yauco, PR",
72063210400,"Gurabo, PR",
32005001700,"Glenbrook, NV",
4021002102,"Eloy, AZ",
72013300301,"Bajadero, PR",
30073000100,,
72127009121,"San Juan, PR",
42101980700,"South Philadelphia, Philadelphia, PA",
72039955800,"Ciales, PR",
50019957700,,
30067980600,"Gardiner, MT",
17113000200,"Normal, IL",
72139060212,"Trujillo Alto, PR",
72037160201,"Ceiba, PR",
36061031900,"Lower Manhattan, New York, NY",
8014060800,,
22115950701,"Fort Polk, Fort Polk South, LA",
36061010100,"Midtown, New York, NY",
72145560900,"Morovis, PR",
72105520300,"Bayamón, PR",
72151950600,"Comunas, PR",
72061040900,"Bayamón, PR",
72063210100,"Trujillo Alto, PR",
72069180100,"Punta Santiago, PR",
28075980000,"Meridian, MS",
55073950100,,
40109107101,"Southwest Oklahoma City, Oklahoma City, OK",
72031050831,"Hoyo Mulas, Carolina, PR",
53053072906,"Joint Base Lewis-McChord, WA",
72013300302,"Arecibo, PR",
30031001600,"Gallatin Gateway, MT",
53059950100,"Carson, WA",
8049000202,"Tabernash, CO",
39017010104,"Mile Square, Oxford, OH",
72097081200,"Mayagüez, PR",
72145560702,"Vega Baja, PR",
72125840500,"San German, PR",
6073017014,"Rancho Bernardo, San Diego, CA",
6061022100,"Tahoe City, CA",
6059052404,"Irvine Industrial Complex-East, Lake Forest, CA",
42101980300,"Northeast Philadelphia, Philadelphia, PA",
36081079300,"Queens County, NY",
20091980001,"Lenexa, KS",
72061040102,"Guaynabo, PR",
72051540400,"Dorado, PR",
37119980300,"Second Ward, Charlotte, NC",
72097081300,"Mayagüez, PR",
72021031503,"Bayamón, PR",
72069180901,"Humacao, PR",
29510217000,,
42041981606,"Grantham, PA",
72127005602,"San Juan, PR",
4013612200,"Norterra, Phoenix, AZ",
72097080300,"Mayagüez, PR",
72069180302,"Humacao, PR",
53035081400,"Bremerton, WA",
51153900502,"Woodbridge, VA",
8031980100,"Montbello, Denver, CO",
72151951000,"Yabucoa, PR",
4021001710,"Maricopa, AZ",
72019952301,"Orocovis, PR",
51620200400,,
29165030307,"Platte City, MO",
51003030200,,
72075710600,"Juana Díaz, PR",
39049980000,"Columbus, OH",
72021031651,"Bayamón, PR",
72087110301,"Santillana del Mar, Río Grande, PR",
72111730800,"Ponce, PR",
48085030521,"Panther Creek Estates, Frisco, TX",
22071004402,"Treme - Lafitte, New Orleans, LA",
21111980100,"Louisville, KY",
48085030513,"McKinney, TX",
4013723303,"Goodyear, AZ",
12111980000,"Fort Pierce, FL",
36059981100,"Greenvale, NY",
48439980000,"Grapevine, TX",
72101955500,"Morovis, PR",
48201454400,"George Bush Park/Eldridge, Houston, TX",
72085190302,"Las Piedras, PR",
51820070600,,
8117000401,"Breckenridge, CO",
72127004600,"San Juan, PR",
28047980000,"Gulfport, MS",
8117000402,"Breckenridge, CO",
42101989100,"Holmesburg, Philadelphia, PA",
72139060102,"Trujillo Alto, PR",
72059740101,"Guayanilla, PR",
12001001519,"Gainesville, FL",
72131959000,"San Sebastián, PR",
72031050600,"Carolina, PR",
42101012203,"Wynnefield Heights, Philadelphia, PA",
72005400300,"Aguadilla Pueblo, PR",
13053020206,"Cusseta, GA",
8041004403,"Colorado Springs, CO",
72021031703,"Bayamón, PR",
72027320401,"Camuy, PR",
72077500401,"Juncos, PR",
18157010400,"West Lafayette, IN",
72021031201,"Bayamón, PR",
72137122002,"Toa Alta, PR",
32003002303,"Las Vegas, NV",
48375980000,"Amarillo, TX",
72113071800,"Ponce, PR",
72025200600,"Caguas, PR",
72007230502,"Caguas, PR",
72041240101,"Cidra, PR",
6061021039,"Sun City, Roseville, CA",
18141011202,"Notre Dame, IN",
36005027600,"Bronx County, NY",
72041240500,"Cidra, PR",
35031973100,"Ramah, NM",
72127001200,"San Juan, PR",
36005028400,"Bronx County, NY",
22079980000,"Alexandria, LA",
24003740400,"Jessup, MD",
72127007004,"San Juan, PR",
12011030705,"Coconut Creek, FL",
72081958000,"Lares, PR",
2282000100,"Yakutat, AK",
72011810300,"Añasco, PR",
25015820600,"Amherst Center, Amherst, MA",
36055980100,"East Irondequoit, Rochester, NY",
51820070500,,
72125840400,"San Germán, PR",
72025202000,"Caguas, PR",
72127006800,"San Juan, PR",
72031051103,"Carolina, PR",
39101010202,"Marion, OH",
42049980109,"Albion, PA",
26099982200,"Warren, MI",
48355002706,"Bay Area, Corpus Christi, TX",
42101036900,"University City, Philadelphia, PA",
72021031123,"Bayamón, PR",
72021031011,"Bayamón, PR",
29510216900,,
12057980300,"New Tampa, Thonotosassa, FL",
72127009122,"San Juan, PR",
26161400800,"Old Fourth Ward, Ann Arbor, MI",
6041122000,"San Quentin, CA",
72127001900,"San Juan, PR",
4021001709,"Maricopa, AZ",
17031381700,"Bronzeville, Chicago, IL",
72127008202,"San Juan, PR",
17109010500,"Macomb, IL",
31091956700,"Mullen, NE",
72009250400,"Aibonito, PR",
18019071005,,
22017980000,"Mooretown and Hollywood Heights, Shreveport, LA",
19153011600,"Southwestern Hills, Des Moines, IA",
25017353102,"Area 2/MIT, Cambridge, MA",
45079002900,"Midtown - Downtown, Columbia, SC",
37141920101,"Holly Ridge, NC",
54011000500,"Huntington, WV",
72075710301,"Juana Díaz, PR",
72127006700,"San Juan, PR",
36081128300,"Queens County, NY",
31075956300,"Hyannis, NE",
8123002005,"Dacono, CO",
6065940100,"Parker, CA",
48491001714,,
72059740200,"Guayanilla, PR",
13059000401,"Athens, GA",
72129220502,"San Lorenzo, PR",
72127005101,"San Juan, PR",
72055961300,"Guánica, PR",
51590980100,"Danville, VA",
72065310100,"Arecibo, PR",
12057980700,"Lutz, FL",
72031050803,"Hoyo Mulas, Carolina, PR",
72153750503,"Yauco, PR",
72021031004,"Bayamón, PR",
72053150601,"Fajardo, PR",
48061980001,"Harlingen, TX",
72151950800,"Yabucoa, PR",
72143550500,"Vega Alta, PR",
42079980100,"West Hazleton, PA",
6073006300,"Midway District, San Diego, CA",
72007230400,"Cidra, PR",
13063980000,"Atlanta, GA",
72097081522,"Mayagüez, PR",
55025001606,"Madison, WI",
25025981000,"Roslindale, Boston, MA",
13063070109,,
17177020100,,
72151950900,"Yabucoa, PR",
36067005602,"Eastside, Syracuse, NY",
37129980100,"Wilmington, NC",
72127006500,"San Juan, PR",
12001000902,"Gainesville, FL",
72085190301,"Las Piedras, PR",
56039967701,"Jackson, WY",
72099420100,"Moca, PR",
72127003200,"San Juan, PR",
72021031021,"Bayamón, PR",
72153750602,"Yauco, PR",
34029731206,"Holiday City-Berkeley, Toms River, NJ",
8123002006,"Brighton, CO",
72047530400,"Corozal, PR",
72113070502,"Ponce, PR",
72051540700,"Toa Alta, PR",
25015820400,"Amherst Center, Amherst, MA",
72005401200,"Aguadilla Pueblo, PR",
72021031502,"Bayamón, PR",
72127002500,"San Juan, PR",
72137121400,"5ta Sección, Toa Baja, PR",
48245011302,"Beaumont, TX",
6107004000,"Porterville, CA",
32003003625,"North Las Vegas, NV",
72085190101,"Las Piedras, PR",
72021030103,"Bayamón, PR",
31109003500,"Lincoln, NE",
29510219800,,
4013980100,"Maricopa County, AZ",
31109000600,"Lincoln, NE",
12099007100,"Boca Raton, FL",
55101980000,"Union Grove, WI",
8113968101,"Telluride, CO",
36119985000,"Purchase, Port Chester, NY",
51650011400,"Phoebus, Hampton, VA",
12057010900,"Tampa, FL",
48027980001,"Killeen, TX",
72109290100,"Patillas, PR",
20209042501,"Armourdale, Kansas City, KS",
72149720100,"Villalba, PR",
72021031301,"Bayamón, PR",
48085031657,"Legacy Town Center North, Plano, TX",
72101955202,"Morovis, PR",
72029100103,"Canóvanas, PR",
51700010400,,
12099007746,"Boca Raton, FL",
72021031121,"Bayamón, PR",
48113001701,"Arts District, Dallas, TX",
4013061021,"Dysart Ranch, Litchfield Park, AZ",
39129021300,"Orient, OH",
12011010403,"Century Village, Deerfield Beach, FL",
25025010300,"Fenway/Kenmore, Boston, MA",
47157980300,"Memphis, TN",
72035260500,"Cayey, PR",
72079850200,"Lajas, PR",
2122000100,"Tyonek, AK",
8037000402,"Edwards, CO",
72021032200,"Bayamón, PR",
49035112818,"Riverton, UT",
6013355115,"San Ramon, CA",
72063210504,"Gurabo, PR",
36061031100,"Upper Manhattan, New York, NY",
72097081100,"Mayagüez, PR",
26065980000,"East Lansing, MI",
72043953900,"Coamo, PR",
2185000300,"Anchorage, AK",
13215010606,"Columbus, GA",
72121960800,"Guanica, PR",
51161000300,,
72081957700,"Lares, PR",
41051980000,"North Portland, Portland, OR",
6037320000,"North Hollywood, Universal City, CA",
54047954000,"Paynesville, WV",
2105000200,"Haines, AK",
36059059200,,
12119910900,"Wildwood, FL",
47125980100,"Fort Campbell, TN",
4013071504,"Sun City, AZ",
72113071000,"Ponce, PR",
39095010400,"Ottawa, Toledo, OH",
12086980700,"Homestead, FL",
48309980000,"North Lake Waco, Waco, TX",
72117959500,"Bajío, PR",
36081060701,"Queens County, NY",
36039080800,"Coxsackie, NY",
72153750501,"Yauco, PR",
22073980000,"Monroe, LA",
12086980200,"Miami, FL",
72027320402," County, PR",
72071410702," County, PR",
72139060213,"Trujillo Alto, PR",
13121003700,"The Villages of Castleberry Hill, Atlanta, GA",
48319950200,"Mason, TX",
6061020106,"Tahoe Vista, CA",
6055200900,"Napa, CA",
47149041500,"Murfreesboro, TN",
4012020502,"Quartzsite, AZ",
51710980300,"Virginia Beach, VA",
48473680400,"Prairie View, TX",
72017590400,"Barceloneta, PR",
48121021522,"Lakeside At Lone Star Ranch, Frisco, TX",
36001000404,"Albany, NY",
8111972600,"Silverton, CO",
72125840700,"San Germán, PR",
32003003210,"Summerlin, Las Vegas, NV",
26099982100,"Harrison charter Township, MI",
15005031900,"Kalaupapa, HI",
72023830603,"Cabo Rojo, PR",
8053973100,"Lake City, CO",
72141957400,"Utuado, PR",
72141957200,"Utuado, PR",
72013301700,"Arecibo, PR",
55025001101,"Madison, WI",
72087110101,"Río Grande, PR",
72051540500,"Dorado, PR",
72053150200,"Fajardo, PR",
72127010032,"San Juan, PR",
72135510300,"Toa Alta, PR",
72105520100,"Bayamón, PR",
6061022014,"Olympic Valley, CA",
26163985100,"Milwaukee Junction, Detroit, MI",
72143550400,"Vega Alta, PR",
36047054300,"Kings County, NY",
72029100601,"Canóvanas, PR",
72027320100," County, PR",
72113073002,"Ponce, PR",
72139060103,"Trujillo Alto, PR",
72031050231,"Sabana Abajo, Carolina, PR",
40027201202,"Norman, OK",
26049980000,"Flint, MI",
24003980000,"Linthicum Heights, MD",
72125840100,"San Germán, PR",
8059980400,"Jefferson County, CO",
72137121001,"Sabana Seca, PR",
36047040700,"Kings County, NY",
6065981000,"Blythe, CA",
37001011102,,
72105520200,"Lomas Garcia, Naranjito, PR",
72031050902,"Carolina, PR",
40045952800,"Arnett, OK",
8037000600,"Vail, CO",
22071014500,"Mid-City, New Orleans, LA",
72003430601,"Aguada, PR",
72067820300,"Hormigueros, PR",
55079186400,"Marquette, Milwaukee, WI",
42101980000,"Fairmount Park, Philadelphia, PA",
8069002803,"Estes Park, CO",
36047118000,"Kings County, NY",
36029004602,"University, Buffalo, NY",
72045951700,"Comerío, PR",
37179041601,,
26065980200,"West Lansing, Lansing, MI",
45013002101,"Daufuskie Island, SC",
22125951702,"Saint Francisville, LA",
26161984000,"Ypsilanti, MI",
72127005601,"San Juan, PR",
6037980009,"Los Angeles, CA",
29183980000,"Defiance, MO",
72127006200,"San Juan, PR",
72113073001,"Ponce, PR",
72025200200,"La Barra, Caguas, PR",
21137930700,,
1015981901,"Anniston, AL",
18105000202,"Bloomington, IN",
72139060403,"Trujillo Alto, PR",
44003980000,"Warwick, RI",
72097080800,"Mayagüez, PR",
48001950402,"Tennessee Colony, TX",
72103170100,"Naguabo, PR",
72137121200,"Bayamón, PR",
25017352101,"East Cambridge, Cambridge, MA",
72103170300,"Naguabo, PR",
36089491100,"Potsdam, NY",
51520010200,,
47157980400,"Memphis, TN",
72013301200," County, PR",
72117959600,"Aguada, PR",
6061020105,"Carnelian Bay, CA",
6071011205,"Big Bear Lake, CA",
72079850102,"Lajas, PR",
72131958700,"San Sebastián, PR",
36081061302,"Queens County, NY",
72087110600,"Campamento Piñones, Loíza, PR",
72081958400," County, PR",
31149975000,,
36047055500,"Kings County, NY",
72003430502,"Aguada, PR",
72029100800,"Juncos, PR",
40109102700,"Central Oklahoma City, Oklahoma City, OK",
17111860807,,
6037920011,"Santa Clarita, CA",
51735050205,,
48319950100,"Mason, TX",
72001956500,"Adjuntas, PR",
72135510503,"Toa Alta, PR",
51001980200,"Assawoman, VA",
72139060301,"Trujillo Alto, PR",
17019000301,"Campustown, Champaign, IL",
30101000100,"Sweet Grass, MT",
48029181729,"Far West Side, San Antonio, TX",
72119130701," County, PR",
25013812903,"Westfield, MA",
72054580100,"Florida, PR",
2198000300,"Hyder, AK",
12057980500,"Town N Country Alliance, Tampa, FL",
32003003622,"North Las Vegas, NV",
22071980000,"City Park, New Orleans, LA",
6053014104,"Marina, CA",
72091570400,"Sabana Seca, Manatí, PR",
51147930203,"Farmville, VA",
32003003231,"Providence, Las Vegas, NV",
72025200100,"Caguas, PR",
72021031124,"Bayamón, PR",
32003005824,"Summerlin West, Las Vegas, NV",
6053980000,"Salinas, CA",
72023830101,"Cabo Rojo, PR",
42119980501,"Lewisburg, PA",
36005024900,"Bronx County, NY",
4021001708,"Maricopa, AZ",
72025202404,"Caguas, PR",
72013300400,"Arecibo, PR",
36065025900,"Rome, NY",
36081022900,"Queens County, NY",
37135011601,"Chapel Hill, NC",
6037920107,"Valencia, Santa Clarita, CA",
6037980022,"Granada Hills, Los Angeles, CA",
72021030101,"Bayamón, PR",
36029940100,"Akron, NY",
72121960600,"Urbanizacion El Arrendado, Sabana Grande, PR",
51107980100,"Sterling, VA",
55079980000,"Veterans Park, Milwaukee, WI",
23021960301,"Greenville, ME",
26163985000,"Detroit, MI",
8037000501,"Avon, CO",
72113070201,"Ponce, PR",
72023830102," County, PR",
29510216800,,
39123050100,"Put-in-Bay, OH",
48029980004,"Uptown, San Antonio, TX",
72009250500,"La Plata, PR",
72031050211,"Sabana Abajo, Carolina, PR",
12119911000,"Bushnell, FL",
12057980400,"Greater Thonotosassa, Thonotosassa, FL",
72061040412,"Guaynabo, PR",
72145560401,"Vega Baja, PR",
72143550200,"Dorado, PR",
72005400800,"Aguadilla Pueblo, PR",
72135510602,"Toa Alta, PR",
12099005943,"Delray Beach, FL",
72015280202,"Arroyo, PR",
47157980200,"Memphis, TN",
26103000500,"Marquette, MI",
48201412100,"South Central Houston, Houston, TX",
72127008500,"San Juan, PR",
48113980000,"Irving, TX",